2.749098468735064671e+02
2.748415699348851149e+02
2.745540413857524982e+02
2.740144129343624968e+02
2.737196626929988952e+02
2.729296948008092158e+02
2.727185311274469655e+02
2.718728866270211029e+02
2.714471483563542051e+02
2.712706780725183080e+02
2.708918888549191024e+02
2.706741357750935890e+02
2.704157656406130172e+02
2.694867027371327595e+02
2.689813945572362854e+02
2.689550123987493748e+02
2.682440212403717510e+02
2.680847493034152649e+02
2.678985910265524808e+02
2.673411188665412510e+02
2.670723936501378262e+02
2.669128753253721698e+02
2.663157230090570806e+02
2.661939978865661942e+02
2.659084605938035111e+02
2.655100434311855793e+02
2.652422993856862945e+02
2.650013483900953588e+02
2.648704470699389617e+02
2.644549814279669135e+02
2.644243803189492610e+02
2.643576244789441603e+02
2.642771886505668704e+02
2.641726928070506233e+02
2.640562011330494556e+02
2.638173595752259075e+02
2.637405970782225495e+02
2.636792960484971786e+02
2.636771655878775960e+02
2.636701065296413162e+02
2.635411740391896274e+02
2.634589137557623530e+02
2.632928852593976217e+02
2.631829340897806446e+02
2.631122925889638395e+02
2.629301172371202142e+02
2.628522838248226208e+02
2.628052632198348419e+02
