2.014327108912402764e+02
2.015139295914843558e+02
2.018467263168057855e+02
2.024519380121474796e+02
2.027814099179433640e+02
2.036894305032146235e+02
2.039418427562365252e+02
2.050035561740302228e+02
2.055691914038170012e+02
2.058095235173848607e+02
2.063368371387601883e+02
2.066471436147846248e+02
2.070224265700394710e+02
2.084431663058111894e+02
2.092682834272768559e+02
2.093124339984773883e+02
2.105440658730440759e+02
2.108318763629996226e+02
2.111746662034645681e+02
2.122509318592470606e+02
2.128023915379246489e+02
2.131414305725386953e+02
2.144905037827553826e+02
2.147799770297028488e+02
2.154759609484421787e+02
2.164880705684091993e+02
2.172027935281521991e+02
2.178791974908030795e+02
2.182627980491204198e+02
2.195643693023731089e+02
2.196651626487539204e+02
2.198871577838109772e+02
2.201582998226622578e+02
2.205160734724080669e+02
2.209217429384192144e+02
2.217751282583575687e+02
2.220558282039010578e+02
2.222823786784539379e+02
2.222902911200057474e+02
2.223165270217269267e+02
2.228008207709550561e+02
2.231147609417830893e+02
2.237587341971701278e+02
2.241910797166943325e+02
2.244706102926932942e+02
2.251975684983697477e+02
2.255126551602462825e+02
2.257055250087747709e+02
