4.659221822620456805e+02
4.660309220378306350e+02
4.664764974407577824e+02
4.672868212981381362e+02
4.677279555729629124e+02
4.689437128103502914e+02
4.692816698081376217e+02
4.707032105571780107e+02
4.714605479063302482e+02
4.717823322276531712e+02
4.724883605616545310e+02
4.729038347897312633e+02
4.734063072475942135e+02
4.753085616054420939e+02
4.764133276480442873e+02
4.764724417659102755e+02
4.781215003702133117e+02
4.785068564096602586e+02
4.789658257372882417e+02
4.804068641559723005e+02
4.811452277737834606e+02
4.815991762277076305e+02
4.834054894137366887e+02
4.837930740128128946e+02
4.847249484491447902e+02
4.860800935233788209e+02
4.870370590017026302e+02
4.879427191507799648e+02
4.884563354476833865e+02
4.901990553945737474e+02
4.903340110809870112e+02
4.906312479827801099e+02
4.909942894013308887e+02
4.914733254720055697e+02
4.920164934811651847e+02
4.931591552540929229e+02
4.935350236340618721e+02
4.938383950906093673e+02
4.938489907846705478e+02
4.938841238706114041e+02
4.945326914758722410e+02
4.949531719161281558e+02
4.958158649397283853e+02
4.963952197884142947e+02
4.967698755090062264e+02
4.977444342307986744e+02
4.981668497054377553e+02
4.984253768882039708e+02
