0.000000000000000000e+00 4.088952706799999248e+01
1.316465851067993499e+05 7.273785787053390095e+01
1.520333395972707367e+05 1.194024401397211506e+02
1.699475909108311753e+05 1.588654021917858472e+02
1.865147146984210995e+05 1.942871505704247852e+02
2.022913518874051224e+05 2.237993265586501934e+02
2.175992543867124477e+05 2.501299248536147104e+02
2.324336113690114289e+05 2.748212575181541979e+02
2.468110461887430865e+05 2.984089771707073169e+02
2.607684867580664286e+05 3.210197785626589848e+02
2.747629541119768401e+05 3.333278133414173681e+02
2.891339817582004471e+05 3.437365583957197828e+02
3.035037629756464739e+05 3.542717191344207208e+02
3.177204481116149109e+05 3.649545634127454150e+02
3.317470641369565274e+05 3.756305831581950656e+02
3.455861566419627052e+05 3.862261801622820485e+02
3.601474848356743460e+05 3.777400179959444699e+02
3.777741306672584615e+05 3.519135430867541459e+02
5.427293792823121184e+05 7.564882355006346870e+01
6.569309728258207906e+05 7.551762690035765502e+01
6.819302402516879374e+05 1.015746600895993907e+02
7.039389570809361758e+05 1.272705778264175933e+02
7.233396916505350964e+05 1.571574803771261770e+02
7.410266444020681083e+05 1.858049214483795311e+02
7.576712722708508372e+05 2.127605147065908966e+02
7.735401366359423846e+05 2.383336334566793653e+02
7.892742820040470688e+05 2.500222285332595220e+02
8.075885460111227585e+05 2.396892851530233770e+02
8.348685750095446128e+05 2.103342320386659026e+02
1.061103954173207749e+06 5.832871996685010885e+01
1.092527550124702742e+06 9.260239232337517024e+01
1.114823466587075964e+06 1.198293583662106272e+02
1.135420531600727467e+06 1.406671230202948095e+02
1.157822873013227480e+06 1.391504650178442546e+02
1.206958942917064764e+06 1.022905675262956890e+02
1.552174174771755002e+06 1.816941555837585298e+01
1.980384681073863292e+06 8.678773994322330765e+00
2.028175422600158490e+06 9.790690018866462196e+01
2.044218285425410606e+06 1.641307497106564028e+02
2.058622006711115828e+06 2.189344077047196038e+02
2.072062514554712689e+06 2.676435625924066812e+02
2.084946317129690433e+06 3.059513663154447727e+02
2.097801815641246736e+06 3.356106599968824753e+02
2.110522115622752346e+06 3.627708325700959904e+02
2.122987482390214689e+06 3.886778730997806406e+02
2.135171170262472238e+06 4.136926651830893888e+02
2.147081298897749279e+06 4.379896487590604011e+02
2.158735398855025414e+06 4.616751261611661903e+02
2.170435419481226243e+06 4.732749404742937713e+02
2.182788361258690711e+06 4.769038876011924231e+02
2.195604280593413860e+06 4.790668853868845645e+02
2.208833006124660838e+06 4.778000242979917402e+02
2.222463247452535201e+06 4.754547632545965143e+02
2.236368373475820292e+06 4.728503264415169269e+02
2.250460270535076968e+06 4.694197817151022036e+02
2.265086840163041838e+06 4.609867937067588173e+02
2.280451056834522169e+06 4.518170114260472587e+02
2.296442207562752999e+06 4.423457448862753267e+02
2.313006444854692090e+06 4.325657929773250316e+02
2.330135626468507573e+06 4.224835723492014949e+02
2.349402937463670503e+06 3.965490269314913121e+02
2.513467844447541051e+06 8.998624642442489119e+01
2.932799979819014668e+06 1.224177919769036649e+01
3.178723084740412422e+06 2.895808576526485467e+01
3.213774176677813753e+06 5.398282934997297389e+01
3.238951983264715876e+06 9.381065011162718292e+01
3.259234253439267166e+06 1.296462877336150825e+02
3.277682758345783222e+06 1.616491431968634060e+02
3.295356148279698100e+06 1.816540697887958231e+02
3.315663495441743173e+06 1.771118526612241340e+02
3.344805844210544135e+06 1.538563767269341724e+02
3.693712497468755115e+06 1.454791966201072029e+01
4.178030124394296668e+06 7.097626108475303397e+00
4.341562692430970259e+06 1.396301502305755449e+01
4.396006178291856311e+06 3.110823906761303093e+01
4.438733000512489118e+06 3.694150572379636799e+01
4.585157802502206527e+06 2.522445159944797410e+01
4.621937248441640288e+06 8.371413328013890975e+01
4.641280362397002056e+06 1.306358714471046767e+02
4.658565640643049963e+06 1.700657331088892192e+02
4.674976008844654076e+06 1.961510962898766763e+02
4.693423481883407570e+06 1.979069647386939437e+02
4.714322397691763937e+06 1.959765109405234966e+02
4.736683398735126480e+06 1.935451152954197482e+02
4.759904508762335405e+06 1.909802701367717361e+02
4.783557124208769761e+06 1.886741292718677698e+02
4.807664429079700261e+06 1.855264575481266149e+02
4.832458969583086669e+06 1.817856812200400043e+02
4.856007113974272273e+06 1.911960264872450637e+02
4.875774340243352577e+06 2.040397441475667222e+02
4.893903646670253016e+06 2.201730977599148957e+02
4.911017238967426121e+06 2.364382135349673035e+02
4.927514949354110286e+06 2.519136708484339806e+02
4.944240155341179110e+06 2.576516996208254682e+02
4.961665791888936423e+06 2.617611514728230304e+02
4.979331411836081184e+06 2.655122529408864693e+02
4.997025467890537344e+06 2.692753172325354853e+02
5.014658431701578200e+06 2.729255002137938391e+02
5.031285308847719803e+06 2.882454791344421210e+02
5.046720652056009509e+06 3.026228548743706028e+02
5.061744879817866720e+06 3.156342009766141814e+02
5.076532022368101403e+06 3.279348067840058434e+02
5.091113876646525227e+06 3.397898579461146937e+02
5.105667211659044027e+06 3.454735732461205089e+02
5.121564954550897703e+06 3.364682378266578553e+02
5.140488648991242051e+06 3.182778616076100207e+02
5.168166083442669362e+06 2.900432078422443283e+02
5.441766652133344673e+06 2.697913214237028967e+01
5.935920032604772598e+06 7.101993175670354930e+00
6.348530991056162864e+06 4.480440420344100616e+00
6.605679749553268775e+06 3.992165769294710564e+00
6.947254228262408637e+06 2.802578418989545295e+00
7.229212251230711117e+06 2.694127748512577192e+00
7.592091980587832630e+06 2.077816760990485179e+00
7.723276098391903564e+06 4.614027094325157563e+00
7.798761363169747405e+06 1.496398508964058927e+01
7799206.096865292 14.987931676442201
7799651.369369027 15.01073015192704
7800097.212308055 15.032395309861576
7800543.656230059 15.052941749538476
7800990.7417007545 15.072384260617252
7801438.510192727 15.090737178318781
7801886.99940814 15.10801447055597
7802336.249449725 15.124229662863474
7802786.322501338 15.13939626664098
7803237.316163941 15.153527833700503
7803689.270816024 15.166636378284618
7804142.222872395 15.178733683880171
7804596.208261461 15.189831209699234
7805051.262639104 15.199940087401746
7805507.42143595 15.209071128887308
7805964.719887206 15.217234834077685
7806423.1930601625 15.224441398471802
7806882.875879466 15.230700720468265
7807343.803155056 15.236022408627894
7807806.009607955 15.240415788695659
7808269.529899085 15.24388991050848
7808734.398657866 15.24645355460078
7809200.65008217 15.248115238321345
7809668.31632237 15.248883218657372
7810137.432130002 15.248765494414942
7810608.032436044 15.247769819881858
7811080.152279357 15.2459037112569
7811553.826831675 15.243174451299682
7812029.091427307 15.239589093687647
7812505.981594161 15.235154467080548
7812984.533083403 15.229877178715242
7813464.781900689 15.223763617793017
7813946.764337656 15.216819958939437
7814430.522584446 15.209052128529285
7814916.124440816 15.20046573287267
7815403.607163249 15.191066374746786
7815893.0075800605 15.180859426406704
7816384.3629949875 15.16985004157306
7816877.711253113 15.158043159396579
7817373.090590733 15.145443504894123
7817870.539427185 15.132055586191807
7818370.097435503 15.11788370182296
7818871.804956067 15.102931943303933
7819375.703007424 15.087204194175332
7819881.83332103 15.07070412930097
7820390.238378255 15.053435213837918
7820900.961451172 15.03540070169251
7821414.046644479 15.016603634761571
7821929.538940649 14.997046834534142
7822447.484247179 14.976732903995986
7822967.929443739 14.955664397102474
7823490.922440193 14.933843771117608
7824016.51223224 14.911272856340359
7824544.748947721 14.88795331677114
7825075.683903524 14.863886482261874
7825609.369666386 14.839073461050878
7826145.86012284 14.813515100305487
7826685.210631412 14.787212024327262
7827227.478067491 14.760164903996802
7827772.720886666 14.732373555659624
7828320.999170797 14.703837757959423
7828872.374762311 14.674557169661925
7829426.911264683 14.644531233189698
7829984.674195682 14.61375918660314
7830545.731102355 14.582240093311704
7831110.151678542 14.549972903634849
7831678.007889478 14.516956539544369
7832249.37410275 14.483190029404199
7832824.327229946 14.448672715503221
7833402.946880487 14.413404599002419
7833985.315526454 14.377386888727067
7834571.518682479 14.340622928583516
7835161.64510841 14.303119784100447
7835755.787042991 14.26489113740785
7836354.040496761 14.225962891009857
7836956.5056504635 14.186384994247149
7837563.287515244 14.146259530222816
7838174.497288508 14.105820272835444
7838790.255962536 14.065735862871499
7839410.707736018 14.029287408461773
7840036.112570102 14.050372293760407
7840668.821146212 13.993278626800501
7841305.190792174 13.94098524120658
7841944.381624936 13.886694778439455
7842586.784411479 13.832340624169642
7843233.18152272 13.777601952104703
7843884.353462267 13.722470793776202
7844540.971301564 13.666882905409036
7845203.586036498 13.610795417972346
7845872.65000633 13.55417046828292
7846548.543524769 13.496976758763271
7847231.598773661 13.439186549508213
7847922.117447323 13.380774642562931
7848620.379644622 13.321717842925679
7849326.667629313 13.26199268778908
7850041.267281675 13.201575546984595
7850764.473696115 13.140442202087991
7851496.596122138 13.078567306026816
7852237.962180649 13.015923855681418
7852988.921693447 12.952483018650902
7853749.850422901 12.888213808229462
7854521.15395382 12.823082597433162
7855303.271864439 12.757052810208197
7856096.682409316 12.69008585288607
7856901.907974169 12.622138920733548
7857719.521273825 12.553164513310504
7858550.152625106 12.483110833957424
7859394.498758163 12.411922618748314
7860253.335416593 12.33953581545555
7861127.528905713 12.265878624987364
7862018.051096442 12.19087011542805
7862925.999060672 12.108444719400822
