5.258086406765568377e+00
5.258229767542274224e+00
5.257311052524501704e+00
5.251279433644511663e+00
5.246785023345237775e+00
5.234985956026871001e+00
5.232626533494443066e+00
5.229731261867762271e+00
5.232668739959159154e+00
5.234616257586507615e+00
5.239753684452368887e+00
5.242990975437266776e+00
5.246748331070532068e+00
5.254876217024800233e+00
5.254044232912269408e+00
5.253916807537758693e+00
5.250037716505508101e+00
5.249738508421303962e+00
5.250041500570566733e+00
5.256739427723642777e+00
5.263398955677681457e+00
5.268232675244876262e+00
5.287791730511925969e+00
5.291072053918663087e+00
5.296440252930243453e+00
5.297736493811982861e+00
5.295690851318352266e+00
5.293844220455780736e+00
5.293639503238647848e+00
5.301095455524713174e+00
5.302231171218613426e+00
5.304969408248664031e+00
5.308686743337506897e+00
5.314016694293356657e+00
5.320246994495307469e+00
5.331688676108575109e+00
5.334369424472358290e+00
5.336004916002426768e+00
5.336053034333366085e+00
5.336208163529605031e+00
5.337848517966180317e+00
5.337739299034263141e+00
5.335515646711168181e+00
5.333742465663841692e+00
5.333203897891896084e+00
5.337831949529348918e+00
5.344381297487241333e+00
5.350310466514526908e+00
