1.873380766100817141e+01
1.873849987242890691e+01
1.875104834731213543e+01
1.875330156855882180e+01
1.874776246264550039e+01
1.872726069525759840e+01
1.872328703893600022e+01
1.872669113147767916e+01
1.874244875812696520e+01
1.875142839848225407e+01
1.877401302210236622e+01
1.878802669279339455e+01
1.880443502278323820e+01
1.884509194966631540e+01
1.884837589765540500e+01
1.884822419455034748e+01
1.884075968876105378e+01
1.884049192450953569e+01
1.884215243518737282e+01
1.886541028380456808e+01
1.888769448451409971e+01
1.890378892525185606e+01
1.896846219263554545e+01
1.897915196474789568e+01
1.899615358906700990e+01
1.899821727679614014e+01
1.898909560166948651e+01
1.898034574152299214e+01
1.897808433377209525e+01
1.899754618149000862e+01
1.900093267853392121e+01
1.900919527770094319e+01
1.902055710903281849e+01
1.903700704401680355e+01
1.905632383386362605e+01
1.909141854745769251e+01
1.909930786947208503e+01
1.910388320047300326e+01
1.910401239286772679e+01
1.910442572402167727e+01
1.910788451001160837e+01
1.910611248960526964e+01
1.909553915048910966e+01
1.908732607043441476e+01
1.908399001267429540e+01
1.909538049199661813e+01
1.911553545380193597e+01
1.913432290546293046e+01
