8.297243738174438477e+01
8.269062003120686200e+01
8.026462832124667557e+01
7.898365839427160040e+01
7.891276750578738586e+01
7.845973699908057597e+01
7.694753386307952780e+01
7.468382332610798358e+01
7.409554772440696979e+01
6.986262950950792572e+01
6.905845079605013836e+01
6.758710314289795917e+01
6.589571135590486506e+01
6.042876859698235137e+01
5.737507362953292755e+01
5.611885781838022069e+01
5.172731466043923376e+01
4.880240762404231702e+01
4.671904270506089318e+01
4.395256959650713924e+01
4.078275820060414958e+01
3.794850488390640209e+01
3.340867087564575399e+01
3.263289000769303527e+01
3.045596968819715400e+01
2.736840184724437819e+01
2.546485259459538852e+01
2.433504015724687974e+01
2.405733035434535338e+01
2.135377312323256049e+01
2.107465203334210102e+01
1.894100048589998053e+01
1.732906625867200390e+01
1.492284713663114815e+01
1.501598239413770841e+01
1.501636755658794797e+01
1.501744885429754994e+01
1.501774668097578491e+01
1.501781075369237506e+01
1.503708113394318779e+01
1.505592375371978342e+01
1.505643558377796509e+01
1.506087642871135657e+01
