2.940382102288749078e+00
2.936573477836594392e+00
2.902140800687631472e+00
2.879101765325914108e+00
2.877699525739724873e+00
2.868497207671254934e+00
2.836436835946418711e+00
2.790899106991501899e+00
2.779957707109461662e+00
2.710819266327776145e+00
2.699297987400166576e+00
2.679357385577517903e+00
2.658147519922374968e+00
2.601288062549599545e+00
2.577063856949779019e+00
2.568632605774793021e+00
2.545810233428763336e+00
2.535754525020838201e+00
2.530659873097837576e+00
2.525994288084177253e+00
2.522771941622041769e+00
2.521072124460205455e+00
2.519410258104911815e+00
2.519207009369019978e+00
2.518864023355513737e+00
2.519887669963618126e+00
2.522738582692355624e+00
2.525951536484870807e+00
2.526976743086124078e+00
2.543835615917176440e+00
2.546480443317113096e+00
2.574733473272512452e+00
2.609562699682095754e+00
2.744694976351624405e+00
2.811479108607461530e+00
2.812067440022257170e+00
2.815024187058071892e+00
2.816611233360561961e+00
2.816971388020678368e+00
2.841107222116582065e+00
2.860186199359365133e+00
2.860882266899979598e+00
2.868350392734931198e+00
