1.966121175069297777e+01
1.966593076768244330e+01
1.967825025933876049e+01
1.967903661984920660e+01
1.967234767374267079e+01
1.964836429604008572e+01
1.964349554649771434e+01
1.964407736930240844e+01
1.965898913463383835e+01
1.966771584911527171e+01
1.968987421742921740e+01
1.970366360342559275e+01
1.971976434651990928e+01
1.975808794839451110e+01
1.975892267005067993e+01
1.975862173083814710e+01
1.974675163323901472e+01
1.974550499053819763e+01
1.974608720709967713e+01
1.976678728645422822e+01
1.978824240841900561e+01
1.980393742978355220e+01
1.986700990685042356e+01
1.987719225011804980e+01
1.989253700179760997e+01
1.989105448037605228e+01
1.987889205239950030e+01
1.986724645057245553e+01
1.986347068475640398e+01
1.987910724707642629e+01
1.988228890417656913e+01
1.989013954017665853e+01
1.990106015099388159e+01
1.991699903885636047e+01
1.993576877986262019e+01
1.996944148644270811e+01
1.997668422670846056e+01
1.998064998545043380e+01
1.998075638994713898e+01
1.998109342513465947e+01
1.998293967237639635e+01
1.997992585639211782e+01
1.996646593333646180e+01
1.995626092767182413e+01
1.995173410209639187e+01
1.996101277989540534e+01
1.998099891245921000e+01
1.999999929291265843e+01
