1.019665600713226013e+03
1.019782054849418955e+03
1.020262879985095765e+03
1.021146796542621132e+03
1.021630179219348292e+03
1.022960517345130938e+03
1.023328763622140514e+03
1.024868355261062106e+03
1.025683247612726973e+03
1.026028657779191235e+03
1.026785299563911394e+03
1.027230046608085559e+03
1.027767738200148642e+03
1.029807784172862512e+03
1.031001509399842007e+03
1.031065649114232428e+03
1.032865925331033168e+03
1.033289191644287030e+03
1.033794087849638800e+03
1.035380781125998965e+03
1.036192449220021217e+03
1.036690672097434117e+03
1.038669741469643213e+03
1.039094634137432422e+03
1.040118109192908605e+03
1.041611909994082680e+03
1.042668804135641722e+03
1.043667881245283297e+03
1.044233163490439665e+03
1.046141752727156927e+03
1.046288994452084353e+03
1.046613081337622134e+03
1.047008595844802812e+03
1.047530115407658059e+03
1.048121236894876347e+03
1.049365287042571026e+03
1.049774900936629365e+03
1.050105694561828386e+03
1.050117251122105017e+03
1.050155571763837997e+03
1.050863403501301946e+03
1.051322725941508679e+03
1.052266067622792207e+03
1.052900229482292843e+03
1.053310569098579208e+03
1.054378680011010147e+03
1.054841898215406218e+03
1.055125451083617236e+03
