2.796626937979328265e+00
2.796501788884340645e+00
2.796538075672975854e+00
2.796601671232036956e+00
2.796494841703118794e+00
2.796522680827502771e+00
2.796602088338921543e+00
2.796502738803102961e+00
2.796511867698286302e+00
2.796611463303923184e+00
2.796523442272780713e+00
2.796518866745292264e+00
2.796636268073851017e+00
2.796558407969023996e+00
2.796549357694431137e+00
2.796684960575719359e+00
2.796599909263741690e+00
2.796612646466616336e+00
2.796752637124034102e+00
2.796547151089761929e+00
2.798520350660522293e+00
