1.024646829632001754e+02
1.025043091014639032e+02
1.026710330154117230e+02
1.029851281432163006e+02
1.031582484351152118e+02
1.036305933731770068e+02
1.037592746754499586e+02
1.042856971559482986e+02
1.045576294375025981e+02
1.046718372920387310e+02
1.049204916650434853e+02
1.050660655769703027e+02
1.052419687537303616e+02
1.059178137899621106e+02
1.063275983367494177e+02
1.063500225974691489e+02
1.069964231744454679e+02
1.071525505739250264e+02
1.073402642357364130e+02
1.079360284108391994e+02
1.082417587765262965e+02
1.084293590280479975e+02
1.091770035217679720e+02
1.093391212113136532e+02
1.097337556281630526e+02
1.103210022609385845e+02
1.107424086895809836e+02
1.111420829415730367e+02
1.113677632221928491e+02
1.121235134095996671e+02
1.121814184375725603e+02
1.123087325523875251e+02
1.124639206803897622e+02
1.126684236874954195e+02
1.129003608347882590e+02
1.133904121996322942e+02
1.135526103824846018e+02
1.136839441045899406e+02
1.136885379983087319e+02
1.137037737022769335e+02
1.139859290410360870e+02
1.141697186151316288e+02
1.145485662645547791e+02
1.148039687795379535e+02
1.149693721106035014e+02
1.153995936841750733e+02
1.155855709742666733e+02
1.156990723870060549e+02
