7.872613018751144409e+01
7.878973908867045850e+01
7.940097521770965727e+01
7.977063603624249311e+01
7.979065473108259710e+01
7.991442208470505193e+01
8.024834462247646627e+01
8.051420840846452620e+01
8.054997353469536847e+01
8.059158726544374929e+01
8.057261217959380417e+01
8.052444578582773715e+01
8.045218220444729695e+01
8.013588324536442542e+01
7.991843429586518255e+01
7.982131201517324826e+01
7.944523338771340093e+01
7.916155876939629366e+01
7.894291353802253752e+01
7.863167310799454413e+01
7.824701047065839532e+01
7.787841686339029934e+01
7.723192969930583729e+01
7.711199411212341204e+01
7.675190311020234901e+01
7.614128798887279004e+01
7.565683526257826941e+01
7.530496867060034560e+01
7.520894640134841325e+01
7.400110624007044180e+01
7.384023928183829355e+01
7.227031770150090040e+01
7.045256206143268685e+01
6.191609033726416556e+01
4.942288214939615898e+01
4.917566840553566010e+01
4.795933345521611813e+01
4.733823899930364121e+01
4.720123163552099044e+01
4.082136705111874164e+01
3.770715577255359108e+01
3.760831335949414722e+01
3.659428522188812849e+01
