9.033662542700767517e+00
9.057395902456796932e+00
9.325736786384394961e+00
9.517254587072580208e+00
9.528424032487500028e+00
9.599966628310355077e+00
9.826314982602795567e+00
1.010232189168695527e+01
1.016346481991139150e+01
1.052904686229026865e+01
1.058903052880562967e+01
1.069408601643677947e+01
1.080914824710691668e+01
1.115703080846508577e+01
1.134319401174171560e+01
1.141892452039371086e+01
1.168130175045644847e+01
1.185489251428731627e+01
1.197850333594702832e+01
1.214345951251877764e+01
1.233542020801108841e+01
1.251215084992626103e+01
1.281292781785772306e+01
1.286739812012877415e+01
1.302649030116511319e+01
1.327091168390994547e+01
1.343437164712304011e+01
1.353645116491863654e+01
1.356215319988125678e+01
1.382697245507320538e+01
1.385614275468100054e+01
1.409740681243146199e+01
1.431778426403075599e+01
1.498290250977006899e+01
1.516535738276487777e+01
1.516303299286106743e+01
1.515029314377989245e+01
1.514313110794492268e+01
1.514150618433842155e+01
1.506494170914277042e+01
1.503857281741287899e+01
1.503793498556376385e+01
1.503216341267442147e+01
