6.965537407437950606e+02
6.966473377334468751e+02
6.970341587061809605e+02
6.977469489775007787e+02
6.981377218500173285e+02
6.992167471149198263e+02
6.995163178671240303e+02
7.007726160716564436e+02
7.014399201020729606e+02
7.017232519601860758e+02
7.023449209056774407e+02
7.027109961010454526e+02
7.031542490739888080e+02
7.048428311641381470e+02
7.058357235787614172e+02
7.058891650818779908e+02
7.073926732281805698e+02
7.077470998925016374e+02
7.081703285286367873e+02
7.095035025185630957e+02
7.101872539316751727e+02
7.106075004066350402e+02
7.122800386358568403e+02
7.126396065755022846e+02
7.135061795469010804e+02
7.147720006346760329e+02
7.156685464280611768e+02
7.165170774573957715e+02
7.169977049677663672e+02
7.186233124951581885e+02
7.187488823961600701e+02
7.190253305619215780e+02
7.193628071732051694e+02
7.198079290002434618e+02
7.203125734243997158e+02
7.213747429873743613e+02
7.217244431287244879e+02
7.220068280676385939e+02
7.220166929866192049e+02
7.220494040516052792e+02
7.226535522667286386e+02
7.230455187922264031e+02
7.238503336313932550e+02
7.243912296251289717e+02
7.247411683366229909e+02
7.256519397011325054e+02
7.260469266684898457e+02
7.262887372658456115e+02
