9.307302777468636990e+00
9.309762104372133251e+00
9.316552566744624286e+00
9.318788441713904191e+00
9.316686002670834910e+00
9.308367155374867252e+00
9.306918046944469225e+00
9.310774134547715519e+00
9.319705533357891980e+00
9.324623331717269537e+00
9.336823650860857526e+00
9.344351735650532120e+00
9.353182223457245925e+00
9.375998778103856068e+00
9.379281100967787665e+00
9.379298181547612856e+00
9.378360387396554643e+00
9.378927876997659396e+00
9.380610955892940694e+00
9.394994422601630646e+00
9.407566311948734494e+00
9.416492688984293480e+00
9.452318610171792201e+00
9.458413161450272000e+00
9.468726272357741891e+00
9.472430445548233990e+00
9.469780234242543671e+00
9.467217034401773645e+00
9.467108351850013648e+00
9.480229985580949759e+00
9.482179306466463231e+00
9.486871063001114379e+00
9.493230105966739885e+00
9.502339984370445691e+00
9.512990558574795585e+00
9.532605010749440666e+00
9.537229878418147067e+00
9.540068680291774683e+00
9.540152571766233436e+00
9.540423241359121675e+00
9.543342390065369329e+00
9.543237879767000109e+00
9.539584311634406788e+00
9.536596922619320793e+00
9.535660828074691509e+00
9.543278225885043042e+00
9.554190166619443758e+00
9.564092705624604562e+00
