1.056448884298146673e+01
1.056433378358756414e+01
1.055984202789631077e+01
1.053979311665147733e+01
1.052497116582390646e+01
1.048113760655449411e+01
1.046997435393184261e+01
1.043490349804780060e+01
1.042453853664770413e+01
1.042152730522914261e+01
1.041675691077343302e+01
1.041448319166895864e+01
1.041153712909894757e+01
1.038898111100743726e+01
1.036457841345525388e+01
1.036308600755004505e+01
1.031944759423211089e+01
1.031002852485185883e+01
1.029990557907290416e+01
1.027825080825775572e+01
1.027305816879640332e+01
1.027126403881150019e+01
1.026503733606774738e+01
1.026204006816353065e+01
1.025012945176845314e+01
1.022048336186712270e+01
1.019383616048712504e+01
1.016869489334231602e+01
1.015601198843900299e+01
1.012856231000075447e+01
1.012751721300971397e+01
1.012568115406793368e+01
1.012417937903390808e+01
1.012306463801837353e+01
1.012224172956238988e+01
1.011762787260220975e+01
1.011411922590156820e+01
1.011029934187432033e+01
1.011014900768687674e+01
1.010964220516775214e+01
1.009797269047894019e+01
1.008817307291582388e+01
1.006417748464674133e+01
1.004740590475849160e+01
1.003763852926261002e+01
1.002331513292623555e+01
1.002553649198300612e+01
1.003047486214219752e+01
