9.869210287897076341e+02
9.864476159236591002e+02
9.844219549983448587e+02
9.805017901470638435e+02
9.783019368537406990e+02
9.722031405749836495e+02
9.705202864754048733e+02
9.635384985574082748e+02
9.598663814808211328e+02
9.583106493354997610e+02
9.548975817392621366e+02
9.528844811963423354e+02
9.504394537648537380e+02
9.409600375813698747e+02
9.351773092696857930e+02
9.348604365723513183e+02
9.257107868746027179e+02
9.234964800784545105e+02
9.208318626040344270e+02
9.123553582135224360e+02
9.079900294216461134e+02
9.053040430178491533e+02
8.945170191539782536e+02
8.921559455710081465e+02
8.863714422042376100e+02
8.776717275481466913e+02
8.713731386860199564e+02
8.653670546054934221e+02
8.619642045880192427e+02
8.505087867781527393e+02
8.496264499598922839e+02
8.476834895013766982e+02
8.453089641420336875e+02
8.421679290095293027e+02
8.385863162413844520e+02
8.309372401229658180e+02
8.283775904473977789e+02
8.262939522544130568e+02
8.262208860745308812e+02
8.259784716405704330e+02
8.214639513891138449e+02
8.184972898416499447e+02
8.123175446728225779e+02
8.081039452066755757e+02
8.053558378871742889e+02
7.981426206427425996e+02
7.949978645275921281e+02
7.930714235716177427e+02
