2.000000136999040024e+01
2.000011111916370510e+01
2.000023943072346810e+01
2.000038945033944060e+01
2.000056272199401519e+01
2.000076083585980768e+01
2.000098535021737689e+01
2.000123774406790744e+01
2.000151934110419916e+01
2.000183127800872285e+01
2.000217446224942819e+01
2.000254948830067292e+01
2.000295656327404004e+01
2.000339541124486686e+01
2.000386520728218898e+01
2.000436448709965020e+01
2.000489103159230808e+01
2.000544176039798572e+01
2.000601260201881360e+01
2.000659846455278057e+01
2.000719159776571132e+01
