1.919318446004763246e+01
1.923679755168663519e+01
1.965431830409654879e+01
1.990849244377759319e+01
1.992244243439277085e+01
2.000935652146407406e+01
2.025233618794501567e+01
2.046305896978176264e+01
2.049404927916056351e+01
2.053909116714172711e+01
2.052221384075216903e+01
2.047597728650575988e+01
2.040148003749681394e+01
2.003764487379194748e+01
1.977046568560611206e+01
1.965016544279594157e+01
1.919311345826079318e+01
1.886625176695637052e+01
1.862686616558442054e+01
1.830431151888177865e+01
1.793218105751109448e+01
1.759967006723670835e+01
1.706926021942494032e+01
1.697864598292114380e+01
1.672320300583248454e+01
1.635198397325619979e+01
1.611024860349373355e+01
1.595801376644477010e+01
1.591922485056207215e+01
1.550007333753633176e+01
1.545112078047535498e+01
1.502231300892706223e+01
1.459933068419173452e+01
1.326714818065232748e+01
1.263190292366541456e+01
1.262707569645700723e+01
1.260524961120185949e+01
1.259520133366661909e+01
1.259307402693786493e+01
1.252004494220818742e+01
1.249834877834284441e+01
1.249779386434470574e+01
1.249258409212684739e+01
