7.632099728635566862e+02
7.627727904429374348e+02
7.608952500822408638e+02
7.572466391442360418e+02
7.551972577063813787e+02
7.495242604640249056e+02
7.479621905122705812e+02
7.414951630093540871e+02
7.381004505980904469e+02
7.366633773500924462e+02
7.335130952413774139e+02
7.316567143617510283e+02
7.294038637327975039e+02
7.206847721760602781e+02
7.153680771004530925e+02
7.150765869423281629e+02
7.066503129331257469e+02
7.046089810397808151e+02
7.021523110288923135e+02
6.943432190507802488e+02
6.903286581758376315e+02
6.878610661873606205e+02
6.779575145959106521e+02
6.757876306521769720e+02
6.704633601471856537e+02
6.624344252330262179e+02
6.566135745106291779e+02
6.510661541702180557e+02
6.479271779287727213e+02
6.373893481674326722e+02
6.365793940604036152e+02
6.347964105025509980e+02
6.326182054694817225e+02
6.297374862288079385e+02
6.264522641145154012e+02
6.194279257006984380e+02
6.170732546363094571e+02
6.151545860652437341e+02
6.150872723118125123e+02
6.148639269034773633e+02
6.106998612285572108e+02
6.079585150859978739e+02
6.022355113297522848e+02
5.983244905577429336e+02
5.957706613696100248e+02
5.890617718137365273e+02
5.861380003463034427e+02
5.843486392134204834e+02
