1.208564593451911584e+01
1.208304009444064242e+01
1.206777392085184353e+01
1.202582675858333339e+01
1.199829042489405850e+01
1.191860732581984550e+01
1.189761435679423407e+01
1.182334028841972540e+01
1.179373978538134438e+01
1.178286824020146994e+01
1.176134575877743238e+01
1.174942666274989200e+01
1.173490100951486781e+01
1.166748792719419292e+01
1.161537697036605188e+01
1.161236702919045172e+01
1.152564470930795260e+01
1.150614006404677703e+01
1.148410975596742212e+01
1.142632082589592812e+01
1.140348132557108407e+01
1.139109367533137274e+01
1.134358462634635956e+01
1.133168129878275820e+01
1.129797331345327827e+01
1.123552187423068638e+01
1.118526409043266412e+01
1.113800473390088008e+01
1.111308407673187482e+01
1.104679004035186196e+01
1.104292487740195128e+01
1.103496424584630020e+01
1.102612737419709887e+01
1.101552922668511414e+01
1.100412127813285679e+01
1.097720474730876639e+01
1.096618164625033565e+01
1.095618891620685709e+01
1.095582106063080907e+01
1.095459203754563582e+01
1.092931277293974723e+01
1.091040821645957060e+01
1.086718212197504840e+01
1.083732809173099199e+01
1.081918542904888270e+01
1.078423857614860992e+01
1.077846196494552444e+01
1.077891623793262177e+01
