1.959393458078351813e+01
1.959886168167552967e+01
1.961205628011584423e+01
1.961450334873295986e+01
1.960874134427472271e+01
1.958733134599961190e+01
1.958317268607078887e+01
1.958667874054083313e+01
1.960310647572570275e+01
1.961247100154608702e+01
1.963602238431358415e+01
1.965063134608927342e+01
1.966772744430440056e+01
1.970991408685977220e+01
1.971307425576396000e+01
1.971289904782049263e+01
1.970455196148376231e+01
1.970412432554771698e+01
1.970567543531947052e+01
1.972935713235300881e+01
1.975230564314810877e+01
1.976891123265091466e+01
1.983561169174649308e+01
1.984658509040689367e+01
1.986386392152910219e+01
1.986527578340317035e+01
1.985519430477141256e+01
1.984551723562550762e+01
1.984284759192054537e+01
1.986213748109828359e+01
1.986559519883196501e+01
1.987405093185314442e+01
1.988570598326984040e+01
1.990260864118350881e+01
1.992246862791688855e+01
1.995845369486831089e+01
1.996646961722773739e+01
1.997106554647529819e+01
1.997119406456589630e+01
1.997160447470931643e+01
1.997481924831252442e+01
1.997270588610686914e+01
1.996111435126219646e+01
1.995216435891987672e+01
1.994844016507029849e+01
1.995972711244791142e+01
1.998052572653531556e+01
1.999999929539493948e+01
