1.947789356803013661e+01
1.948321476954619058e+01
1.949804785917004324e+01
1.950354170766186357e+01
1.949945608146098053e+01
1.948265368262212505e+01
1.947976169267067448e+01
1.948850062143258910e+01
1.950766513042281858e+01
1.951818728516993318e+01
1.954427874656896336e+01
1.956038814972282935e+01
1.957930991711386781e+01
1.962855902744267311e+01
1.963590156131947495e+01
1.963595027266758919e+01
1.963376991051985598e+01
1.963474468506622017e+01
1.963793963956516109e+01
1.966658520977888713e+01
1.969197702257589810e+01
1.971006350359161985e+01
1.978264992891939045e+01
1.979491204504381230e+01
1.981535854909225947e+01
1.982155731848126834e+01
1.981494519408533961e+01
1.980856370116526932e+01
1.980774947879292469e+01
1.983317900119279642e+01
1.983710144810350329e+01
1.984657640613695051e+01
1.985946984712259322e+01
1.987800031736685824e+01
1.989970645577288977e+01
1.993962787612219856e+01
1.994896677182689260e+01
1.995464336066822497e+01
1.995480983746830361e+01
1.995534621533704467e+01
1.996091479975333272e+01
1.996035375500095554e+01
1.995198680512820033e+01
1.994520040627105217e+01
1.994285625889527935e+01
1.995757003104342076e+01
1.997973674807825262e+01
1.999999930058864450e+01
