2.329868148610403296e+02
2.329053263490623635e+02
2.325532758866962411e+02
2.318665043606170002e+02
2.314824406054735562e+02
2.304358192540781545e+02
2.301531563288046982e+02
2.290114975138504576e+02
2.284300642242483264e+02
2.281873690738129881e+02
2.276622104375840365e+02
2.273571157508983731e+02
2.269912639898176394e+02
2.256230084669633698e+02
2.248259604502022455e+02
2.247830216741205049e+02
2.235716795742669945e+02
2.232861572603775926e+02
2.229463504427928626e+02
2.218937332428246236e+02
2.213694104651785608e+02
2.210529723126099952e+02
2.198262408505057408e+02
2.195659114651059838e+02
2.189382186733173796e+02
2.180188868900933414e+02
2.173723459247155461e+02
2.167722331329738097e+02
2.164396729124966328e+02
2.153582580928574544e+02
2.152771843908234075e+02
2.150996467329470079e+02
2.148844445156991583e+02
2.146025974677292822e+02
2.142849517380705606e+02
2.136195885331127613e+02
2.134009377323083640e+02
2.132244458763344994e+02
2.132182812167763188e+02
2.131978402478644909e+02
2.128204188558860039e+02
2.125756397018241444e+02
2.120731316647046469e+02
2.117354285351628107e+02
2.115170456088236506e+02
2.109507875189684967e+02
2.107077575896188364e+02
2.105604693792624857e+02
