6.528284583985805511e+01
6.536098703872792726e+01
6.613901270807579635e+01
6.661558944023694551e+01
6.664128000133570140e+01
6.679961619685212781e+01
6.721971715716384210e+01
6.753311276553139919e+01
6.756977509302595308e+01
6.754021379016265314e+01
6.749734928331159267e+01
6.739970904929060680e+01
6.726293824120011777e+01
6.669930365695763896e+01
6.632761046140298333e+01
6.616530145702408561e+01
6.555895151623896311e+01
6.512365790260781750e+01
6.479933513580134274e+01
6.435158338043729032e+01
6.381632010846919201e+01
6.331841380259025698e+01
6.247633982910542727e+01
6.232479471297266116e+01
6.188029687354276120e+01
6.116781400221691456e+01
6.063961179589332318e+01
6.027301173003917256e+01
6.017502031683674346e+01
5.899473740397943544e+01
5.884284445810164499e+01
5.739850030180769380e+01
5.578143129277465562e+01
4.857261634107146619e+01
3.849995700176091162e+01
3.830211480362913079e+01
3.732896899718585360e+01
3.683222914906792056e+01
3.672266964320314031e+01
3.162960526149128881e+01
2.915226093635734728e+01
2.907375278153383746e+01
2.826879583794418949e+01
