1.504755503963679075e+00
1.507141612267656416e+00
1.527386484636013897e+00
1.535093771490712911e+00
1.535428680466381923e+00
1.537374480476322525e+00
1.542444978139535516e+00
1.550212427781068492e+00
1.552591384388785523e+00
1.573607301044371853e+00
1.578163026354696186e+00
1.586786656941496565e+00
1.597025736368038684e+00
1.630853775679594886e+00
1.649310083860323184e+00
1.656688921289375838e+00
1.681292275558256444e+00
1.696627779072674258e+00
1.707073623360666925e+00
1.720381585309173955e+00
1.734874349835946461e+00
1.747113353928528845e+00
1.765000113576653318e+00
1.767807666799545707e+00
1.775271509725057983e+00
1.785040755271746660e+00
1.791133673827977502e+00
1.795154501638395406e+00
1.796226394671012416e+00
1.809744366047557174e+00
1.811595957023329762e+00
1.830356537270000805e+00
1.852903290964978300e+00
1.951569883383506898e+00
2.061862792351488949e+00
2.063676271541513341e+00
2.072383370557283833e+00
2.076690500151950669e+00
2.077627923176075697e+00
2.116281194983358205e+00
2.131843704402274664e+00
2.132306287576462456e+00
2.136948911326287615e+00
