1.001113047112373478e+00
1.000741721228884051e+00
9.962945995470271487e-01
9.926501824678558572e-01
9.924257047936508869e-01
9.909607706417292716e-01
9.860932129538843016e-01
9.800483777663019369e-01
9.787567406774122514e-01
9.720514825863986186e-01
9.711873566957044401e-01
9.698763931673497485e-01
9.687566520760120259e-01
9.674388019162836194e-01
9.678682273666290303e-01
9.682121356201296436e-01
9.698353813005231583e-01
9.709767063312263469e-01
9.716672134640059744e-01
9.722953313580673385e-01
9.724794877242883828e-01
9.721061103840804574e-01
9.706564253067651027e-01
9.703697825210961803e-01
9.697118607073522689e-01
9.700201703396083008e-01
9.719318005847549236e-01
9.741563533993259361e-01
9.748649341135121604e-01
9.862617337360095604e-01
9.880128874428109054e-01
1.006378820021053500e+00
1.028682774582810211e+00
1.122202581117248243e+00
1.202207062853979380e+00
1.203317642725254322e+00
1.208663250532237221e+00
1.211329610946694890e+00
1.211913080591259018e+00
1.238434078298721319e+00
1.251772926826799415e+00
1.252206671746896260e+00
1.256698774202927860e+00
