4.576631303511441651e+00
4.568811894132586815e+00
4.496841393390575981e+00
4.449186359963157145e+00
4.446319595459652163e+00
4.427594005905532093e+00
4.363239451816761871e+00
4.272720791633106252e+00
4.250927455124846155e+00
4.110954698318078471e+00
4.087024371659420119e+00
4.044997668348337072e+00
3.999245400558531838e+00
3.868065480494866648e+00
3.805354916756942263e+00
3.781731702124053740e+00
3.708874101591013606e+00
3.668176857038746075e+00
3.642503459051423143e+00
3.611945203437164853e+00
3.580712190401675432e+00
3.555052833202123619e+00
3.516164307239054487e+00
3.509665842103966593e+00
3.491722405932825346e+00
3.468215854289407485e+00
3.456728556015704168e+00
3.452027635028562802e+00
3.451202399843450674e+00
3.452788949518157402e+00
3.454204725658377217e+00
3.475779224375174614e+00
3.509220764620438082e+00
3.647546389890580887e+00
3.684666321680453382e+00
3.684617337662933423e+00
3.684629130752668402e+00
3.684850639511321191e+00
3.684923423581567992e+00
3.702518924248795251e+00
3.723950511969962296e+00
3.724783358229865282e+00
3.733873193556870085e+00
