7.528982869005186096e+00
7.532130621983925245e+00
7.542294905181739395e+00
7.552296996982638788e+00
7.554897999602894210e+00
7.559467688713028544e+00
7.561294962820447552e+00
7.576368054739845093e+00
7.589518175966170510e+00
7.595917291414059136e+00
7.610887934219216611e+00
7.619839039585154516e+00
7.630296673442912514e+00
7.659719279598609099e+00
7.667485351071941402e+00
7.667745143704766342e+00
7.672712087763553512e+00
7.674198604446212713e+00
7.676637485089355728e+00
7.690700729420261617e+00
7.701618941928891182e+00
7.709157173957608578e+00
7.738518356802774889e+00
7.743375814720672601e+00
7.751355701969591117e+00
7.753382111890914530e+00
7.750241980460494062e+00
7.746983077265170436e+00
7.746117448631408386e+00
7.753555234593755507e+00
7.754854685281589610e+00
7.758025207949804880e+00
7.762382206695137121e+00
7.768677292570422388e+00
7.776033679270308419e+00
7.789149541072807104e+00
7.791965531521703348e+00
7.793510132073862451e+00
7.793551664489347885e+00
7.793683279361614424e+00
7.794423549827154574e+00
7.793278776135679209e+00
7.788116863266838941e+00
7.784181911868586212e+00
7.782419139187433998e+00
7.785835830911190136e+00
7.793393619996693111e+00
7.800596987173843644e+00
