7.238177278122901015e+00
7.241430165474862513e+00
7.252135726485915868e+00
7.263507873347393229e+00
7.267021462418416178e+00
7.274541672136589199e+00
7.277279237756148156e+00
7.296567191422564491e+00
7.312261949467696809e+00
7.319822791540603113e+00
7.337544966097292232e+00
7.348263498272607386e+00
7.361024130141339938e+00
7.401015881848922895e+00
7.416294263169546319e+00
7.416982370996938911e+00
7.434805746458052589e+00
7.439510968021242121e+00
7.445869060081117929e+00
7.472764113274945608e+00
7.490549239928752989e+00
7.502412743531911232e+00
7.549869924235591334e+00
7.558807536645146818e+00
7.576870240426560876e+00
7.594089030282555441e+00
7.601835958784408653e+00
7.608800422368713789e+00
7.613639238291446176e+00
7.639689498383904542e+00
7.642380742236097646e+00
7.648594775605891627e+00
7.656632822621673995e+00
7.667737324894889461e+00
7.680507090030238793e+00
7.705022781033190604e+00
7.711631128481609920e+00
7.716261572297748117e+00
7.716411323570397940e+00
7.716901989443011978e+00
7.724332954389222294e+00
7.727588068470732097e+00
7.731568166361789451e+00
7.733799478670540850e+00
7.735999135585586828e+00
7.749437323603754812e+00
7.761117342419109555e+00
7.770749055721825727e+00
