1.239000338249879860e+02
1.239672798335902826e+02
1.242428515066986563e+02
1.247440415296831588e+02
1.250168835122989606e+02
1.257688024654779326e+02
1.259778179115666745e+02
1.268570026091223468e+02
1.273253989689093260e+02
1.275244143566324766e+02
1.279610702461948932e+02
1.282180244134214036e+02
1.285287806846932881e+02
1.297052291107344217e+02
1.303884725808210021e+02
1.304250316891772457e+02
1.314448805580256874e+02
1.316831970400754983e+02
1.319670357311946702e+02
1.328581957770032602e+02
1.333148088858583264e+02
1.335955382087018961e+02
1.347124231933093199e+02
1.349519054581763271e+02
1.355268461239520263e+02
1.363578933906326540e+02
1.369373970787291057e+02
1.374766979833914888e+02
1.377775264942810338e+02
1.387669299106676135e+02
1.388415321943180061e+02
1.390049083998205788e+02
1.392028252684220604e+02
1.394615596622071791e+02
1.397522200768477205e+02
1.403577691929483819e+02
1.405560984862444229e+02
1.407160830947658781e+02
1.407216702424764776e+02
1.407401959629234227e+02
1.410822260283421201e+02
1.413040507499871694e+02
1.417591081382082336e+02
1.420642106529745092e+02
1.422610798593945560e+02
1.427710516817357700e+02
1.429912119962503994e+02
1.431258132734441233e+02
