2.888454399398151295e+00
2.885979993706689672e+00
2.863695535647713175e+00
2.848266032779661838e+00
2.847306400109124613e+00
2.840951990223347767e+00
2.818122248134405705e+00
2.784175844916100040e+00
2.775783837056879921e+00
2.720559018017553399e+00
2.710933309842746386e+00
2.693914579425183309e+00
2.675220504205933825e+00
2.620456327880105629e+00
2.593362251307371746e+00
2.582909590248751996e+00
2.549319346507174178e+00
2.529160886781948836e+00
2.515631575882780968e+00
2.498400664886376354e+00
2.479175711169769425e+00
2.461971836892485221e+00
2.433564827275862097e+00
2.428587599716058421e+00
2.414573676417812287e+00
2.395632821484990682e+00
2.385954091813346167e+00
2.381689330583869779e+00
2.380873189400412482e+00
2.379671850307468084e+00
2.380421638658583472e+00
2.393605416029051192e+00
2.415441044605577403e+00
2.513473399461775948e+00
2.565670892962085059e+00
2.566251084772168678e+00
2.569236442275084631e+00
2.570874227684709634e+00
2.571248209909236415e+00
2.596297547708570796e+00
2.615449983757605068e+00
2.616140118412886739e+00
2.623513944535023956e+00
