1.533611980888900383e+00
1.537199812215229056e+00
1.550785472230369333e+00
1.571662777416576562e+00
1.581459249291313096e+00
1.605212767850752842e+00
1.611421840068646194e+00
1.638044810829807352e+00
1.653326125320314421e+00
1.660121705279192561e+00
1.675642920837599137e+00
1.685123253904232676e+00
1.696857350936157305e+00
1.742403145727423164e+00
1.768502308149952240e+00
1.769878695590633821e+00
1.807452710426149078e+00
1.816053935446642287e+00
1.826248952474285536e+00
1.858114497652910257e+00
1.874399184573767529e+00
1.884370696122360966e+00
1.923137101578258346e+00
1.931140990226147380e+00
1.949778642128561224e+00
1.975390134818969523e+00
1.992736769674492203e+00
2.009010151409014178e+00
2.018318226128417603e+00
2.050931684511900333e+00
2.053526721663016641e+00
2.059267576391812238e+00
2.066313142917837187e+00
2.075627666255338788e+00
2.086138621198005083e+00
2.107651080932794851e+00
2.114446444993553165e+00
2.119807816939678791e+00
2.119993022452324904e+00
2.120606130691876423e+00
2.131654676022690875e+00
2.138566867679633887e+00
2.152348588813846497e+00
2.161577411527699333e+00
2.167691762368723740e+00
2.184937468341042965e+00
2.193399068350709857e+00
2.198989717835638569e+00
