1.362156764668127629e+00
1.364519595524690487e+00
1.373632256498663828e+00
1.388403780837868418e+00
1.395814761395839820e+00
1.415493206560416217e+00
1.421021418059686514e+00
1.445583761774599241e+00
1.459650776789726212e+00
1.465796658273176511e+00
1.479503424652726773e+00
1.487630728887632925e+00
1.497427761954429615e+00
1.532953484764221663e+00
1.552021475403351225e+00
1.553014852689066805e+00
1.580346588705276556e+00
1.586803221179113876e+00
1.594622814996515592e+00
1.620431507741852517e+00
1.634410748734333119e+00
1.643189339830181117e+00
1.678263572069868648e+00
1.685569928619391700e+00
1.702484820213237660e+00
1.725256739737347056e+00
1.740313452368848823e+00
1.754268714141348440e+00
1.762233529906570340e+00
1.790370262076669494e+00
1.792630365490839983e+00
1.797639852679143280e+00
1.803802316786546900e+00
1.811962731242564573e+00
1.821166328212876051e+00
1.839833887786075595e+00
1.845634956447584019e+00
1.850163482931487025e+00
1.850319061643321383e+00
1.850833662781318001e+00
1.859984049009081319e+00
1.865579061049291720e+00
1.876439505372443639e+00
1.883557516126941556e+00
1.888257962307973381e+00
1.901742910544045762e+00
1.908589597682030181e+00
1.913213631330364040e+00
