1.546099866419863247e+02
1.546099570623348143e+02
1.546098584551697002e+02
1.546097477514761636e+02
1.546097113823909694e+02
1.546096528032034030e+02
1.546096420568672158e+02
1.546096099379305997e+02
1.546096013924151578e+02
1.546095997854127688e+02
1.546096004362438521e+02
1.546096032465622727e+02
1.546096085919985796e+02
1.546096394646964427e+02
1.546096607645151835e+02
1.546096619681364643e+02
1.546096992710735947e+02
1.546097089996804925e+02
1.546097208849279525e+02
1.546097578215252497e+02
1.546097751001776430e+02
1.546097849823002548e+02
1.546098210826444586e+02
1.546098287839189425e+02
1.546098478439868416e+02
1.546098760096893727e+02
1.546098947076930585e+02
1.546099108500894772e+02
1.546099194478008485e+02
1.546099477349972062e+02
1.546099499471590661e+02
1.546099548408584781e+02
1.546099608482486474e+02
1.546099687915054517e+02
1.546099777592228008e+02
1.546099963645044966e+02
1.546100024710858349e+02
1.546100074426075537e+02
1.546100076173009654e+02
1.546100081971041504e+02
1.546100191076819499e+02
1.546100264407274665e+02
1.546100421264621616e+02
1.546100529280384421e+02
1.546100598925190752e+02
1.546100777649009785e+02
1.546100857901992640e+02
1.546100910889406350e+02
