7.708746605945409947e+00
7.710420269696191653e+00
7.714574320383706940e+00
7.713826542258394703e+00
7.710709004450600368e+00
7.700164571495839105e+00
7.697984188632489122e+00
7.697227034515995214e+00
7.702637243177532511e+00
7.705892237648873433e+00
7.714259570479501171e+00
7.719510855568568530e+00
7.725675112688930923e+00
7.740654295293317055e+00
7.741436853671275209e+00
7.741354726519684704e+00
7.738190628127727955e+00
7.738183618370384487e+00
7.739047311008847352e+00
7.749542095120221852e+00
7.759356914290610696e+00
7.766420277930437877e+00
7.795019593532027002e+00
7.799880068631752650e+00
7.808025257330887925e+00
7.810642167825739612e+00
7.808213769478713928e+00
7.805932583131347968e+00
7.805778858282924837e+00
7.816557053704558555e+00
7.818171806496196474e+00
7.822061365904772856e+00
7.827338063682741875e+00
7.834904425293973240e+00
7.843759363230438986e+00
7.860102142035338524e+00
7.863971032803464212e+00
7.866355306711768414e+00
7.866425977312635709e+00
7.866654113234027967e+00
7.869149583532029091e+00
7.869118637705493136e+00
7.866223272970164437e+00
7.863853370053445424e+00
7.863154884274487166e+00
7.869708874115774577e+00
7.878878067109287286e+00
7.887169307678340680e+00
