4.022248923778533936e+00
3.902789191085312304e+00
3.265295755387483290e+00
3.178069720844163726e+00
3.177240236496947645e+00
3.179344385831586184e+00
3.242488259917102766e+00
3.372996753055245378e+00
3.404983617423994247e+00
3.602266351375527087e+00
3.634920437353848843e+00
3.692118100839406836e+00
3.754759957589671959e+00
3.944212285885306812e+00
4.045651233843574168e+00
4.086919214328149863e+00
4.229883316719185160e+00
4.324461717853805176e+00
4.391816112182860721e+00
4.481727440803895846e+00
4.586459069397802679e+00
4.683122380520515549e+00
4.849063478768696811e+00
4.879460812411645421e+00
4.969188889421391586e+00
5.110726628759611145e+00
5.208480902761579046e+00
5.270852898609898141e+00
5.286709208743347155e+00
5.452933133146357747e+00
5.471477722141513844e+00
5.625793775089280579e+00
5.768756172613141331e+00
6.301924665601925213e+00
6.952937413761574703e+00
6.963946750273766639e+00
7.017020423817519337e+00
7.043431691201232248e+00
7.049196093255061690e+00
7.294576378956834972e+00
7.399283513793766254e+00
7.402454995596813525e+00
7.434459731196990440e+00
