4.868085420078541503e+00
4.871681939267368477e+00
4.884288626406631195e+00
4.900420421104106694e+00
4.906785109885931639e+00
4.921275959882753348e+00
4.925464484344860949e+00
4.947949955775585273e+00
4.963785682772908991e+00
4.971233491983134023e+00
4.988657386903127211e+00
4.999332773515622108e+00
5.012340382415457540e+00
5.057992985916913931e+00
5.080007084684186935e+00
5.081101339067839895e+00
5.110320891431497259e+00
5.117320646988749999e+00
5.126035597741545047e+00
5.157105211019286983e+00
5.175214032870437464e+00
5.186845301458657076e+00
5.232822454553741842e+00
5.241832602866915103e+00
5.261258047908444979e+00
5.283619274136115429e+00
5.296509195166584583e+00
5.308413515751482237e+00
5.315715593339241707e+00
5.346704551778951320e+00
5.349549208015786483e+00
5.356010559527478065e+00
5.364217040674473580e+00
5.375421215830200161e+00
5.388333987297591499e+00
5.414396928537418496e+00
5.422172268810292906e+00
5.428048765516846785e+00
5.428247174364304151e+00
5.428901693568016107e+00
5.440052168422517376e+00
5.446388281634166439e+00
5.457896395090093833e+00
5.465487717694181846e+00
5.470926149870291688e+00
5.490094638483976830e+00
5.502150707549071207e+00
5.511107802727372551e+00
