1.063193847809782788e+01
1.063577756108322703e+01
1.064768238639032560e+01
1.065752821909463854e+01
1.065898888393753197e+01
1.065988952616996599e+01
1.066109239551805743e+01
1.067752672958404858e+01
1.069420433608043020e+01
1.070259421999651650e+01
1.072265761394043437e+01
1.073488773675556196e+01
1.074938445064642423e+01
1.079215229924002806e+01
1.080543079962353126e+01
1.080595359302951053e+01
1.081858163005555618e+01
1.082233098566096530e+01
1.082789884971991334e+01
1.085548144787988001e+01
1.087543076945977027e+01
1.088903871241567423e+01
1.094349185989998752e+01
1.095336618500642167e+01
1.097217909715890194e+01
1.098670242806916164e+01
1.099096226971821544e+01
1.099491952283772278e+01
1.099868910222116902e+01
1.102682619608160763e+01
1.103006856481504805e+01
1.103766491623317414e+01
1.104766214632076071e+01
1.106167963306829627e+01
1.107795158726993634e+01
1.110905349427615185e+01
1.111721786547485813e+01
1.112279380310012122e+01
1.112297123800870402e+01
1.112355106519376591e+01
1.113189504681687225e+01
1.113503337671627236e+01
1.113754611895131319e+01
1.113860332232028760e+01
1.114040433369341443e+01
1.115644618651436204e+01
1.117201338067586036e+01
1.118519376048141645e+01
