1.264541664914858465e+01
1.264957893245020948e+01
1.266209875240293847e+01
1.267088448762067010e+01
1.267105614339162223e+01
1.266788396160713326e+01
1.266814803346443163e+01
1.268281008519603681e+01
1.270003908710331686e+01
1.270890581742965431e+01
1.273031643268677904e+01
1.274341043643563154e+01
1.275888661572641247e+01
1.280298423049684331e+01
1.281481001158448940e+01
1.281521939870490989e+01
1.282433185371728079e+01
1.282741990647511976e+01
1.283241493177194670e+01
1.286015642204159093e+01
1.288131193193729551e+01
1.289592151173519241e+01
1.295443785015251592e+01
1.296484156830888246e+01
1.298399054253543738e+01
1.299656427182852170e+01
1.299831319500318827e+01
1.299988896368677160e+01
1.300260293654516275e+01
1.303010347740585573e+01
1.303350015117231919e+01
1.304152329055110826e+01
1.305217898387722286e+01
1.306722235103079122e+01
1.308472784893913854e+01
1.311781587382981584e+01
1.312623416089432205e+01
1.313181924015470869e+01
1.313199364937010571e+01
1.313256179946600888e+01
1.314023378669177511e+01
1.314249617793888802e+01
1.314244297935819539e+01
1.314164004915684814e+01
1.314244346354267989e+01
1.315802518541982558e+01
1.317502056043306347e+01
1.318976671677613233e+01
