3.200838737308340676e+00
3.193756927983414595e+00
3.155895458151139810e+00
3.056691665868247032e+00
2.990348775354425115e+00
2.783529142670799761e+00
2.723824883810729514e+00
2.485250111207511381e+00
2.374993800984216641e+00
2.332725889050367041e+00
2.249852595552430667e+00
2.207182597227387522e+00
2.161028067118970775e+00
2.023987409832085582e+00
1.955640369183867078e+00
1.951967843954586446e+00
1.844790126962633225e+00
1.818491718483038255e+00
1.786985368008478625e+00
1.692445115312185333e+00
1.650976814044055274e+00
1.629220162831804153e+00
1.577863166209898305e+00
1.574444546825758184e+00
1.575775023099152738e+00
1.594794821593555900e+00
1.613370371320439922e+00
1.630072695046423492e+00
1.638135255139884894e+00
1.656045529948617867e+00
1.656944585595839792e+00
1.658797127056978571e+00
1.660931265506014221e+00
1.663809375604051954e+00
1.667627314758923784e+00
1.679802646134198829e+00
1.685477198985168457e+00
1.690723511281165825e+00
1.690917453282009486e+00
1.691565636583510779e+00
1.704874106764937780e+00
1.714686932066727731e+00
1.736472652888812362e+00
1.750984525571305683e+00
1.759599647126677269e+00
1.775784154630818179e+00
1.778454389926588552e+00
1.778333497012570819e+00
