2.894655608519860834e+02
2.895405491957563981e+02
2.898517591333580299e+02
2.904293212863615850e+02
2.907474493031396037e+02
2.916284238251231500e+02
2.918732498158069006e+02
2.928996315259037715e+02
2.934445435598550489e+02
2.936759343306538312e+02
2.941839101628426079e+02
2.944833383561884830e+02
2.948463326282595744e+02
2.962354133959065052e+02
2.970575390930382582e+02
2.971018974733970026e+02
2.983535771371915075e+02
2.986494693942964886e+02
2.990030857738226473e+02
3.001182911636312838e+02
3.006906688688898157e+02
3.010425353724544379e+02
3.024434515148062701e+02
3.027447771259089677e+02
3.034712913734259701e+02
3.045333490404748886e+02
3.052860467788611913e+02
3.059986062041364221e+02
3.064022247125863032e+02
3.077671013922119982e+02
3.078725088274123891e+02
3.081045585022298496e+02
3.083878198846481951e+02
3.087614162803193949e+02
3.091849635734939739e+02
3.100765013352233268e+02
3.103700608870053657e+02
3.106071289708073664e+02
3.106154110614762658e+02
3.106428737681621897e+02
3.111501267865871228e+02
3.114792648352723745e+02
3.121551446385586814e+02
3.126094141366056078e+02
3.129033069481884581e+02
3.136681313112047178e+02
3.139997511741772769e+02
3.142027345202470769e+02
