2.342642576383332198e+01
2.351600333849819435e+01
2.350246651692850719e+01
2.339733784703639685e+01
2.321978943230351433e+01
2.299099673213913775e+01
2.273074558054213412e+01
2.245584472435439238e+01
2.217959558899019612e+01
2.191186209858642542e+01
2.165944179660073132e+01
2.142656573958629451e+01
2.121540664843087143e+01
2.102654707446708926e+01
2.085938034103673999e+01
2.071242042489029700e+01
2.058352712573105237e+01
2.047005218926278758e+01
2.036889461902683252e+01
2.027647923213589820e+01
2.018862501009425614e+01
