6.954795114628941519e+02
6.955725568589502927e+02
6.959571279449987742e+02
6.966658480785866914e+02
6.970544059336040164e+02
6.981272961231220506e+02
6.984251505286906649e+02
6.996741785105848521e+02
7.003375831274448728e+02
7.006192545360065651e+02
7.012372755348433202e+02
7.016012024682987658e+02
7.020418575052725600e+02
7.037206382894217995e+02
7.047078922034014568e+02
7.047610335267005439e+02
7.062562311573666420e+02
7.066087309657881406e+02
7.070296696694280172e+02
7.083556692727582913e+02
7.090357432430397466e+02
7.094537269647486255e+02
7.111172661837526903e+02
7.114749102076012832e+02
7.123368773366612459e+02
7.135960551676984096e+02
7.144879376009931775e+02
7.153320599609099872e+02
7.158101840407038026e+02
7.174272637058984401e+02
7.175521712944835144e+02
7.178271602189867053e+02
7.181628540344430576e+02
7.186056237775403588e+02
7.191076036098673967e+02
7.201641847329414077e+02
7.205120533753544123e+02
7.207929628113417948e+02
7.208027762426958134e+02
7.208353166012500424e+02
7.214363195062251179e+02
7.218262527718435422e+02
7.226269093888130328e+02
7.231650216295885230e+02
7.235131631100782670e+02
7.244192652826438916e+02
7.248122276881518928e+02
7.250527976345520074e+02
