8.702471159325114058e+00
8.705361082768304115e+00
8.714124115604962029e+00
8.720578732151777146e+00
8.720972553565616181e+00
8.719629243761218618e+00
8.720043928226319352e+00
8.730997838906793262e+00
8.743202707512059746e+00
8.749426455736582398e+00
8.764377693149921100e+00
8.773488564842210735e+00
8.784239346125808368e+00
8.814925088824210775e+00
8.823379008230405773e+00
8.823682394961794628e+00
8.830796471447298401e+00
8.833186654984526598e+00
8.836970852570447121e+00
8.857324803652526057e+00
8.872593868894449898e+00
8.883091673400068444e+00
8.925077954416416048e+00
8.932582430932898276e+00
8.946545457151177771e+00
8.956237316204493482e+00
8.958120327139667438e+00
8.959822941048967593e+00
8.962034059818037690e+00
8.982086098568391463e+00
8.984507425386867752e+00
8.990210901840333335e+00
8.997761199348891736e+00
9.008390392732978924e+00
9.020735262964178602e+00
9.044072290112733725e+00
9.050034566372243461e+00
9.054009155746751247e+00
9.054133681491082442e+00
9.054539560766695416e+00
9.060086647736863341e+00
9.061812985654732699e+00
9.062134418743749364e+00
9.061848750537679464e+00
9.062594526937406414e+00
9.073933691772143817e+00
9.085965512715302950e+00
9.096344759092932719e+00
