Profile Output Table - Standard Table 1
HEC-RAS  Plan: Plan 05
                                                                   
# Rivers            = 1 
# Hydraulic Reaches = 3 
# River Stations    = 5 
# Plans             = 1 
# Profiles          = 145 

 Reach            River Sta        Profile            Q Total 
                                                       (m3/s) 
                                                                   
 1                25000            06NOV2025 0000       20.00 
 1                25000            06NOV2025 0010       20.00 
 1                25000            06NOV2025 0020       20.00 
 1                25000            06NOV2025 0030       20.00 
 1                25000            06NOV2025 0040       20.00 
 1                25000            06NOV2025 0050       20.00 
 1                25000            06NOV2025 0100       20.00 
 1                25000            06NOV2025 0110       20.00 
 1                25000            06NOV2025 0120       20.00 
 1                25000            06NOV2025 0130       20.00 
 1                25000            06NOV2025 0140       20.00 
 1                25000            06NOV2025 0150       20.00 
 1                25000            06NOV2025 0200       20.00 
 1                25000            06NOV2025 0210       20.83 
 1                25000            06NOV2025 0220       21.67 
 1                25000            06NOV2025 0230       22.50 
 1                25000            06NOV2025 0240       23.33 
 1                25000            06NOV2025 0250       24.17 
 1                25000            06NOV2025 0300       25.00 
 1                25000            06NOV2025 0310       24.17 
 1                25000            06NOV2025 0320       23.33 
 1                25000            06NOV2025 0330       22.50 
 1                25000            06NOV2025 0340       21.67 
 1                25000            06NOV2025 0350       20.83 
 1                25000            06NOV2025 0400       20.00 
 1                25000            06NOV2025 0410       20.00 
 1                25000            06NOV2025 0420       20.00 
 1                25000            06NOV2025 0430       20.00 
 1                25000            06NOV2025 0440       20.00 
 1                25000            06NOV2025 0450       20.00 
 1                25000            06NOV2025 0500       20.00 
 1                25000            06NOV2025 0510       20.00 
 1                25000            06NOV2025 0520       20.00 
 1                25000            06NOV2025 0530       20.00 
 1                25000            06NOV2025 0540       20.00 
 1                25000            06NOV2025 0550       20.00 
 1                25000            06NOV2025 0600       20.00 
 1                25000            06NOV2025 0610       20.00 
 1                25000            06NOV2025 0620       20.00 
 1                25000            06NOV2025 0630       20.00 
 1                25000            06NOV2025 0640       20.00 
 1                25000            06NOV2025 0650       20.00 
 1                25000            06NOV2025 0700       20.00 
 1                25000            06NOV2025 0710       20.00 
 1                25000            06NOV2025 0720       20.00 
 1                25000            06NOV2025 0730       20.00 
 1                25000            06NOV2025 0740       20.00 
 1                25000            06NOV2025 0750       20.00 
 1                25000            06NOV2025 0800       20.00 
 1                25000            06NOV2025 0810       20.00 
 1                25000            06NOV2025 0820       20.00 
 1                25000            06NOV2025 0830       20.00 
 1                25000            06NOV2025 0840       20.00 
 1                25000            06NOV2025 0850       20.00 
 1                25000            06NOV2025 0900       20.00 
 1                25000            06NOV2025 0910       20.00 
 1                25000            06NOV2025 0920       20.00 
 1                25000            06NOV2025 0930       20.00 
 1                25000            06NOV2025 0940       20.00 
 1                25000            06NOV2025 0950       20.00 
 1                25000            06NOV2025 1000       20.00 
 1                25000            06NOV2025 1010       20.00 
 1                25000            06NOV2025 1020       20.00 
 1                25000            06NOV2025 1030       20.00 
 1                25000            06NOV2025 1040       20.00 
 1                25000            06NOV2025 1050       20.00 
 1                25000            06NOV2025 1100       20.00 
 1                25000            06NOV2025 1110       20.00 
 1                25000            06NOV2025 1120       20.00 
 1                25000            06NOV2025 1130       20.00 
 1                25000            06NOV2025 1140       20.00 
 1                25000            06NOV2025 1150       20.00 
 1                25000            06NOV2025 1200       20.00 
 1                25000            06NOV2025 1210       20.00 
 1                25000            06NOV2025 1220       20.00 
 1                25000            06NOV2025 1230       20.00 
 1                25000            06NOV2025 1240       20.00 
 1                25000            06NOV2025 1250       20.00 
 1                25000            06NOV2025 1300       20.00 
 1                25000            06NOV2025 1310       20.00 
 1                25000            06NOV2025 1320       20.00 
 1                25000            06NOV2025 1330       20.00 
 1                25000            06NOV2025 1340       20.00 
 1                25000            06NOV2025 1350       20.00 
 1                25000            06NOV2025 1400       20.00 
 1                25000            06NOV2025 1410       20.00 
 1                25000            06NOV2025 1420       20.00 
 1                25000            06NOV2025 1430       20.00 
 1                25000            06NOV2025 1440       20.00 
 1                25000            06NOV2025 1450       20.00 
 1                25000            06NOV2025 1500       20.00 
 1                25000            06NOV2025 1510       20.00 
 1                25000            06NOV2025 1520       20.00 
 1                25000            06NOV2025 1530       20.00 
 1                25000            06NOV2025 1540       20.00 
 1                25000            06NOV2025 1550       20.00 
 1                25000            06NOV2025 1600       20.00 
 1                25000            06NOV2025 1610       20.00 
 1                25000            06NOV2025 1620       20.00 
 1                25000            06NOV2025 1630       20.00 
 1                25000            06NOV2025 1640       20.00 
 1                25000            06NOV2025 1650       20.00 
 1                25000            06NOV2025 1700       20.00 
 1                25000            06NOV2025 1710       20.00 
 1                25000            06NOV2025 1720       20.00 
 1                25000            06NOV2025 1730       20.00 
 1                25000            06NOV2025 1740       20.00 
 1                25000            06NOV2025 1750       20.00 
 1                25000            06NOV2025 1800       20.00 
 1                25000            06NOV2025 1810       20.00 
 1                25000            06NOV2025 1820       20.00 
 1                25000            06NOV2025 1830       20.00 
 1                25000            06NOV2025 1840       20.00 
 1                25000            06NOV2025 1850       20.00 
 1                25000            06NOV2025 1900       20.00 
 1                25000            06NOV2025 1910       20.00 
 1                25000            06NOV2025 1920       20.00 
 1                25000            06NOV2025 1930       20.00 
 1                25000            06NOV2025 1940       20.00 
 1                25000            06NOV2025 1950       20.00 
 1                25000            06NOV2025 2000       20.00 
 1                25000            06NOV2025 2010       20.00 
 1                25000            06NOV2025 2020       20.00 
 1                25000            06NOV2025 2030       20.00 
 1                25000            06NOV2025 2040       20.00 
 1                25000            06NOV2025 2050       20.00 
 1                25000            06NOV2025 2100       20.00 
 1                25000            06NOV2025 2110       20.00 
 1                25000            06NOV2025 2120       20.00 
 1                25000            06NOV2025 2130       20.00 
 1                25000            06NOV2025 2140       20.00 
 1                25000            06NOV2025 2150       20.00 
 1                25000            06NOV2025 2200       20.00 
 1                25000            06NOV2025 2210       20.00 
 1                25000            06NOV2025 2220       20.00 
 1                25000            06NOV2025 2230       20.00 
 1                25000            06NOV2025 2240       20.00 
 1                25000            06NOV2025 2250       20.00 
 1                25000            06NOV2025 2300       20.00 
 1                25000            06NOV2025 2310       20.00 
 1                25000            06NOV2025 2320       20.00 
 1                25000            06NOV2025 2330       20.00 
 1                25000            06NOV2025 2340       20.00 
 1                25000            06NOV2025 2350       20.00 
 1                25000            07NOV2025 0000       20.00 
                                                              
 1                20000            06NOV2025 0000       20.00 
 1                20000            06NOV2025 0010       20.00 
 1                20000            06NOV2025 0020       20.00 
 1                20000            06NOV2025 0030       20.00 
 1                20000            06NOV2025 0040       20.00 
 1                20000            06NOV2025 0050       20.00 
 1                20000            06NOV2025 0100       20.00 
 1                20000            06NOV2025 0110       20.00 
 1                20000            06NOV2025 0120       20.00 
 1                20000            06NOV2025 0130       20.00 
 1                20000            06NOV2025 0140       20.00 
 1                20000            06NOV2025 0150       20.00 
 1                20000            06NOV2025 0200       20.00 
 1                20000            06NOV2025 0210       20.04 
 1                20000            06NOV2025 0220       20.48 
 1                20000            06NOV2025 0230       21.01 
 1                20000            06NOV2025 0240       21.49 
 1                20000            06NOV2025 0250       21.95 
 1                20000            06NOV2025 0300       22.43 
 1                20000            06NOV2025 0310       22.86 
 1                20000            06NOV2025 0320       22.53 
 1                20000            06NOV2025 0330       22.00 
 1                20000            06NOV2025 0340       21.56 
 1                20000            06NOV2025 0350       21.17 
 1                20000            06NOV2025 0400       20.74 
 1                20000            06NOV2025 0410       20.33 
 1                20000            06NOV2025 0420       20.32 
 1                20000            06NOV2025 0430       20.39 
 1                20000            06NOV2025 0440       20.38 
 1                20000            06NOV2025 0450       20.35 
 1                20000            06NOV2025 0500       20.32 
 1                20000            06NOV2025 0510       20.30 
 1                20000            06NOV2025 0520       20.28 
 1                20000            06NOV2025 0530       20.26 
 1                20000            06NOV2025 0540       20.24 
 1                20000            06NOV2025 0550       20.22 
 1                20000            06NOV2025 0600       20.21 
 1                20000            06NOV2025 0610       20.20 
 1                20000            06NOV2025 0620       20.19 
 1                20000            06NOV2025 0630       20.18 
 1                20000            06NOV2025 0640       20.17 
 1                20000            06NOV2025 0650       20.16 
 1                20000            06NOV2025 0700       20.15 
 1                20000            06NOV2025 0710       20.14 
 1                20000            06NOV2025 0720       20.14 
 1                20000            06NOV2025 0730       20.13 
 1                20000            06NOV2025 0740       20.13 
 1                20000            06NOV2025 0750       20.12 
 1                20000            06NOV2025 0800       20.12 
 1                20000            06NOV2025 0810       20.11 
 1                20000            06NOV2025 0820       20.11 
 1                20000            06NOV2025 0830       20.10 
 1                20000            06NOV2025 0840       20.10 
 1                20000            06NOV2025 0850       20.10 
 1                20000            06NOV2025 0900       20.10 
 1                20000            06NOV2025 0910       20.09 
 1                20000            06NOV2025 0920       20.09 
 1                20000            06NOV2025 0930       20.09 
 1                20000            06NOV2025 0940       20.09 
 1                20000            06NOV2025 0950       20.08 
 1                20000            06NOV2025 1000       20.08 
 1                20000            06NOV2025 1010       20.08 
 1                20000            06NOV2025 1020       20.08 
 1                20000            06NOV2025 1030       20.08 
 1                20000            06NOV2025 1040       20.07 
 1                20000            06NOV2025 1050       20.07 
 1                20000            06NOV2025 1100       20.07 
 1                20000            06NOV2025 1110       20.07 
 1                20000            06NOV2025 1120       20.07 
 1                20000            06NOV2025 1130       20.07 
 1                20000            06NOV2025 1140       20.07 
 1                20000            06NOV2025 1150       20.07 
 1                20000            06NOV2025 1200       20.06 
 1                20000            06NOV2025 1210       20.06 
 1                20000            06NOV2025 1220       20.06 
 1                20000            06NOV2025 1230       20.06 
 1                20000            06NOV2025 1240       20.06 
 1                20000            06NOV2025 1250       20.06 
 1                20000            06NOV2025 1300       20.06 
 1                20000            06NOV2025 1310       20.06 
 1                20000            06NOV2025 1320       20.06 
 1                20000            06NOV2025 1330       20.06 
 1                20000            06NOV2025 1340       20.05 
 1                20000            06NOV2025 1350       20.05 
 1                20000            06NOV2025 1400       20.05 
 1                20000            06NOV2025 1410       20.05 
 1                20000            06NOV2025 1420       20.05 
 1                20000            06NOV2025 1430       20.05 
 1                20000            06NOV2025 1440       20.05 
 1                20000            06NOV2025 1450       20.05 
 1                20000            06NOV2025 1500       20.05 
 1                20000            06NOV2025 1510       20.05 
 1                20000            06NOV2025 1520       20.05 
 1                20000            06NOV2025 1530       20.05 
 1                20000            06NOV2025 1540       20.05 
 1                20000            06NOV2025 1550       20.05 
 1                20000            06NOV2025 1600       20.04 
 1                20000            06NOV2025 1610       20.04 
 1                20000            06NOV2025 1620       20.04 
 1                20000            06NOV2025 1630       20.04 
 1                20000            06NOV2025 1640       20.04 
 1                20000            06NOV2025 1650       20.04 
 1                20000            06NOV2025 1700       20.04 
 1                20000            06NOV2025 1710       20.04 
 1                20000            06NOV2025 1720       20.04 
 1                20000            06NOV2025 1730       20.04 
 1                20000            06NOV2025 1740       20.04 
 1                20000            06NOV2025 1750       20.04 
 1                20000            06NOV2025 1800       20.04 
 1                20000            06NOV2025 1810       20.04 
 1                20000            06NOV2025 1820       20.04 
 1                20000            06NOV2025 1830       20.04 
 1                20000            06NOV2025 1840       20.04 
 1                20000            06NOV2025 1850       20.03 
 1                20000            06NOV2025 1900       20.03 
 1                20000            06NOV2025 1910       20.03 
 1                20000            06NOV2025 1920       20.03 
 1                20000            06NOV2025 1930       20.03 
 1                20000            06NOV2025 1940       20.03 
 1                20000            06NOV2025 1950       20.03 
 1                20000            06NOV2025 2000       20.03 
 1                20000            06NOV2025 2010       20.03 
 1                20000            06NOV2025 2020       20.03 
 1                20000            06NOV2025 2030       20.03 
 1                20000            06NOV2025 2040       20.03 
 1                20000            06NOV2025 2050       20.03 
 1                20000            06NOV2025 2100       20.03 
 1                20000            06NOV2025 2110       20.03 
 1                20000            06NOV2025 2120       20.03 
 1                20000            06NOV2025 2130       20.03 
 1                20000            06NOV2025 2140       20.03 
 1                20000            06NOV2025 2150       20.03 
 1                20000            06NOV2025 2200       20.03 
 1                20000            06NOV2025 2210       20.03 
 1                20000            06NOV2025 2220       20.03 
 1                20000            06NOV2025 2230       20.03 
 1                20000            06NOV2025 2240       20.03 
 1                20000            06NOV2025 2250       20.02 
 1                20000            06NOV2025 2300       20.02 
 1                20000            06NOV2025 2310       20.02 
 1                20000            06NOV2025 2320       20.02 
 1                20000            06NOV2025 2330       20.02 
 1                20000            06NOV2025 2340       20.02 
 1                20000            06NOV2025 2350       20.02 
 1                20000            07NOV2025 0000       20.02 
                                                              
 2                30000            06NOV2025 0000       20.00 
 2                30000            06NOV2025 0010       20.00 
 2                30000            06NOV2025 0020       20.00 
 2                30000            06NOV2025 0030       20.00 
 2                30000            06NOV2025 0040       20.00 
 2                30000            06NOV2025 0050       20.00 
 2                30000            06NOV2025 0100       20.00 
 2                30000            06NOV2025 0110       20.00 
 2                30000            06NOV2025 0120       20.00 
 2                30000            06NOV2025 0130       20.00 
 2                30000            06NOV2025 0140       20.00 
 2                30000            06NOV2025 0150       20.00 
 2                30000            06NOV2025 0200       20.00 
 2                30000            06NOV2025 0210       20.83 
 2                30000            06NOV2025 0220       21.67 
 2                30000            06NOV2025 0230       22.50 
 2                30000            06NOV2025 0240       23.33 
 2                30000            06NOV2025 0250       24.17 
 2                30000            06NOV2025 0300       25.00 
 2                30000            06NOV2025 0310       24.17 
 2                30000            06NOV2025 0320       23.33 
 2                30000            06NOV2025 0330       22.50 
 2                30000            06NOV2025 0340       21.67 
 2                30000            06NOV2025 0350       20.83 
 2                30000            06NOV2025 0400       20.00 
 2                30000            06NOV2025 0410       20.00 
 2                30000            06NOV2025 0420       20.00 
 2                30000            06NOV2025 0430       20.00 
 2                30000            06NOV2025 0440       20.00 
 2                30000            06NOV2025 0450       20.00 
 2                30000            06NOV2025 0500       20.00 
 2                30000            06NOV2025 0510       20.00 
 2                30000            06NOV2025 0520       20.00 
 2                30000            06NOV2025 0530       20.00 
 2                30000            06NOV2025 0540       20.00 
 2                30000            06NOV2025 0550       20.00 
 2                30000            06NOV2025 0600       20.00 
 2                30000            06NOV2025 0610       20.00 
 2                30000            06NOV2025 0620       20.00 
 2                30000            06NOV2025 0630       20.00 
 2                30000            06NOV2025 0640       20.00 
 2                30000            06NOV2025 0650       20.00 
 2                30000            06NOV2025 0700       20.00 
 2                30000            06NOV2025 0710       20.00 
 2                30000            06NOV2025 0720       20.00 
 2                30000            06NOV2025 0730       20.00 
 2                30000            06NOV2025 0740       20.00 
 2                30000            06NOV2025 0750       20.00 
 2                30000            06NOV2025 0800       20.00 
 2                30000            06NOV2025 0810       20.00 
 2                30000            06NOV2025 0820       20.00 
 2                30000            06NOV2025 0830       20.00 
 2                30000            06NOV2025 0840       20.00 
 2                30000            06NOV2025 0850       20.00 
 2                30000            06NOV2025 0900       20.00 
 2                30000            06NOV2025 0910       20.00 
 2                30000            06NOV2025 0920       20.00 
 2                30000            06NOV2025 0930       20.00 
 2                30000            06NOV2025 0940       20.00 
 2                30000            06NOV2025 0950       20.00 
 2                30000            06NOV2025 1000       20.00 
 2                30000            06NOV2025 1010       20.00 
 2                30000            06NOV2025 1020       20.00 
 2                30000            06NOV2025 1030       20.00 
 2                30000            06NOV2025 1040       20.00 
 2                30000            06NOV2025 1050       20.00 
 2                30000            06NOV2025 1100       20.00 
 2                30000            06NOV2025 1110       20.00 
 2                30000            06NOV2025 1120       20.00 
 2                30000            06NOV2025 1130       20.00 
 2                30000            06NOV2025 1140       20.00 
 2                30000            06NOV2025 1150       20.00 
 2                30000            06NOV2025 1200       20.00 
 2                30000            06NOV2025 1210       20.00 
 2                30000            06NOV2025 1220       20.00 
 2                30000            06NOV2025 1230       20.00 
 2                30000            06NOV2025 1240       20.00 
 2                30000            06NOV2025 1250       20.00 
 2                30000            06NOV2025 1300       20.00 
 2                30000            06NOV2025 1310       20.00 
 2                30000            06NOV2025 1320       20.00 
 2                30000            06NOV2025 1330       20.00 
 2                30000            06NOV2025 1340       20.00 
 2                30000            06NOV2025 1350       20.00 
 2                30000            06NOV2025 1400       20.00 
 2                30000            06NOV2025 1410       20.00 
 2                30000            06NOV2025 1420       20.00 
 2                30000            06NOV2025 1430       20.00 
 2                30000            06NOV2025 1440       20.00 
 2                30000            06NOV2025 1450       20.00 
 2                30000            06NOV2025 1500       20.00 
 2                30000            06NOV2025 1510       20.00 
 2                30000            06NOV2025 1520       20.00 
 2                30000            06NOV2025 1530       20.00 
 2                30000            06NOV2025 1540       20.00 
 2                30000            06NOV2025 1550       20.00 
 2                30000            06NOV2025 1600       20.00 
 2                30000            06NOV2025 1610       20.00 
 2                30000            06NOV2025 1620       20.00 
 2                30000            06NOV2025 1630       20.00 
 2                30000            06NOV2025 1640       20.00 
 2                30000            06NOV2025 1650       20.00 
 2                30000            06NOV2025 1700       20.00 
 2                30000            06NOV2025 1710       20.00 
 2                30000            06NOV2025 1720       20.00 
 2                30000            06NOV2025 1730       20.00 
 2                30000            06NOV2025 1740       20.00 
 2                30000            06NOV2025 1750       20.00 
 2                30000            06NOV2025 1800       20.00 
 2                30000            06NOV2025 1810       20.00 
 2                30000            06NOV2025 1820       20.00 
 2                30000            06NOV2025 1830       20.00 
 2                30000            06NOV2025 1840       20.00 
 2                30000            06NOV2025 1850       20.00 
 2                30000            06NOV2025 1900       20.00 
 2                30000            06NOV2025 1910       20.00 
 2                30000            06NOV2025 1920       20.00 
 2                30000            06NOV2025 1930       20.00 
 2                30000            06NOV2025 1940       20.00 
 2                30000            06NOV2025 1950       20.00 
 2                30000            06NOV2025 2000       20.00 
 2                30000            06NOV2025 2010       20.00 
 2                30000            06NOV2025 2020       20.00 
 2                30000            06NOV2025 2030       20.00 
 2                30000            06NOV2025 2040       20.00 
 2                30000            06NOV2025 2050       20.00 
 2                30000            06NOV2025 2100       20.00 
 2                30000            06NOV2025 2110       20.00 
 2                30000            06NOV2025 2120       20.00 
 2                30000            06NOV2025 2130       20.00 
 2                30000            06NOV2025 2140       20.00 
 2                30000            06NOV2025 2150       20.00 
 2                30000            06NOV2025 2200       20.00 
 2                30000            06NOV2025 2210       20.00 
 2                30000            06NOV2025 2220       20.00 
 2                30000            06NOV2025 2230       20.00 
 2                30000            06NOV2025 2240       20.00 
 2                30000            06NOV2025 2250       20.00 
 2                30000            06NOV2025 2300       20.00 
 2                30000            06NOV2025 2310       20.00 
 2                30000            06NOV2025 2320       20.00 
 2                30000            06NOV2025 2330       20.00 
 2                30000            06NOV2025 2340       20.00 
 2                30000            06NOV2025 2350       20.00 
 2                30000            07NOV2025 0000       20.00 
                                                              
 2                20000            06NOV2025 0000       20.00 
 2                20000            06NOV2025 0010       20.00 
 2                20000            06NOV2025 0020       20.00 
 2                20000            06NOV2025 0030       20.00 
 2                20000            06NOV2025 0040       20.00 
 2                20000            06NOV2025 0050       20.00 
 2                20000            06NOV2025 0100       20.00 
 2                20000            06NOV2025 0110       20.00 
 2                20000            06NOV2025 0120       20.00 
 2                20000            06NOV2025 0130       20.00 
 2                20000            06NOV2025 0140       20.00 
 2                20000            06NOV2025 0150       20.00 
 2                20000            06NOV2025 0200       20.00 
 2                20000            06NOV2025 0210       19.98 
 2                20000            06NOV2025 0220       19.77 
 2                20000            06NOV2025 0230       19.62 
 2                20000            06NOV2025 0240       19.63 
 2                20000            06NOV2025 0250       19.70 
 2                20000            06NOV2025 0300       19.80 
 2                20000            06NOV2025 0310       19.98 
 2                20000            06NOV2025 0320       20.57 
 2                20000            06NOV2025 0330       21.08 
 2                20000            06NOV2025 0340       21.32 
 2                20000            06NOV2025 0350       21.45 
 2                20000            06NOV2025 0400       21.51 
 2                20000            06NOV2025 0410       21.50 
 2                20000            06NOV2025 0420       21.23 
 2                20000            06NOV2025 0430       20.99 
 2                20000            06NOV2025 0440       20.88 
 2                20000            06NOV2025 0450       20.79 
 2                20000            06NOV2025 0500       20.72 
 2                20000            06NOV2025 0510       20.66 
 2                20000            06NOV2025 0520       20.60 
 2                20000            06NOV2025 0530       20.56 
 2                20000            06NOV2025 0540       20.52 
 2                20000            06NOV2025 0550       20.48 
 2                20000            06NOV2025 0600       20.45 
 2                20000            06NOV2025 0610       20.42 
 2                20000            06NOV2025 0620       20.40 
 2                20000            06NOV2025 0630       20.37 
 2                20000            06NOV2025 0640       20.35 
 2                20000            06NOV2025 0650       20.33 
 2                20000            06NOV2025 0700       20.32 
 2                20000            06NOV2025 0710       20.30 
 2                20000            06NOV2025 0720       20.28 
 2                20000            06NOV2025 0730       20.27 
 2                20000            06NOV2025 0740       20.26 
 2                20000            06NOV2025 0750       20.25 
 2                20000            06NOV2025 0800       20.24 
 2                20000            06NOV2025 0810       20.23 
 2                20000            06NOV2025 0820       20.22 
 2                20000            06NOV2025 0830       20.21 
 2                20000            06NOV2025 0840       20.20 
 2                20000            06NOV2025 0850       20.20 
 2                20000            06NOV2025 0900       20.19 
 2                20000            06NOV2025 0910       20.19 
 2                20000            06NOV2025 0920       20.18 
 2                20000            06NOV2025 0930       20.18 
 2                20000            06NOV2025 0940       20.17 
 2                20000            06NOV2025 0950       20.17 
 2                20000            06NOV2025 1000       20.16 
 2                20000            06NOV2025 1010       20.16 
 2                20000            06NOV2025 1020       20.15 
 2                20000            06NOV2025 1030       20.15 
 2                20000            06NOV2025 1040       20.15 
 2                20000            06NOV2025 1050       20.14 
 2                20000            06NOV2025 1100       20.14 
 2                20000            06NOV2025 1110       20.14 
 2                20000            06NOV2025 1120       20.14 
 2                20000            06NOV2025 1130       20.13 
 2                20000            06NOV2025 1140       20.13 
 2                20000            06NOV2025 1150       20.13 
 2                20000            06NOV2025 1200       20.13 
 2                20000            06NOV2025 1210       20.12 
 2                20000            06NOV2025 1220       20.12 
 2                20000            06NOV2025 1230       20.12 
 2                20000            06NOV2025 1240       20.12 
 2                20000            06NOV2025 1250       20.12 
 2                20000            06NOV2025 1300       20.11 
 2                20000            06NOV2025 1310       20.11 
 2                20000            06NOV2025 1320       20.11 
 2                20000            06NOV2025 1330       20.11 
 2                20000            06NOV2025 1340       20.11 
 2                20000            06NOV2025 1350       20.11 
 2                20000            06NOV2025 1400       20.10 
 2                20000            06NOV2025 1410       20.10 
 2                20000            06NOV2025 1420       20.10 
 2                20000            06NOV2025 1430       20.10 
 2                20000            06NOV2025 1440       20.10 
 2                20000            06NOV2025 1450       20.10 
 2                20000            06NOV2025 1500       20.09 
 2                20000            06NOV2025 1510       20.09 
 2                20000            06NOV2025 1520       20.09 
 2                20000            06NOV2025 1530       20.09 
 2                20000            06NOV2025 1540       20.09 
 2                20000            06NOV2025 1550       20.09 
 2                20000            06NOV2025 1600       20.09 
 2                20000            06NOV2025 1610       20.09 
 2                20000            06NOV2025 1620       20.08 
 2                20000            06NOV2025 1630       20.08 
 2                20000            06NOV2025 1640       20.08 
 2                20000            06NOV2025 1650       20.08 
 2                20000            06NOV2025 1700       20.08 
 2                20000            06NOV2025 1710       20.08 
 2                20000            06NOV2025 1720       20.08 
 2                20000            06NOV2025 1730       20.08 
 2                20000            06NOV2025 1740       20.07 
 2                20000            06NOV2025 1750       20.07 
 2                20000            06NOV2025 1800       20.07 
 2                20000            06NOV2025 1810       20.07 
 2                20000            06NOV2025 1820       20.07 
 2                20000            06NOV2025 1830       20.07 
 2                20000            06NOV2025 1840       20.07 
 2                20000            06NOV2025 1850       20.07 
 2                20000            06NOV2025 1900       20.07 
 2                20000            06NOV2025 1910       20.07 
 2                20000            06NOV2025 1920       20.06 
 2                20000            06NOV2025 1930       20.06 
 2                20000            06NOV2025 1940       20.06 
 2                20000            06NOV2025 1950       20.06 
 2                20000            06NOV2025 2000       20.06 
 2                20000            06NOV2025 2010       20.06 
 2                20000            06NOV2025 2020       20.06 
 2                20000            06NOV2025 2030       20.06 
 2                20000            06NOV2025 2040       20.06 
 2                20000            06NOV2025 2050       20.06 
 2                20000            06NOV2025 2100       20.06 
 2                20000            06NOV2025 2110       20.06 
 2                20000            06NOV2025 2120       20.05 
 2                20000            06NOV2025 2130       20.05 
 2                20000            06NOV2025 2140       20.05 
 2                20000            06NOV2025 2150       20.05 
 2                20000            06NOV2025 2200       20.05 
 2                20000            06NOV2025 2210       20.05 
 2                20000            06NOV2025 2220       20.05 
 2                20000            06NOV2025 2230       20.05 
 2                20000            06NOV2025 2240       20.05 
 2                20000            06NOV2025 2250       20.05 
 2                20000            06NOV2025 2300       20.05 
 2                20000            06NOV2025 2310       20.05 
 2                20000            06NOV2025 2320       20.05 
 2                20000            06NOV2025 2330       20.05 
 2                20000            06NOV2025 2340       20.04 
 2                20000            06NOV2025 2350       20.04 
 2                20000            07NOV2025 0000       20.04 
                                                              
 3                20000            06NOV2025 0000       40.00 
 3                20000            06NOV2025 0010       40.00 
 3                20000            06NOV2025 0020       40.00 
 3                20000            06NOV2025 0030       40.00 
 3                20000            06NOV2025 0040       40.00 
 3                20000            06NOV2025 0050       40.00 
 3                20000            06NOV2025 0100       40.00 
 3                20000            06NOV2025 0110       40.00 
 3                20000            06NOV2025 0120       40.00 
 3                20000            06NOV2025 0130       40.00 
 3                20000            06NOV2025 0140       40.00 
 3                20000            06NOV2025 0150       40.00 
 3                20000            06NOV2025 0200       40.00 
 3                20000            06NOV2025 0210       40.02 
 3                20000            06NOV2025 0220       40.25 
 3                20000            06NOV2025 0230       40.63 
 3                20000            06NOV2025 0240       41.11 
 3                20000            06NOV2025 0250       41.64 
 3                20000            06NOV2025 0300       42.23 
 3                20000            06NOV2025 0310       42.84 
 3                20000            06NOV2025 0320       43.10 
 3                20000            06NOV2025 0330       43.08 
 3                20000            06NOV2025 0340       42.89 
 3                20000            06NOV2025 0350       42.62 
 3                20000            06NOV2025 0400       42.26 
 3                20000            06NOV2025 0410       41.83 
 3                20000            06NOV2025 0420       41.56 
 3                20000            06NOV2025 0430       41.39 
 3                20000            06NOV2025 0440       41.26 
 3                20000            06NOV2025 0450       41.14 
 3                20000            06NOV2025 0500       41.04 
 3                20000            06NOV2025 0510       40.95 
 3                20000            06NOV2025 0520       40.88 
 3                20000            06NOV2025 0530       40.82 
 3                20000            06NOV2025 0540       40.76 
 3                20000            06NOV2025 0550       40.71 
 3                20000            06NOV2025 0600       40.66 
 3                20000            06NOV2025 0610       40.62 
 3                20000            06NOV2025 0620       40.58 
 3                20000            06NOV2025 0630       40.55 
 3                20000            06NOV2025 0640       40.52 
 3                20000            06NOV2025 0650       40.49 
 3                20000            06NOV2025 0700       40.47 
 3                20000            06NOV2025 0710       40.44 
 3                20000            06NOV2025 0720       40.42 
 3                20000            06NOV2025 0730       40.40 
 3                20000            06NOV2025 0740       40.39 
 3                20000            06NOV2025 0750       40.37 
 3                20000            06NOV2025 0800       40.35 
 3                20000            06NOV2025 0810       40.34 
 3                20000            06NOV2025 0820       40.33 
 3                20000            06NOV2025 0830       40.32 
 3                20000            06NOV2025 0840       40.31 
 3                20000            06NOV2025 0850       40.30 
 3                20000            06NOV2025 0900       40.29 
 3                20000            06NOV2025 0910       40.28 
 3                20000            06NOV2025 0920       40.27 
 3                20000            06NOV2025 0930       40.26 
 3                20000            06NOV2025 0940       40.26 
 3                20000            06NOV2025 0950       40.25 
 3                20000            06NOV2025 1000       40.24 
 3                20000            06NOV2025 1010       40.24 
 3                20000            06NOV2025 1020       40.23 
 3                20000            06NOV2025 1030       40.23 
 3                20000            06NOV2025 1040       40.22 
 3                20000            06NOV2025 1050       40.22 
 3                20000            06NOV2025 1100       40.21 
 3                20000            06NOV2025 1110       40.21 
 3                20000            06NOV2025 1120       40.20 
 3                20000            06NOV2025 1130       40.20 
 3                20000            06NOV2025 1140       40.20 
 3                20000            06NOV2025 1150       40.19 
 3                20000            06NOV2025 1200       40.19 
 3                20000            06NOV2025 1210       40.19 
 3                20000            06NOV2025 1220       40.18 
 3                20000            06NOV2025 1230       40.18 
 3                20000            06NOV2025 1240       40.18 
 3                20000            06NOV2025 1250       40.17 
 3                20000            06NOV2025 1300       40.17 
 3                20000            06NOV2025 1310       40.17 
 3                20000            06NOV2025 1320       40.17 
 3                20000            06NOV2025 1330       40.16 
 3                20000            06NOV2025 1340       40.16 
 3                20000            06NOV2025 1350       40.16 
 3                20000            06NOV2025 1400       40.16 
 3                20000            06NOV2025 1410       40.15 
 3                20000            06NOV2025 1420       40.15 
 3                20000            06NOV2025 1430       40.15 
 3                20000            06NOV2025 1440       40.15 
 3                20000            06NOV2025 1450       40.15 
 3                20000            06NOV2025 1500       40.14 
 3                20000            06NOV2025 1510       40.14 
 3                20000            06NOV2025 1520       40.14 
 3                20000            06NOV2025 1530       40.14 
 3                20000            06NOV2025 1540       40.13 
 3                20000            06NOV2025 1550       40.13 
 3                20000            06NOV2025 1600       40.13 
 3                20000            06NOV2025 1610       40.13 
 3                20000            06NOV2025 1620       40.13 
 3                20000            06NOV2025 1630       40.13 
 3                20000            06NOV2025 1640       40.12 
 3                20000            06NOV2025 1650       40.12 
 3                20000            06NOV2025 1700       40.12 
 3                20000            06NOV2025 1710       40.12 
 3                20000            06NOV2025 1720       40.12 
 3                20000            06NOV2025 1730       40.12 
 3                20000            06NOV2025 1740       40.11 
 3                20000            06NOV2025 1750       40.11 
 3                20000            06NOV2025 1800       40.11 
 3                20000            06NOV2025 1810       40.11 
 3                20000            06NOV2025 1820       40.11 
 3                20000            06NOV2025 1830       40.11 
 3                20000            06NOV2025 1840       40.10 
 3                20000            06NOV2025 1850       40.10 
 3                20000            06NOV2025 1900       40.10 
 3                20000            06NOV2025 1910       40.10 
 3                20000            06NOV2025 1920       40.10 
 3                20000            06NOV2025 1930       40.10 
 3                20000            06NOV2025 1940       40.10 
 3                20000            06NOV2025 1950       40.09 
 3                20000            06NOV2025 2000       40.09 
 3                20000            06NOV2025 2010       40.09 
 3                20000            06NOV2025 2020       40.09 
 3                20000            06NOV2025 2030       40.09 
 3                20000            06NOV2025 2040       40.09 
 3                20000            06NOV2025 2050       40.09 
 3                20000            06NOV2025 2100       40.09 
 3                20000            06NOV2025 2110       40.08 
 3                20000            06NOV2025 2120       40.08 
 3                20000            06NOV2025 2130       40.08 
 3                20000            06NOV2025 2140       40.08 
 3                20000            06NOV2025 2150       40.08 
 3                20000            06NOV2025 2200       40.08 
 3                20000            06NOV2025 2210       40.08 
 3                20000            06NOV2025 2220       40.08 
 3                20000            06NOV2025 2230       40.08 
 3                20000            06NOV2025 2240       40.07 
 3                20000            06NOV2025 2250       40.07 
 3                20000            06NOV2025 2300       40.07 
 3                20000            06NOV2025 2310       40.07 
 3                20000            06NOV2025 2320       40.07 
 3                20000            06NOV2025 2330       40.07 
 3                20000            06NOV2025 2340       40.07 
 3                20000            06NOV2025 2350       40.07 
 3                20000            07NOV2025 0000       40.07 
                                                              
 3                0                06NOV2025 0000       40.01 
 3                0                06NOV2025 0010       40.01 
 3                0                06NOV2025 0020       40.01 
 3                0                06NOV2025 0030       40.01 
 3                0                06NOV2025 0040       40.01 
 3                0                06NOV2025 0050       40.01 
 3                0                06NOV2025 0100       40.01 
 3                0                06NOV2025 0110       40.01 
 3                0                06NOV2025 0120       40.01 
 3                0                06NOV2025 0130       40.01 
 3                0                06NOV2025 0140       40.01 
 3                0                06NOV2025 0150       40.01 
 3                0                06NOV2025 0200       40.01 
 3                0                06NOV2025 0210       40.01 
 3                0                06NOV2025 0220       40.01 
 3                0                06NOV2025 0230       40.01 
 3                0                06NOV2025 0240       40.01 
 3                0                06NOV2025 0250       40.01 
 3                0                06NOV2025 0300       40.01 
 3                0                06NOV2025 0310       40.01 
 3                0                06NOV2025 0320       40.02 
 3                0                06NOV2025 0330       40.03 
 3                0                06NOV2025 0340       40.05 
 3                0                06NOV2025 0350       40.08 
 3                0                06NOV2025 0400       40.11 
 3                0                06NOV2025 0410       40.15 
 3                0                06NOV2025 0420       40.20 
 3                0                06NOV2025 0430       40.25 
 3                0                06NOV2025 0440       40.30 
 3                0                06NOV2025 0450       40.35 
 3                0                06NOV2025 0500       40.39 
 3                0                06NOV2025 0510       40.43 
 3                0                06NOV2025 0520       40.46 
 3                0                06NOV2025 0530       40.49 
 3                0                06NOV2025 0540       40.52 
 3                0                06NOV2025 0550       40.54 
 3                0                06NOV2025 0600       40.56 
 3                0                06NOV2025 0610       40.57 
 3                0                06NOV2025 0620       40.59 
 3                0                06NOV2025 0630       40.60 
 3                0                06NOV2025 0640       40.61 
 3                0                06NOV2025 0650       40.61 
 3                0                06NOV2025 0700       40.62 
 3                0                06NOV2025 0710       40.62 
 3                0                06NOV2025 0720       40.62 
 3                0                06NOV2025 0730       40.63 
 3                0                06NOV2025 0740       40.63 
 3                0                06NOV2025 0750       40.62 
 3                0                06NOV2025 0800       40.62 
 3                0                06NOV2025 0810       40.62 
 3                0                06NOV2025 0820       40.62 
 3                0                06NOV2025 0830       40.61 
 3                0                06NOV2025 0840       40.61 
 3                0                06NOV2025 0850       40.61 
 3                0                06NOV2025 0900       40.60 
 3                0                06NOV2025 0910       40.60 
 3                0                06NOV2025 0920       40.59 
 3                0                06NOV2025 0930       40.58 
 3                0                06NOV2025 0940       40.58 
 3                0                06NOV2025 0950       40.57 
 3                0                06NOV2025 1000       40.57 
 3                0                06NOV2025 1010       40.56 
 3                0                06NOV2025 1020       40.55 
 3                0                06NOV2025 1030       40.55 
 3                0                06NOV2025 1040       40.54 
 3                0                06NOV2025 1050       40.53 
 3                0                06NOV2025 1100       40.53 
 3                0                06NOV2025 1110       40.52 
 3                0                06NOV2025 1120       40.52 
 3                0                06NOV2025 1130       40.51 
 3                0                06NOV2025 1140       40.50 
 3                0                06NOV2025 1150       40.50 
 3                0                06NOV2025 1200       40.49 
 3                0                06NOV2025 1210       40.48 
 3                0                06NOV2025 1220       40.48 
 3                0                06NOV2025 1230       40.47 
 3                0                06NOV2025 1240       40.46 
 3                0                06NOV2025 1250       40.46 
 3                0                06NOV2025 1300       40.45 
 3                0                06NOV2025 1310       40.45 
 3                0                06NOV2025 1320       40.44 
 3                0                06NOV2025 1330       40.43 
 3                0                06NOV2025 1340       40.43 
 3                0                06NOV2025 1350       40.42 
 3                0                06NOV2025 1400       40.42 
 3                0                06NOV2025 1410       40.41 
 3                0                06NOV2025 1420       40.40 
 3                0                06NOV2025 1430       40.40 
 3                0                06NOV2025 1440       40.39 
 3                0                06NOV2025 1450       40.39 
 3                0                06NOV2025 1500       40.38 
 3                0                06NOV2025 1510       40.38 
 3                0                06NOV2025 1520       40.37 
 3                0                06NOV2025 1530       40.37 
 3                0                06NOV2025 1540       40.36 
 3                0                06NOV2025 1550       40.36 
 3                0                06NOV2025 1600       40.35 
 3                0                06NOV2025 1610       40.35 
 3                0                06NOV2025 1620       40.34 
 3                0                06NOV2025 1630       40.34 
 3                0                06NOV2025 1640       40.33 
 3                0                06NOV2025 1650       40.33 
 3                0                06NOV2025 1700       40.32 
 3                0                06NOV2025 1710       40.32 
 3                0                06NOV2025 1720       40.31 
 3                0                06NOV2025 1730       40.31 
 3                0                06NOV2025 1740       40.31 
 3                0                06NOV2025 1750       40.30 
 3                0                06NOV2025 1800       40.30 
 3                0                06NOV2025 1810       40.29 
 3                0                06NOV2025 1820       40.29 
 3                0                06NOV2025 1830       40.29 
 3                0                06NOV2025 1840       40.28 
 3                0                06NOV2025 1850       40.28 
 3                0                06NOV2025 1900       40.27 
 3                0                06NOV2025 1910       40.27 
 3                0                06NOV2025 1920       40.27 
 3                0                06NOV2025 1930       40.26 
 3                0                06NOV2025 1940       40.26 
 3                0                06NOV2025 1950       40.25 
 3                0                06NOV2025 2000       40.25 
 3                0                06NOV2025 2010       40.25 
 3                0                06NOV2025 2020       40.24 
 3                0                06NOV2025 2030       40.24 
 3                0                06NOV2025 2040       40.24 
 3                0                06NOV2025 2050       40.23 
 3                0                06NOV2025 2100       40.23 
 3                0                06NOV2025 2110       40.23 
 3                0                06NOV2025 2120       40.22 
 3                0                06NOV2025 2130       40.22 
 3                0                06NOV2025 2140       40.22 
 3                0                06NOV2025 2150       40.22 
 3                0                06NOV2025 2200       40.21 
 3                0                06NOV2025 2210       40.21 
 3                0                06NOV2025 2220       40.21 
 3                0                06NOV2025 2230       40.20 
 3                0                06NOV2025 2240       40.20 
 3                0                06NOV2025 2250       40.20 
 3                0                06NOV2025 2300       40.19 
 3                0                06NOV2025 2310       40.19 
 3                0                06NOV2025 2320       40.19 
 3                0                06NOV2025 2330       40.19 
 3                0                06NOV2025 2340       40.18 
 3                0                06NOV2025 2350       40.18 
 3                0                07NOV2025 0000       40.18 
                                                                   
