9.195196208456499321e+00
9.197651039405426943e+00
9.204466259604412670e+00
9.206882571783305380e+00
9.204924967548185677e+00
9.197056536921055070e+00
9.195727170918331694e+00
9.199989236789118507e+00
9.209069475030844387e+00
9.214040618728960297e+00
9.226349520290346717e+00
9.233943353803939047e+00
9.242863350609869855e+00
9.266225318142419454e+00
9.270010892873477459e+00
9.270058296955582477e+00
9.270044382953788187e+00
9.270834658529860661e+00
9.272778426094507864e+00
9.287917622996921807e+00
9.300837026988382661e+00
9.309968796444000105e+00
9.346643465939044049e+00
9.352945098747683872e+00
9.363815197570051652e+00
9.368481880458388034e+00
9.366587036850619441e+00
9.364749230161098836e+00
9.365040006969987729e+00
9.379375347679102859e+00
9.381408552498589515e+00
9.386280712920132885e+00
9.392853270539276878e+00
9.402237234493679097e+00
9.413195726899907356e+00
9.433493276332891142e+00
9.438365008543756929e+00
9.441413836251951963e+00
9.441505247133388679e+00
9.441800939923405522e+00
9.445207138014950488e+00
9.445442680321418649e+00
9.442529820654359085e+00
9.440048641974112087e+00
9.439429528166183303e+00
9.447759421337243779e+00
9.458894088468721151e+00
9.468896246304076669e+00
