1.443477474252916393e+00
1.424279137366123660e+00
1.306863565886605461e+00
1.281547497587858464e+00
1.280881278122711686e+00
1.278173558910684626e+00
1.282664084781170999e+00
1.302910823180117639e+00
1.308445577897897838e+00
1.343838081958724340e+00
1.349711529194827175e+00
1.359955903217917150e+00
1.371136556093718317e+00
1.405551213664974375e+00
1.425059333198834821e+00
1.433305216057404907e+00
1.463190473712486783e+00
1.483680893443916515e+00
1.498256872784690552e+00
1.517181181406035417e+00
1.537664463425401751e+00
1.554362188719172977e+00
1.577061133250057257e+00
1.580423265943765143e+00
1.589206785037560632e+00
1.601179733038145425e+00
1.609942889484287765e+00
1.616557993833173779e+00
1.618425586961044216e+00
1.644250665035420722e+00
1.647962301387730477e+00
1.685972836255374530e+00
1.731015590130931869e+00
1.892281790375565098e+00
1.936335356994420165e+00
1.936354238530701766e+00
1.936725048112867276e+00
1.937150739484557738e+00
1.937270849965577524e+00
1.958418905658986464e+00
1.982822932905361490e+00
1.983765196405310016e+00
1.994032188507938619e+00
