3.998203659334285476e+01
3.998314152515314390e+01
3.998421903507028219e+01
3.998526905842356882e+01
3.998628853570369301e+01
3.998727488622370174e+01
3.998822594522403051e+01
3.998913999897234817e+01
3.999001578064218165e+01
3.999085254174599413e+01
3.999165010818035171e+01
3.999240887666894650e+01
3.999312983847744363e+01
3.999381456897066300e+01
3.999446527721624989e+01
3.999508484345193438e+01
3.999567682723250073e+01
3.999624549136979113e+01
3.999679581538788398e+01
3.999733374425539978e+01
3.999786271081308087e+01
