3.533274011664616410e+00
3.549109836412680519e+00
3.613990524779895797e+00
3.731967112839035927e+00
3.796191841558466340e+00
3.973199927744931248e+00
4.022405527954403759e+00
4.229375194701460394e+00
4.339638233903748699e+00
4.386487825819534336e+00
4.489281341613908793e+00
4.549772405778428563e+00
4.622930387058245216e+00
4.899891199434588174e+00
5.060740761846139080e+00
5.069347609371743779e+00
5.309451088887339409e+00
5.365560461431458705e+00
5.432388588348789682e+00
5.642210293119311437e+00
5.749718271403613912e+00
5.815814430968353932e+00
6.078822850039934167e+00
6.135258370968490915e+00
6.270947733049109019e+00
6.468267532426816402e+00
6.607607502140768752e+00
6.739477233655685851e+00
6.814263316575823737e+00
7.068014688368200460e+00
7.087664914634226321e+00
7.130944006187155182e+00
7.183804434584501131e+00
7.253554170804930479e+00
7.332641785062155471e+00
7.499012346224581904e+00
7.553732473444791040e+00
7.597894067889723324e+00
7.599436395132812549e+00
7.604550385421199543e+00
7.698943472110478581e+00
7.760127724072392041e+00
7.885653908525205757e+00
7.970013339922727980e+00
8.024645753923270064e+00
8.167451406969314931e+00
8.229921931789355938e+00
8.268426391952958809e+00
