0.000000000000000000e+00 4.547326778487467358e+00
1.316465851067993499e+05 6.041340695110056558e+00
1.520333395972707367e+05 7.816726369723435930e+00
1.699475909108311753e+05 9.118041109689849932e+00
1.865147146984210995e+05 1.018804640468739642e+01
2.022913518874051224e+05 1.102597127283351952e+01
2.175992543867124477e+05 1.174022270522384659e+01
2.324336113690114289e+05 1.238598861996277734e+01
2.468110461887430865e+05 1.298377237653693683e+01
2.607684867580664286e+05 1.354166731754322051e+01
2.747629541119768401e+05 1.383989176403664878e+01
2.891339817582004471e+05 1.408810282561035443e+01
3.035037629756464739e+05 1.433696953048579203e+01
3.177204481116149109e+05 1.458666997040014479e+01
3.317470641369565274e+05 1.483377265486595142e+01
3.455861566419627052e+05 1.507655386279932408e+01
3.601474848356743460e+05 1.488549515601315854e+01
3.777741306672584615e+05 1.428896219556148317e+01
5.427293792823121184e+05 6.555259289149220514e+00
6.569309728258207906e+05 6.152165653118301769e+00
6.819302402516879374e+05 7.174763253388780626e+00
7.039389570809361758e+05 8.085416305040025620e+00
7.233396916505350964e+05 9.063737848948184350e+00
7.410266444020681083e+05 9.938455874970166803e+00
7.576712722708508372e+05 1.071721166634930356e+01
7.735401366359423846e+05 1.142358081487721932e+01
7.892742820040470688e+05 1.174071543855366428e+01
8.075885460111227585e+05 1.146507562748685061e+01
8.348685750095446128e+05 1.066133049438304425e+01
1.061103954173207749e+06 5.389882437775128210e+00
1.092527550124702742e+06 6.835555058266397310e+00
1.114823466587075964e+06 7.830194417800447226e+00
1.135420531600727467e+06 8.536517012036517471e+00
1.157822873013227480e+06 8.488883249404770126e+00
1.206958942917064764e+06 7.378798704191883218e+00
1.552174174771755002e+06 3.207327521151439154e+00
1.980384681073863292e+06 2.322789362817039738e+00
2.028175422600158490e+06 7.050866942142933524e+00
2.044218285425410606e+06 9.284048779547589447e+00
2.058622006711115828e+06 1.089061367244675083e+01
2.072062514554712689e+06 1.219999026593646718e+01
2.084946317129690433e+06 1.317179678393932640e+01
2.097801815641246736e+06 1.389359761493532019e+01
2.110522115622752346e+06 1.453514649691335237e+01
2.122987482390214689e+06 1.513164992912440354e+01
2.135171170262472238e+06 1.569457996417664347e+01
2.147081298897749279e+06 1.623001241850859699e+01
2.158735398855025414e+06 1.674211770353252859e+01
2.170435419481226243e+06 1.699150336449206122e+01
2.182788361258690711e+06 1.706823535721074947e+01
2.195604280593413860e+06 1.711412267806064236e+01
2.208833006124660838e+06 1.708731447706373530e+01
2.222463247452535201e+06 1.703753583222457735e+01
2.236368373475820292e+06 1.698216421268803700e+01
2.250460270535076968e+06 1.690974560757334544e+01
2.265086840163041838e+06 1.672965009787515456e+01
2.280451056834522169e+06 1.653226530759907931e+01
2.296442207562752999e+06 1.632704155281520997e+01
2.313006444854692090e+06 1.611349004472164381e+01
2.330135626468507573e+06 1.589158853427878348e+01
2.349402937463670503e+06 1.531782965091089999e+01
2.513467844447541051e+06 7.567282809401723931e+00
2.932799979819014668e+06 2.680808377839630552e+00
3.178723084740412422e+06 3.885120267740957090e+00
3.213774176677813753e+06 5.203280547441960557e+00
3.238951983264715876e+06 6.883577838545035021e+00
3.259234253439267166e+06 8.167409255610621699e+00
3.277682758345783222e+06 9.204906259712327454e+00
3.295356148279698100e+06 9.818544975237744055e+00
3.315663495441743173e+06 9.683071818771304962e+00
3.344805844210544135e+06 8.969060931322658803e+00
3.693712497468755115e+06 2.886532238944345963e+00
4.178030124394296668e+06 2.150574261442588231e+00
4.341562692430970259e+06 2.825145162649494779e+00
4.396006178291856311e+06 4.010589351099881128e+00
4.438733000512489118e+06 4.344291352122097827e+00
4.585157802502206527e+06 3.613277685343676993e+00
4.621937248441640288e+06 6.491736085162219894e+00
4.641280362397002056e+06 8.201660167961653869e+00
4.658565640643049963e+06 9.465018294117607311e+00
4.674976008844654076e+06 1.024552916656148227e+01
4.693423481883407570e+06 1.029537857507246024e+01
4.714322397691763937e+06 1.023871363125862466e+01
4.736683398735126480e+06 1.016762419014907692e+01
4.759904508762335405e+06 1.009223815114043532e+01
4.783557124208769761e+06 1.002458988531205009e+01
4.807664429079700261e+06 9.931708272057123921e+00
4.832458969583086669e+06 9.820289630626950483e+00
4.856007113974272273e+06 1.009653468579825919e+01
4.875774340243352577e+06 1.046901500871565638e+01
4.893903646670253016e+06 1.092497138316723237e+01
4.911017238967426121e+06 1.137244189163162922e+01
4.927514949354110286e+06 1.178873525891904706e+01
4.944240155341179110e+06 1.194076513339040346e+01
4.961665791888936423e+06 1.204829264536553879e+01
4.979331411836081184e+06 1.214611733290304230e+01
4.997025467890537344e+06 1.224381024490376113e+01
5.014658431701578200e+06 1.233701008034818614e+01
5.031285308847719803e+06 1.272806705891878565e+01
5.046720652056009509e+06 1.308908831052247734e+01
5.061744879817866720e+06 1.341020084483205466e+01
5.076532022368101403e+06 1.370937047446476775e+01
5.091113876646525227e+06 1.399394044967454676e+01
5.105667211659044027e+06 1.413089564541173360e+01
5.121564954550897703e+06 1.391761182110853667e+01
5.140488648991242051e+06 1.347839229369068725e+01
5.168166083442669362e+06 1.278437513928604297e+01
5.441766652133344673e+06 3.847261727196599423e+00
5.935920032604772598e+06 2.149670437087897401e+00
6.348530991056162864e+06 1.750641978981956060e+00
6.605679749553268775e+06 1.638273239019322869e+00
6.947254228262408637e+06 1.340239427898813007e+00
7.229212251230711117e+06 1.313653469256536033e+00
7.592091980587832630e+06 1.131962748151809528e+00
7.723276098391903564e+06 1.771081603682594041e+00
7.798761363169747405e+06 2.920493706995209493e+00
7799206.096865292 2.922391973577687
7799651.369369027 2.924210128329096
7800097.212308055 2.925962118786783
7800543.656230059 2.9276483817271735
7800990.7417007545 2.9292561282849308
7801438.510192727 2.930811210892291
7801886.99940814 2.9322909022384005
7802336.249449725 2.933619470591534
7802786.322501338 2.934669047279289
7803237.316163941 2.9356074619108266
7803689.270816024 2.9364728622600254
7804142.222872395 2.9372689863486907
7804596.208261461 2.937996593859022
7805051.262639104 2.938656249407764
7805507.42143595 2.9392484816741558
7805964.719887206 2.9397737941424062
7806423.1930601625 2.9402326555406635
7806882.875879466 2.9406255105382426
7807343.803155056 2.9409527690833777
7807806.009607955 2.9412148196000603
7808269.529899085 2.941412020818731
7808734.398657866 2.941547787461262
7809200.65008217 2.9416374862463384
7809668.31632237 2.9416639271992975
7810137.432130002 2.9416257395233236
7810608.032436044 2.9415231085845006
7811080.152279357 2.9413562923694454
7811553.826831675 2.941125531072289
7812029.091427307 2.9408310460253833
7812505.981594161 2.94047304005757
7812984.533083403 2.940051700797028
7813464.781900689 2.9395671985389757
7813946.764337656 2.9390016742202687
7814430.522584446 2.938245480339563
7814916.124440816 2.9374185578758505
7815403.607163249 2.936532492775211
7815893.0075800605 2.9355879206429347
7816384.3629949875 2.934584903119479
7816877.711253113 2.933524925557448
7817373.090590733 2.932411435483384
7817870.539427185 2.9312395146417267
7818370.097435503 2.9300088187281186
7818871.804956067 2.9287193364305604
7819375.703007424 2.9273710614909216
7819881.83332103 2.9259639712901744
7820390.238378255 2.92449803256986
7820900.961451172 2.922973195998764
7821414.046644479 2.921389398800736
7821929.538940649 2.919746564802462
7822447.484247179 2.918044600968998
7822967.929443739 2.916283406208747
7823490.922440193 2.9144628665358243
7824016.51223224 2.9125828623685996
7824544.748947721 2.910643240998159
7825075.683903524 2.908643831069516
7825609.369666386 2.906584439474442
7826145.86012284 2.9044662882834165
7826685.210631412 2.9022879710581124
7827227.478067491 2.9000489342682716
7827772.720886666 2.8977489442078848
7828320.999170797 2.895389352273473
7828872.374762311 2.89296825498659
7829426.911264683 2.890485269146184
7829984.674195682 2.8879400505130453
7830545.731102355 2.8853322396930023
7831110.151678542 2.8826614627028024
7831678.007889478 2.8799273349124896
7832249.37410275 2.8771294717856666
7832824.327229946 2.874267496335495
7833402.946880487 2.871341055773784
7833985.315526454 2.868349850393432
7834571.518682479 2.8652936792086954
7835161.64510841 2.862172516227732
7835755.787042991 2.8589866461921245
7836354.040496761 2.855736902375084
7836956.5056504635 2.8524251584622826
7837563.287515244 2.849055372678731
7838174.497288508 2.8456362054753543
7838790.255962536 2.842189321901463
7839410.707736018 2.838793601457643
7840036.112570102 2.8363158567516753
7840668.821146212 2.8356277268364254
7841305.190792174 2.8323328463144315
7841944.381624936 2.8282288006014986
7842586.784411479 2.8237203515560325
7843233.18152272 2.819054227349417
7843884.353462267 2.814312884225487
7844540.971301564 2.8095257719164604
7845203.586036498 2.8046988327400744
7845872.65000633 2.7998300771551374
7846548.543524769 2.7949166977848274
7847231.598773661 2.7899573869025565
7847922.117447323 2.7849432289897726
7848620.379644622 2.7798731990980228
7849326.667629313 2.774740873912969
7850041.267281675 2.7695431491855995
7850764.473696115 2.764277173291584
7851496.596122138 2.7589401699512486
7852237.962180649 2.7535293505655063
7852988.921693447 2.74804184087177
7853749.850422901 2.74247464046969
7854521.15395382 2.7368245643118985
7855303.271864439 2.731088204579796
7856096.682409316 2.725261901156907
7856901.907974169 2.719341747036269
7857719.521273825 2.713323474421791
7858550.152625106 2.7072024049781507
7859394.498758163 2.7009752025820424
7860253.335416593 2.6946350291271504
7861127.528905713 2.6881753561487827
7862018.051096442 2.6815880106221135
7862925.999060672 2.6747806959077223
