8.430030856980010867e+01
8.464226627937283354e+01
8.794008000131114500e+01
8.994839820244440887e+01
9.006061829422274911e+01
9.076993399747486535e+01
9.293493770622818317e+01
9.548636880227155643e+01
9.604535544446527240e+01
9.937280590513734069e+01
9.991802784539287074e+01
1.008729586965482667e+02
1.019189336393020966e+02
1.050811910758744432e+02
1.067729412253493848e+02
1.074610730666924923e+02
1.098451773179466358e+02
1.114225751039000016e+02
1.125458058645297115e+02
1.140448537393238269e+02
1.157905602140493500e+02
1.174018124117290398e+02
1.201690875203723579e+02
1.206761724484564411e+02
1.221730752869427334e+02
1.245338092612185790e+02
1.261640834928648616e+02
1.272047028415803709e+02
1.274693563282399964e+02
1.302471481243310905e+02
1.305573195303901457e+02
1.331328976861299225e+02
1.354840388168196057e+02
1.433588579248917370e+02
1.515470004639283843e+02
1.516824987830745215e+02
1.523356424600364676e+02
1.526606260586134738e+02
1.527315507838833639e+02
1.557484864683771661e+02
1.570378231451030047e+02
1.570769901310464718e+02
1.574728940578359584e+02
