1.051179407331655966e+03
1.051272365537463884e+03
1.051659686418807723e+03
1.052382692530971781e+03
1.052782165827830113e+03
1.053890211056648468e+03
1.054198439873020561e+03
1.055492483437483997e+03
1.056181142869989344e+03
1.056473959616142565e+03
1.057117548354135124e+03
1.057497363736228181e+03
1.057958214167579172e+03
1.059726022408981862e+03
1.060776831201413415e+03
1.060833659260867080e+03
1.062443511477581751e+03
1.062825821548558224e+03
1.063283475100121905e+03
1.064730872072281954e+03
1.065475309041200035e+03
1.065933299337889594e+03
1.067759903291244655e+03
1.068153754809121210e+03
1.069105301054983556e+03
1.070501491424359529e+03
1.071493970611387567e+03
1.072434745776927230e+03
1.072967834455774437e+03
1.074770521865344335e+03
1.074909747287332266e+03
1.075216270476220643e+03
1.075590508692544063e+03
1.076084261528379329e+03
1.076644340477036394e+03
1.077824654871785697e+03
1.078213753196702328e+03
1.078528138440938847e+03
1.078539124235923737e+03
1.078575553436127848e+03
1.079248755143054041e+03
1.079685891197767205e+03
1.080584261117624692e+03
1.081188567814099542e+03
1.081579723294665428e+03
1.082598264438148590e+03
1.083040073877924897e+03
1.083310517201593711e+03
