6.928560945120525005e+00
6.927415739966902741e+00
6.919964488143253156e+00
6.897833800861782549e+00
6.882899696208307105e+00
6.839109828536083846e+00
6.827523082611909544e+00
6.786648450097108487e+00
6.770502121264450501e+00
6.764596702380790028e+00
6.752903608590588469e+00
6.746386009990622767e+00
6.738352565328971977e+00
6.699481446852413313e+00
6.668101282869002944e+00
6.666260578329115560e+00
6.611787117846598782e+00
6.599053108753405006e+00
6.584357326166220936e+00
6.543262547950986274e+00
6.525274744621092360e+00
6.514912268791439587e+00
6.472986574301896390e+00
6.462685043711766220e+00
6.434578354126893274e+00
6.385047483578104810e+00
6.345955995249070725e+00
6.308771192841319042e+00
6.288631886050234598e+00
6.230247338785661171e+00
6.226426388433586645e+00
6.218315656696873361e+00
6.208895604759127274e+00
6.197037507941002055e+00
6.183885585627450610e+00
6.154302966263557551e+00
6.143235203280744905e+00
6.133631429863481976e+00
6.133284450383974296e+00
6.132128234456904359e+00
6.109184913802110373e+00
6.092737059143161993e+00
6.056050604049844743e+00
6.030586852395115827e+00
6.014612296483693221e+00
5.979346074719006587e+00
5.969065610245491982e+00
5.964940947819768802e+00
