1.914951954206771916e+02
1.915296691045132320e+02
1.916763955364807259e+02
1.919584683600015182e+02
1.921163431255952503e+02
1.925538159851071782e+02
1.926745131622679992e+02
1.931746130205249301e+02
1.934368621126939161e+02
1.935477619300878018e+02
1.937906305195618302e+02
1.939336082126488918e+02
1.941069922912654988e+02
1.947757883007822954e+02
1.951800450773977786e+02
1.952020976681952504e+02
1.958344653115127016e+02
1.959863601288082577e+02
1.961686663738584002e+02
1.967457943737090318e+02
1.970414934158773406e+02
1.972228307943718448e+02
1.979440135197496033e+02
1.980998621720412132e+02
1.984781235468371676e+02
1.990380036468455955e+02
1.994379682849077255e+02
1.998164667152207414e+02
2.000300117245312492e+02
2.007450464531820273e+02
2.007998427726780903e+02
2.009203241568716862e+02
2.010671800464758405e+02
2.012606740220814459e+02
2.014800420516737631e+02
2.019430288153274091e+02
2.020960752378270229e+02
2.022199229937351959e+02
2.022242538273522428e+02
2.022386165019678401e+02
2.025044504992910959e+02
2.026774690988691532e+02
2.030338726159037037e+02
2.032740580154137717e+02
2.034296134647161409e+02
2.038344144450015847e+02
2.040095529319638388e+02
2.041164997607819203e+02
