2.906875569098634760e+00
2.913516025602889137e+00
2.975493623998801240e+00
3.010952322733805975e+00
3.012879124367974892e+00
3.024927998072262980e+00
3.060421565149349377e+00
3.100331283027118801e+00
3.108895942145082802e+00
3.159470120919495972e+00
3.167776398343589150e+00
3.182381643426006157e+00
3.198475210191181084e+00
3.247575419887863912e+00
3.273731065549878139e+00
3.284232800854025136e+00
3.319437655665127274e+00
3.341244995837113763e+00
3.355827815130451253e+00
3.373900050388836114e+00
3.392855050635195990e+00
3.408465573766511270e+00
3.432163495308272694e+00
3.436271035055801448e+00
3.448403609776811596e+00
3.468907136189545604e+00
3.485231320716951853e+00
3.496979727167587981e+00
3.500155629422422976e+00
3.538530242446058072e+00
3.543399189400009419e+00
3.587986950177132428e+00
3.633599064023518732e+00
3.777107458546403063e+00
3.845853145140146978e+00
3.846628319270957608e+00
3.850521780537841110e+00
3.852589304690607008e+00
3.853054882043421614e+00
3.880905759463086913e+00
3.900232902046475214e+00
3.900914616462160200e+00
3.908151589064359221e+00
