2.795811457099404151e+00
2.795816408602867398e+00
2.795990164500940178e+00
2.796198494374567467e+00
2.796243351715716141e+00
2.796429518428817929e+00
2.796673831932588783e+00
2.796745954000302348e+00
2.796932973877251705e+00
2.797216811331434627e+00
2.797319313884962355e+00
2.797511273760457051e+00
2.797830979414136277e+00
2.797960958796766207e+00
2.798164816808714761e+00
2.798517928574346225e+00
2.798654533479510320e+00
2.798892342458344284e+00
2.799260107548272369e+00
2.799284403041632174e+00
2.801487910871180986e+00
