3.736577185142687085e+01
3.726900899569591985e+01
3.668879063023083376e+01
3.510602218036289202e+01
3.408256387524767916e+01
3.109936418263233548e+01
3.027963801981513114e+01
2.703140232990065428e+01
2.545007860084356821e+01
2.480891333188659331e+01
2.346214633693237062e+01
2.270493341252034014e+01
2.181899473548990542e+01
1.861437341199768980e+01
1.670420676623506040e+01
1.659880846304044510e+01
1.356129982553841629e+01
1.285286052680111979e+01
1.203468826019619797e+01
9.831198699467114110e+00
9.010405646964407822e+00
8.621010950573454679e+00
7.761732482814588607e+00
7.662924348527404561e+00
7.446378325742601056e+00
7.067013895971924420e+00
6.752595071759682099e+00
6.475335801021140369e+00
6.345544145311494688e+00
6.089754013880856576e+00
6.079470671819279914e+00
6.059615724878820053e+00
6.039118620608467047e+00
6.015418284623748946e+00
5.989972577238307672e+00
5.941450450315649334e+00
5.931140435268618560e+00
5.926830300874534885e+00
5.926756362716386839e+00
5.926551087084618530e+00
5.934818147248197562e+00
5.953389428759883195e+00
6.021147806204886876e+00
6.080623804064537730e+00
6.120161332861281167e+00
6.211599999356580248e+00
6.246001050987758596e+00
6.268024672968627975e+00
