1.025315809568934355e+01
1.025429431151458104e+01
1.025522999065215757e+01
1.024544536172978226e+01
1.023631645513540356e+01
1.020805154863610476e+01
1.020109797862389556e+01
1.018277122665907442e+01
1.018060392696602889e+01
1.018092497382953177e+01
1.018317884783132321e+01
1.018487481000337169e+01
1.018659319500564919e+01
1.018075526228493644e+01
1.016560920273386159e+01
1.016460368793923230e+01
1.013408964909478627e+01
1.012757472269940706e+01
1.012080857546008161e+01
1.010887323598304555e+01
1.010815575387604248e+01
1.010895244796268599e+01
1.011207320701298151e+01
1.011093699669875257e+01
1.010337581459139678e+01
1.007981785045401502e+01
1.005727366616440221e+01
1.003577930020905029e+01
1.002502728591758263e+01
1.000320963062639201e+01
1.000253907142364795e+01
1.000149862780051713e+01
1.000091723394782051e+01
1.000094048767823196e+01
1.000132308137431814e+01
9.999076245191663048e+00
9.996330522877535429e+00
9.993129808181500096e+00
9.993001194225291428e+00
9.992566465051611502e+00
9.982244866685459073e+00
9.973337624235675491e+00
9.951193488369321827e+00
9.935634148841876012e+00
9.926607163297362035e+00
9.913882936250454136e+00
9.916567796777652433e+00
9.921695363704763793e+00
