4.102978647995460051e+02
4.103391024077939733e+02
4.105105544886274629e+02
4.108283430660425779e+02
4.110023412471919073e+02
4.114781715555985215e+02
4.116087000250291794e+02
4.121482834455882198e+02
4.124302343587055475e+02
4.125490895894513415e+02
4.128082272859390400e+02
4.129598256441985882e+02
4.131424564396771189e+02
4.138301111036273596e+02
4.142299134963274128e+02
4.142513632272587643e+02
4.148523038274328769e+02
4.149931882884265519e+02
4.151609306981104055e+02
4.156849205091139083e+02
4.159506439400064437e+02
4.161129396677292789e+02
4.167530310286795725e+02
4.168899233913245439e+02
4.172195435908707282e+02
4.177005924559994696e+02
4.180402129566642770e+02
4.183597274846039227e+02
4.185395763856511167e+02
4.191412793827016685e+02
4.191873835155989809e+02
4.192887400393512962e+02
4.194122428736276902e+02
4.195748504514032220e+02
4.197589578246179940e+02
4.201462913110146928e+02
4.202738951938813443e+02
4.203769909071033339e+02
4.203805934551847940e+02
4.203925396245788306e+02
4.206133160802556858e+02
4.207567007584870566e+02
4.210514654870844424e+02
4.212498107059872723e+02
4.213782087311061559e+02
4.217124163915981967e+02
4.218571837243122786e+02
4.219456785210663270e+02
