1.293674798959036707e+02
1.292983912549327670e+02
1.289835516491294527e+02
1.283259372496438857e+02
1.279459939292784298e+02
1.268967520218026550e+02
1.266127619964639308e+02
1.254688485860162359e+02
1.248875813519991027e+02
1.246448355535017214e+02
1.241183914079671666e+02
1.238111096719384108e+02
1.234401568219290368e+02
1.220003522309142738e+02
1.210939628533071613e+02
1.210433068500908576e+02
1.195376684016166422e+02
1.191636613848445023e+02
1.187111611051828106e+02
1.172728374373011491e+02
1.165423379372745956e+02
1.160975070511927214e+02
1.143274707226799478e+02
1.139375768271963523e+02
1.129698241914128829e+02
1.114804968142337600e+02
1.103908640236447809e+02
1.093601026287037996e+02
1.087849261974763238e+02
1.069149149359217574e+02
1.067751093460926484e+02
1.064690261530242879e+02
1.060978616955945597e+02
1.056106884222391642e+02
1.050585449538869369e+02
1.038819207615534026e+02
1.034869665785334121e+02
1.031646217566033101e+02
1.031533033310612097e+02
1.031157443973591512e+02
1.024141726264288508e+02
1.019510493287636592e+02
1.009822990612883729e+02
1.003205000750018741e+02
9.988950610746204006e+01
9.876800883304430556e+01
9.828786404987900482e+01
9.799799139493603661e+01
