1.522100086021489274e+00
1.525609462543457528e+00
1.538901787545738920e+00
1.559355981259445301e+00
1.568976938948507094e+00
1.592410152926035494e+00
1.598563374926224689e+00
1.625034109557135231e+00
1.640246329578247009e+00
1.647006932666731149e+00
1.662429959460049123e+00
1.671834954385235550e+00
1.683457771414590631e+00
1.728382182149803326e+00
1.754018794859148356e+00
1.755369664830014553e+00
1.792260591101910050e+00
1.800721299984436197e+00
1.810763463899445203e+00
1.842263452030289850e+00
1.858423949302416611e+00
1.868335216769492435e+00
1.906912081088565358e+00
1.914872379860981022e+00
1.933383687832209263e+00
1.958748073280673907e+00
1.975890346243986295e+00
1.991975537633896565e+00
2.001190420464484809e+00
2.033631019304257936e+00
2.036224061269696683e+00
2.041966595272280749e+00
2.049025229260038827e+00
2.058374107590323021e+00
2.068943755133373585e+00
2.090617050364010687e+00
2.097465212058388762e+00
2.102865090148522853e+00
2.103051547914263519e+00
2.103668757133527745e+00
2.114775299333573777e+00
2.121701454336592185e+00
2.135430412858554394e+00
2.144547499615761854e+00
2.150551780471576802e+00
2.167357842406347324e+00
2.175556384623952066e+00
2.180963885708381511e+00
