3.322107655182630293e+00
3.311693701820947577e+00
3.221741688600005205e+00
3.166646401568404379e+00
3.163394177615868497e+00
3.142262444257962972e+00
3.070580751634819361e+00
2.971153852581622790e+00
2.947440523176663607e+00
2.798198845700617721e+00
2.773402282733025359e+00
2.730548025888189567e+00
2.685090722385013784e+00
2.564666144580191265e+00
2.514926099879828403e+00
2.498119269071298554e+00
2.455535662548129050e+00
2.439920459999400659e+00
2.434031902713353901e+00
2.431611539754750417e+00
2.434333461224909900e+00
2.439686049388629652e+00
2.449438739687213484e+00
2.450859543309421795e+00
2.454028080368757969e+00
2.456274126640587419e+00
2.457098001754281391e+00
2.458092361421461813e+00
2.458470169882079226e+00
2.467769882386919189e+00
2.469605487323946136e+00
2.492851271473804253e+00
2.527156127791753804e+00
2.683196127603396874e+00
2.735571162621211805e+00
2.735290176084712144e+00
2.733866381798132572e+00
2.733173879320511368e+00
2.733029266277075653e+00
2.735299128103225286e+00
2.746608979237577408e+00
2.747102636111900420e+00
2.752662970057214942e+00
