2.495732852816581726e+01
2.473101081640138332e+01
2.300478591848319709e+01
2.217847410594320934e+01
2.213311037416648830e+01
2.184327017686725725e+01
2.087918833207039171e+01
1.949026404368331455e+01
1.914634973779280713e+01
1.691114975413972132e+01
1.653522843378850737e+01
1.588833656673644512e+01
1.521061404544461126e+01
1.350676502300127702e+01
1.287088174323741185e+01
1.266998522971330843e+01
1.220459674589875654e+01
1.205350310273791870e+01
1.199731681617415724e+01
1.196367343223121260e+01
1.195444126630290960e+01
1.195509184217158882e+01
1.196350223400337853e+01
1.196745302051493276e+01
1.198806926248924931e+01
1.205842871856737908e+01
1.213803265563610800e+01
1.220101519141833712e+01
1.221834314320884829e+01
1.242379061174928800e+01
1.244867882395871383e+01
1.266488552781562582e+01
1.287879455824844754e+01
1.377809772912814879e+01
1.448794288282180709e+01
1.449458944038716091e+01
1.452540454481666821e+01
1.454011390274710713e+01
1.454327945713650116e+01
1.466939907559568113e+01
1.471552159798309312e+01
1.471673484261206788e+01
1.472806746305427694e+01
