2.813025747571124224e+00
2.814222849325212383e+00
2.815626582837855274e+00
2.817100417015868441e+00
2.818443326673681248e+00
2.819960331002428156e+00
2.821565649681564647e+00
2.823025214368914071e+00
2.824625704340980814e+00
2.826346512059128013e+00
2.827905189729904123e+00
2.829571840591323273e+00
2.831382596809779439e+00
2.833015537100530779e+00
2.834733698673500335e+00
2.836610838020436898e+00
2.838276767308422155e+00
2.840049302999604564e+00
2.841955633571305651e+00
2.843517412050079241e+00
2.847272004310783977e+00
