2.455966828870405152e+02
2.456761582934877026e+02
2.460027902450140118e+02
2.465984850683935292e+02
2.469224564315130976e+02
2.478101178716327695e+02
2.480550732500754521e+02
2.490759207416750769e+02
2.496136783388313063e+02
2.498409616526051309e+02
2.503373044715481797e+02
2.506279984025240992e+02
2.509783484297067560e+02
2.522963452474247390e+02
2.530592436608581863e+02
2.531000604077136416e+02
2.542383689686214154e+02
2.545039250833035851e+02
2.548196634825372087e+02
2.558048042070453789e+02
2.563048652271716605e+02
2.566106536219692202e+02
2.578180565558458284e+02
2.580760014304603374e+02
2.586957242968926494e+02
2.595960735276013907e+02
2.602297154117165974e+02
2.608257322886228167e+02
2.611615971007117309e+02
2.622884039148171382e+02
2.623749107888003778e+02
2.625651327229922458e+02
2.627969608307488443e+02
2.631021760346849305e+02
2.634475904496486010e+02
2.641732585518817018e+02
2.644119556736594632e+02
2.646046736023940866e+02
2.646114057795267627e+02
2.646337288991932724e+02
2.650460154870435190e+02
2.653135248343472767e+02
2.658628921679699602e+02
2.662321530836535999e+02
2.664710329049564166e+02
2.670924035672353511e+02
2.673615451889787664e+02
2.675261460820304933e+02
