2.882130947926998488e+02
2.882825557376917800e+02
2.885719665389147508e+02
2.891122753175725393e+02
2.894108251471809581e+02
2.902384499383542789e+02
2.904683914389891015e+02
2.914315218839177533e+02
2.919424492445088504e+02
2.921593864988962537e+02
2.926356933131314690e+02
2.929165497838555439e+02
2.932571893561881780e+02
2.945635663612806638e+02
2.953399623419504678e+02
2.953819360639276965e+02
2.965697601810288688e+02
2.968514047687328343e+02
2.971883048581519233e+02
2.982520953541541644e+02
2.987983387741887213e+02
2.991341309606759751e+02
3.004713802292212108e+02
3.007592671983327364e+02
3.014540776510954174e+02
3.024717211677127580e+02
3.031939461830306755e+02
3.038778523687739153e+02
3.042651444492016140e+02
3.055736945338668420e+02
3.056746849651735829e+02
3.058969901251327315e+02
3.061683313043469070e+02
3.065261975159194776e+02
3.069319542603559512e+02
3.077864240807352303e+02
3.080679302916467464e+02
3.082953242059807621e+02
3.083032692852545438e+02
3.083296149485679507e+02
3.088163593099988589e+02
3.091323084339086336e+02
3.097813580211450812e+02
3.102177538710694762e+02
3.105001361939424669e+02
3.112351110989350786e+02
3.115537766350988136e+02
3.117488024718908264e+02
