3.840841477252417313e+00
3.849570112677130229e+00
3.933519615120003365e+00
3.983305513379532314e+00
3.986041055228306984e+00
4.003207690372796002e+00
4.054250521205970514e+00
4.111964606777466891e+00
4.124313491493795780e+00
4.196291638658173007e+00
4.207899294190631245e+00
4.228131568547214059e+00
4.250149431263385402e+00
4.315455270378934394e+00
4.349078239807440127e+00
4.362347178504929701e+00
4.405822632855927345e+00
4.431914618897117464e+00
4.448959747094970218e+00
4.469579594866316619e+00
4.490538340181492671e+00
4.507263034968898907e+00
4.532021933755042475e+00
4.536316237290775710e+00
4.549204555673099115e+00
4.572145996221074427e+00
4.591565459416755424e+00
4.606059836847216538e+00
4.610038698282922454e+00
4.659543269752206562e+00
4.665961757365297835e+00
4.725564006282975349e+00
4.787444359253912651e+00
4.982563196383283710e+00
5.065412355304359515e+00
5.066151127459375125e+00
5.069862408414619104e+00
5.071847779849254501e+00
5.072297260265751895e+00
5.101330849380673271e+00
5.123296625728279707e+00
5.124088289568408783e+00
5.132548311849757461e+00
