5.984091862913511584e+00
5.984238552021558633e+00
5.967683899998933228e+00
5.941460547229086231e+00
5.939646846566281724e+00
5.927366511756559930e+00
5.881756033825055852e+00
5.814909680774535516e+00
5.798802812486663072e+00
5.696258238450079503e+00
5.678817923408106871e+00
5.648135914774989885e+00
5.614513555103853193e+00
5.514398253245505366e+00
5.462259085884606513e+00
5.441304540517520216e+00
5.369270782059857083e+00
5.321438334477148757e+00
5.286917721276212845e+00
5.239888408408766907e+00
5.183360980045224942e+00
5.129363571681041734e+00
5.033239609319651642e+00
5.015342141917193075e+00
4.962459105927638170e+00
4.880419983597687583e+00
4.826054175316628836e+00
4.792742703508348967e+00
4.784462919509427259e+00
4.702343870362394540e+00
4.693677033649353625e+00
4.624179835844888231e+00
4.560804961998787377e+00
4.258643372516178971e+00
3.667878547702805747e+00
3.656343338046304403e+00
3.600546746229396078e+00
3.572728090574788240e+00
3.566657365867832219e+00
3.314783323413536209e+00
3.215903810846483246e+00
3.213029567222028149e+00
3.184467479845753957e+00
