2.318964358342541665e+00
2.323585268050510244e+00
2.364298125804143780e+00
2.385622778494544960e+00
2.386742222728451601e+00
2.393656488181817199e+00
2.413272846032429531e+00
2.434536819266358343e+00
2.439090479979911130e+00
2.466910310029529541e+00
2.471732637775533092e+00
2.480444518658462272e+00
2.490417515659258285e+00
2.523470166524770963e+00
2.542724243071749601e+00
2.550771279013116732e+00
2.579028442874460758e+00
2.597483743609269702e+00
2.610204627873112138e+00
2.626343577133527507e+00
2.643592231257567704e+00
2.657829558093707689e+00
2.678581134382022721e+00
2.681947705341313437e+00
2.691318763557346561e+00
2.705192877573864063e+00
2.714915603310069425e+00
2.721474944535207996e+00
2.723205087122359647e+00
2.743289599376171228e+00
2.745770158139417383e+00
2.768102671642053370e+00
2.790297977068392221e+00
2.849345157340798629e+00
2.845876410185499417e+00
2.845573902592905657e+00
2.844264138351880966e+00
2.843730659355274693e+00
2.843626943877482383e+00
2.846036458995460094e+00
2.853212264549720434e+00
2.853507615531173602e+00
2.856775172304708565e+00
