1.042704742443249621e+01
1.043090499067227483e+01
1.044293080880565761e+01
1.045312060636736717e+01
1.045479731113561428e+01
1.045623882311073771e+01
1.045755519125457056e+01
1.047423399265585076e+01
1.049091387468610748e+01
1.049929015533064280e+01
1.051931852606731077e+01
1.053153819670179203e+01
1.054604615765367193e+01
1.058923953941961038e+01
1.060304628902645341e+01
1.060360109089194935e+01
1.061712828696013133e+01
1.062105808883591607e+01
1.062681056393610035e+01
1.065471421583524325e+01
1.067468412619733797e+01
1.068827137938363236e+01
1.074261024869584524e+01
1.075249360147084587e+01
1.077142368856616272e+01
1.078635776514659028e+01
1.079100479482199049e+01
1.079530483531186924e+01
1.079922632168554131e+01
1.082751691197872290e+01
1.083074756753159917e+01
1.083830864063368793e+01
1.084824835771235740e+01
1.086217503531401896e+01
1.087834151028958374e+01
1.090931588184677103e+01
1.091749232178591278e+01
1.092310356680527939e+01
1.092328266892506505e+01
1.092386823717795608e+01
1.093237721907728321e+01
1.093567963943606181e+01
1.093863253816369685e+01
1.094001164437895923e+01
1.094200136781351951e+01
1.095830255529210007e+01
1.097380077187460934e+01
1.098686100844040858e+01
