8.105521215708488825e+00
8.107144553654297425e+00
8.110862306571565483e+00
8.108547164943971097e+00
8.104268161094886125e+00
8.089907901643830002e+00
8.086591257924382603e+00
8.081060283061731297e+00
8.083988042021776010e+00
8.086192457310655612e+00
8.092224412700259606e+00
8.096056377095134593e+00
8.100429151409759498e+00
8.107436861802051808e+00
8.102521837289716089e+00
8.102113125347907285e+00
8.089145553028425084e+00
8.086708870642716818e+00
8.084642618077046095e+00
8.085839930137787235e+00
8.090886880761296140e+00
8.095015588259077077e+00
8.111702981531427881e+00
8.113910243951799828e+00
8.115469182407988313e+00
8.107969522225449310e+00
8.098109487223119629e+00
8.088722589328272150e+00
8.084561361935950430e+00
8.082136249769451553e+00
8.082758944839554260e+00
8.084477406681742195e+00
8.087124773069829686e+00
8.091248498948099055e+00
8.096214060265731760e+00
8.104283621895167045e+00
8.105366146385499349e+00
8.105468379263326639e+00
8.105458772131269640e+00
8.105420439464131377e+00
8.102916374560395596e+00
8.099563660394512254e+00
8.089694466711625509e+00
8.082584701677607342e+00
8.078836086753547363e+00
8.077720939995097993e+00
8.083787307294569402e+00
8.090277097192482003e+00
