1.542316567285561177e+02
1.542402917382392786e+02
1.542737841218313974e+02
1.543275210882454473e+02
1.543533094370013146e+02
1.544139204324291086e+02
1.544284592653935988e+02
1.544809595885058684e+02
1.545040979050315855e+02
1.545130314097178825e+02
1.545308499537799207e+02
1.545402221550311310e+02
1.545504823027769703e+02
1.545792913762451803e+02
1.545896874305378219e+02
1.545901363458455364e+02
1.545993137226961380e+02
1.546007313904442526e+02
1.546021648394274735e+02
1.546053364648122113e+02
1.546064048242231763e+02
1.546069253906823633e+02
1.546082634974282257e+02
1.546084448602024679e+02
1.546087963162173935e+02
1.546091852618334599e+02
1.546094044020763647e+02
1.546095678838349841e+02
1.546096411815952365e+02
1.546098286351704019e+02
1.546098429383382893e+02
1.546098762047474509e+02
1.546099211699308569e+02
1.546099896812919212e+02
1.546100815401583475e+02
1.546103196046774144e+02
1.546104074718158188e+02
1.546104804394331893e+02
1.546104830136642363e+02
1.546104915605903045e+02
1.546106518554706213e+02
1.546107580730804330e+02
1.546109846297353272e+02
1.546111473218485912e+02
1.546112578593142928e+02
1.546115508998713040e+02
1.546116630199708482e+02
1.546117183993364392e+02
