4.318618882112901680e+00
4.319029192935167849e+00
4.319195143246923330e+00
4.314798748777812776e+00
4.310821318480297037e+00
4.298228022417612593e+00
4.294927974057300091e+00
4.284020670858133428e+00
4.279877895444931468e+00
4.278222972896307930e+00
4.274237005773988685e+00
4.271335860629339898e+00
4.266918470464736046e+00
4.236516727572080754e+00
4.207220550872205145e+00
4.205425590154845850e+00
4.148124173015641958e+00
4.133193890833557482e+00
4.114874220196623078e+00
4.053793403270208984e+00
4.019689323420558402e+00
3.997242191962149249e+00
3.889754658043562241e+00
3.861575203836622450e+00
3.784625571548099199e+00
3.648322949651203295e+00
3.535957258037221607e+00
3.420160953496625744e+00
3.351662369562816490e+00
3.113528320219277390e+00
3.095138343062506348e+00
3.054821756234713082e+00
3.006013211143343078e+00
2.942513716317604278e+00
2.871987417433873091e+00
2.729625926668493907e+00
2.684778828050496724e+00
2.649364927269535208e+00
2.648141190480925999e+00
2.644090022068334545e+00
2.571182082139670921e+00
2.525987530669576042e+00
2.439344564668093351e+00
2.386712580133109274e+00
2.355552444772438303e+00
2.287462387285942977e+00
2.264874371573012191e+00
2.253447934069033209e+00
