1.397658670282099536e+01
1.398758838751990652e+01
1.406422795945837478e+01
1.408572593648159277e+01
1.408641936360229430e+01
1.408967013083315045e+01
1.408906822010688131e+01
1.407434174190361453e+01
1.407004909846221707e+01
1.404491750439245834e+01
1.404166008987393610e+01
1.403698845880050072e+01
1.403358590250958038e+01
1.403476192181765825e+01
1.404109535246326068e+01
1.404426291449903452e+01
1.405478872553819869e+01
1.405849577888601587e+01
1.405805074192943316e+01
1.405208104908606970e+01
1.403591753287180666e+01
1.401149997281348547e+01
1.394979851311571295e+01
1.393627714103059390e+01
1.389370171022479994e+01
1.382311785158667483e+01
1.377622126731819385e+01
1.374860962411879584e+01
1.374196650363230532e+01
1.368338515070910333e+01
1.367817631213883267e+01
1.364412991370832451e+01
1.362184094149106883e+01
1.345224455241155859e+01
1.292851230259241646e+01
1.291891208872000796e+01
1.287372292055593626e+01
1.285206018759818924e+01
1.284741795882321824e+01
1.269295856143761547e+01
1.266420218927718722e+01
1.266378749714799667e+01
1.266125813369232667e+01
