5.651152481207739164e+00
5.649466779362100510e+00
5.640238282701848682e+00
5.616263753940722303e+00
5.600825716236788487e+00
5.556434590534963469e+00
5.544743434702923857e+00
5.503430650663292845e+00
5.487288426334950842e+00
5.481534001524618560e+00
5.470683369992846323e+00
5.465097558417203238e+00
5.458736555429601900e+00
5.432993676193150101e+00
5.414576659740897746e+00
5.413532855082016759e+00
5.384727264897943400e+00
5.378764858383957126e+00
5.372420265076393697e+00
5.359239865172201078e+00
5.356540456384499826e+00
5.355974291348650773e+00
5.357060239536072466e+00
5.357005776470800562e+00
5.355159771129310187e+00
5.347565483927072982e+00
5.339990670291769881e+00
5.333244719596345718e+00
5.330364743421187157e+00
5.329332428587599146e+00
5.329861158365832630e+00
5.331296520436371367e+00
5.333492606576817785e+00
5.336948934441710257e+00
5.341263082398212347e+00
5.349492846314459982e+00
5.351372451722019363e+00
5.352452312037350168e+00
5.352482458260541698e+00
5.352578677079360858e+00
5.353311324914398206e+00
5.352778883144062583e+00
5.349993911966096860e+00
5.347980336300110160e+00
5.347298075989045607e+00
5.351388087752319223e+00
5.357539125213801157e+00
5.363148889718519996e+00
