4.327981345018815773e+01
4.285486864798986062e+01
4.247216012549688458e+01
4.212996741435563308e+01
4.182606384881910344e+01
4.155793230128620053e+01
4.132284848146082368e+01
4.111797806170488911e+01
4.094045976361485373e+01
4.078746982597886017e+01
4.065627466997193551e+01
4.054427207088724572e+01
4.044901274956885118e+01
4.036821153709843202e+01
4.029974937874067109e+01
4.024166059022581976e+01
4.019211222751800960e+01
4.014937375813951803e+01
4.011177826150014880e+01
4.007766055648608017e+01
4.004539924989785504e+01
