1.818858462552704003e+00
1.818780310823467028e+00
1.818808427044528608e+00
1.818855490231441774e+00
1.818792682797084836e+00
1.818818304288332577e+00
1.818878309224276402e+00
1.818822930037639063e+00
1.818839020345873969e+00
1.818914931901552068e+00
1.818869854913918171e+00
1.818880108093638315e+00
1.818970777065725297e+00
1.818935539928546286e+00
1.818946110971113361e+00
1.819051771439419651e+00
1.819014858796231593e+00
1.819042362175128824e+00
1.819153306660513003e+00
1.819040075069535023e+00
1.820344123492479760e+00
