2.269079866896193565e+01
2.268871062722288912e+01
2.267165823204908648e+01
2.261431791943386216e+01
2.257430929240931050e+01
2.245632795967431861e+01
2.242540256397066400e+01
2.231930074768703065e+01
2.227953920485475336e+01
2.226537674045112070e+01
2.223765220659926811e+01
2.222207146584988635e+01
2.220236621828473744e+01
2.209840184059724066e+01
2.200987850676868973e+01
2.200465737394985055e+01
2.185127361504190802e+01
2.181615927806172550e+01
2.177623253990091357e+01
2.166945504333389394e+01
2.162558652276067406e+01
2.160100651245508985e+01
2.150053334391496307e+01
2.147444302242902481e+01
2.140022997206666489e+01
2.126245235685428980e+01
2.115060443765622367e+01
2.104329828424398841e+01
2.098516185447392246e+01
2.081792517646312746e+01
2.080707211981539828e+01
2.078405184569197672e+01
2.075730300780936588e+01
2.072347954376358459e+01
2.068550887519817394e+01
2.059727866731123314e+01
2.056327844970299168e+01
2.053344046886281760e+01
2.053235745221604347e+01
2.052874629089101788e+01
2.045648400833784564e+01
2.040417402245161327e+01
2.028677142567015679e+01
2.020516097012115608e+01
2.015410359108495797e+01
2.004284470753608005e+01
2.001169321263077805e+01
1.999999919327116871e+01
