1.821051164064847683e+01
1.821591648180451983e+01
1.823138674453878139e+01
1.823885924658998903e+01
1.823605314489041618e+01
1.822250252313195062e+01
1.822029739191426145e+01
1.823050030898265561e+01
1.824964688749730257e+01
1.826006724218638766e+01
1.828589231691291062e+01
1.830189999775094378e+01
1.832083855221579327e+01
1.837245286714487946e+01
1.838288094111664606e+01
1.838311784250814185e+01
1.838624100170476794e+01
1.838827861686475629e+01
1.839255658482347755e+01
1.842303682987799007e+01
1.844849641097383852e+01
1.846642294495361369e+01
1.853819583283521055e+01
1.855049288021500331e+01
1.857161449467404424e+01
1.858028386577977997e+01
1.857602239904239738e+01
1.857172704197385471e+01
1.857183735334181662e+01
1.859818880319470580e+01
1.860203791288888553e+01
1.861129310246314361e+01
1.862382942130039609e+01
1.864179670431249036e+01
1.866284821605244559e+01
1.870196981634720146e+01
1.871137693918226219e+01
1.871726558587188194e+01
1.871744213552458547e+01
1.871801322131107526e+01
1.872458535167444182e+01
1.872502641613107954e+01
1.871935445738066406e+01
1.871454336708671207e+01
1.871335936386121546e+01
1.872967947489820517e+01
1.875143419979023562e+01
1.877096798890093865e+01
