4.118237095978551920e+00
4.122106590200169229e+00
4.135916115805184035e+00
4.154380261624774917e+00
4.161972566507459170e+00
4.179229979321470445e+00
4.183971388683023207e+00
4.207739479509615244e+00
4.223765175690314067e+00
4.231253108212253977e+00
4.248792401216435977e+00
4.259609731916028430e+00
4.272917583840664335e+00
4.321496469830727882e+00
4.346418953439694199e+00
4.347683460668274158e+00
4.381596556668947429e+00
4.389541785323531009e+00
4.399241517073775753e+00
4.432220715675676992e+00
4.450649203790725039e+00
4.462318996791561965e+00
4.508176804315700004e+00
4.517273146850563137e+00
4.537267578525944423e+00
4.561388142963955339e+00
4.575901794971040104e+00
4.589248796381462547e+00
4.597199818901803070e+00
4.628938595125115185e+00
4.631745797901817063e+00
4.638085659712391617e+00
4.646083651221379007e+00
4.656948043725066988e+00
4.669457111874838695e+00
4.695012923560722307e+00
4.702826200332417272e+00
4.708831571377650960e+00
4.709036155278996105e+00
4.709711972195794516e+00
4.721484226640107806e+00
4.728445666399818670e+00
4.741643283417531052e+00
4.750476689489392612e+00
4.756645435439307512e+00
4.776823392012309988e+00
4.788615495531429289e+00
4.797108749603752997e+00
