3.387377831864796462e+01
3.394055740391048204e+01
3.421417870330328981e+01
3.471175903383248595e+01
3.498263411920991928e+01
3.572915638859102216e+01
3.593667307735142913e+01
3.680953117439906919e+01
3.727454469517483204e+01
3.747212232398046439e+01
3.790562527222654410e+01
3.816072543343673118e+01
3.846924030329526545e+01
3.963719213437730815e+01
4.031548598493000668e+01
4.035178004856486922e+01
4.136423524837243093e+01
4.160082525856195446e+01
4.188260884628950009e+01
4.276732277332438770e+01
4.322062953048617828e+01
4.349932207002174778e+01
4.460825650772660111e+01
4.484620011330349598e+01
4.541828750148143001e+01
4.625021720421562321e+01
4.683769599193487210e+01
4.739367276508385629e+01
4.770897499888594950e+01
4.877879938575200924e+01
4.886164582173613269e+01
4.904411300674433960e+01
4.926697560358147143e+01
4.956104351608507130e+01
4.989447865400595106e+01
5.059591945715217065e+01
5.082665049663194168e+01
5.101287796592298918e+01
5.101938222534195688e+01
5.104094897600091230e+01
5.143907688272216916e+01
5.169719132326697775e+01
5.222676814613408425e+01
5.258244176026147443e+01
5.281248194362026993e+01
5.341119944945420173e+01
5.367101890186311408e+01
5.383019643903174511e+01
