1.526433261326589186e+00
1.529973039533408352e+00
1.543380362738474343e+00
1.564004929022721146e+00
1.573698627870123934e+00
1.597269372237402951e+00
1.603447401017175977e+00
1.629985136156159253e+00
1.645224703763695118e+00
1.651998461453384692e+00
1.667457740398786026e+00
1.676890543952265000e+00
1.688554789904850528e+00
1.733717938020620908e+00
1.759537961694305208e+00
1.760899054100098615e+00
1.798066703496701280e+00
1.806584880475941013e+00
1.816689631454677434e+00
1.848338324682030187e+00
1.864547802700599943e+00
1.874481997716177517e+00
1.913125984848762506e+00
1.921101537381767699e+00
1.939658740469356601e+00
1.965118571961876892e+00
1.982343289737124259e+00
1.998506412499070128e+00
2.007760598780014671e+00
2.040276967909148809e+00
2.042871179107538904e+00
2.048613753120423819e+00
2.055667832247942695e+00
2.065003559230185193e+00
2.075550134840779215e+00
2.097160518369337368e+00
2.103988815293260206e+00
2.109374837648729795e+00
2.109560858913777093e+00
2.110176646738674222e+00
2.121265796476527132e+00
2.128192349473645884e+00
2.141962097230896589e+00
2.151144129218962586e+00
2.157209131637709110e+00
2.174249862911502351e+00
2.182586840771354453e+00
2.188090439992315339e+00
