3.549916216576093575e+00
3.566296572266715259e+00
3.633409817512128992e+00
3.755448734310232073e+00
3.821884998875355155e+00
4.004986838402075477e+00
4.055886244922753292e+00
4.269981195213514269e+00
4.384040733606419771e+00
4.432503424933589287e+00
4.538836135532020144e+00
4.601409794378118256e+00
4.677086362337044001e+00
4.963581787070924456e+00
5.129968687701873087e+00
5.138871817294978328e+00
5.387239710685364891e+00
5.445280215408095259e+00
5.514408423981012497e+00
5.731452804945230461e+00
5.842662242282109730e+00
5.911034168029885016e+00
6.183097380897120132e+00
6.241475609729215890e+00
6.381835934061467874e+00
6.585949139388754148e+00
6.730086525754279236e+00
6.866495976908938204e+00
6.943856589408690994e+00
7.206347703660483717e+00
7.226675096263703857e+00
7.271445676560157168e+00
7.326127595306795470e+00
7.398279556735405826e+00
7.480087315633789480e+00
7.652157048561215369e+00
7.708744000901834426e+00
7.754410533900229829e+00
7.756005410613163953e+00
7.761293641787560205e+00
7.858906987327896054e+00
7.922191603014796080e+00
8.052117021118410989e+00
8.139563785861717804e+00
8.196285707435288614e+00
8.345053398933513833e+00
8.410434631854142751e+00
8.450845998832443584e+00
