1.712901545222848654e+00
1.713390783897482894e+00
1.720859735102121535e+00
1.723352713919150681e+00
1.723412614389456587e+00
1.723623345561538622e+00
1.723179869119571439e+00
1.723768889028383544e+00
1.724526254098717626e+00
1.736748297570191779e+00
1.740170728219711860e+00
1.747137347034245058e+00
1.756115196258996258e+00
1.790234105048621682e+00
1.811423667466776077e+00
1.820373448186163090e+00
1.852042788341547785e+00
1.873013913348083204e+00
1.887714571147784515e+00
1.906807819922209823e+00
1.927961135596514275e+00
1.946123232056787611e+00
1.973543716876805743e+00
1.978014927359306618e+00
1.990261885157417865e+00
2.007246085113089773e+00
2.018115915953170525e+00
2.025095910391090381e+00
2.026908238402433504e+00
2.047841055585197800e+00
2.050472787926231888e+00
2.075207542902463231e+00
2.102140978111283864e+00
2.200505435942844645e+00
2.273782471770392277e+00
2.274756013072043004e+00
2.279377032071023379e+00
2.281633243331518290e+00
2.282121910547888266e+00
2.301641906269799698e+00
2.309127110491843826e+00
2.309344986794186205e+00
2.311513498207366624e+00
