9.170139027589041092e+00
9.173722274461271198e+00
9.185103809752957815e+00
9.195617058271887245e+00
9.197975270836762363e+00
9.201772859797946680e+00
9.203648484321195866e+00
9.221341317593598319e+00
9.237595313413386577e+00
9.245624934979950638e+00
9.264668227469430306e+00
9.276238540240585806e+00
9.289976559482209240e+00
9.331528185743806603e+00
9.345685503359549173e+00
9.346281093728309841e+00
9.361208663203788305e+00
9.365385689213104214e+00
9.371311395049689352e+00
9.398628046233868716e+00
9.417640147614916302e+00
9.430486511738960687e+00
9.481860478633739930e+00
9.491321623022841436e+00
9.509817731289508913e+00
9.525646453076399567e+00
9.531657394413546314e+00
9.537288220963038299e+00
9.541800217906011738e+00
9.570359772407053711e+00
9.573489118208314608e+00
9.580773931346678651e+00
9.590291467994195074e+00
9.603561255573026756e+00
9.618930681672138050e+00
9.648547717000015567e+00
9.656500912375435064e+00
9.662042710672448464e+00
9.662221280596178019e+00
9.662806014851517133e+00
9.671557335975132119e+00
9.675263618160396817e+00
9.679458626317881453e+00
9.681714099341100166e+00
9.684128485664007968e+00
9.700176241394977694e+00
9.714549990291191151e+00
9.726494659683400101e+00
