9.627938857249148441e+00
9.628075983608274768e+00
9.625151080289805705e+00
9.609104582552962626e+00
9.596852715488246588e+00
9.560487590291261384e+00
9.551334274917300249e+00
9.523752378904248417e+00
9.516697134499091604e+00
9.514982985785875869e+00
9.512932408851012767e+00
9.512240023887239104e+00
9.511257403936449251e+00
9.497585525930492878e+00
9.479751021863352278e+00
9.478636232620518243e+00
9.446120348165646163e+00
9.439344851876617426e+00
9.432327070871313168e+00
9.419873496157123327e+00
9.419053393393330254e+00
9.419875939678206578e+00
9.424310041834127460e+00
9.423806533138288088e+00
9.418382308511883849e+00
9.399432190117250840e+00
9.380957111975098073e+00
9.363621766159281989e+00
9.355257268586196773e+00
9.341220235334576572e+00
9.341125747112858591e+00
9.341345403902607814e+00
9.342294613801971792e+00
9.344346240390796865e+00
9.347086316130125638e+00
9.350264662808436711e+00
9.349509363523427652e+00
9.348005205502808224e+00
9.347937353680505268e+00
9.347704834970082644e+00
9.341319353363989109e+00
9.335161707572686041e+00
9.319040219164389072e+00
9.307668590466043668e+00
9.301325645893506078e+00
9.295052721667042661e+00
9.300082748441621305e+00
9.306445854045465538e+00
