8.816294074064012776e+00
8.818992758985670477e+00
8.826928452023832250e+00
8.831740622034907062e+00
8.831192411802629039e+00
8.827198646264191595e+00
8.826881919654038455e+00
8.834863895677811385e+00
8.845562919096431997e+00
8.851160170283154827e+00
8.864754572659114373e+00
8.873072247384630629e+00
8.882862030948265541e+00
8.909804753319395587e+00
8.915986257299444162e+00
8.916166656141143676e+00
8.919856432726021467e+00
8.921463072528720062e+00
8.924330136486627651e+00
8.941945231780918490e+00
8.955894169747677935e+00
8.965602453251717563e+00
9.004514158325411799e+00
9.011353604431667108e+00
9.023685918921248827e+00
9.030920937101239332e+00
9.031039530436741458e+00
9.031095247682594973e+00
9.032397975990898331e+00
9.049575848387922505e+00
9.051788572328140603e+00
9.057038715687065533e+00
9.064045297969293813e+00
9.073969690334246607e+00
9.085524628305231332e+00
9.107184298440955672e+00
9.112577993623315109e+00
9.116084703796255795e+00
9.116192733009471638e+00
9.116543836649956489e+00
9.121058420220984786e+00
9.122094902226818292e+00
9.120967561753234421e+00
9.119707773365702153e+00
9.119837431884535661e+00
9.129699568512693375e+00
9.141183731520984068e+00
9.151266499075589422e+00
