2.639649256078919279e+02
2.639190846186876911e+02
2.637140725157549923e+02
2.632913625272171316e+02
2.630453121606875584e+02
2.623457458361995123e+02
2.621497776517047100e+02
2.613271827206971807e+02
2.608883914358671063e+02
2.607009999889730238e+02
2.602860482683967120e+02
2.600382708838434382e+02
2.597334993369373137e+02
2.584940240778939256e+02
2.576782443920270111e+02
2.576321200708306378e+02
2.562427919948506201e+02
2.558923320593823973e+02
2.554649744356184158e+02
2.540752571653693508e+02
2.533468222619643200e+02
2.528951210137559542e+02
2.510497278013457105e+02
2.506374261935401648e+02
2.496122601479112859e+02
2.480316529815201250e+02
2.468645171247070778e+02
2.457411624749364876e+02
2.451026644380679045e+02
2.429549816189070555e+02
2.427899473357752811e+02
2.424267006061764675e+02
2.419829743985690982e+02
2.413960016864031672e+02
2.407259697150257125e+02
2.392884343466782298e+02
2.388045020216140415e+02
2.384093502439002918e+02
2.383954736801130423e+02
2.383494253097550484e+02
2.374892516415887656e+02
2.369215590276684225e+02
2.357346606571043708e+02
2.349239012133922699e+02
2.343953842050660228e+02
2.330127770582157325e+02
2.324134888995830863e+02
2.320477497784739569e+02
