1.232585823479530829e+00
1.215755626907991882e+00
1.111778196967606380e+00
1.088451128748048280e+00
1.087801333800810344e+00
1.085016136807703147e+00
1.087839628593988195e+00
1.104832420788949499e+00
1.109627000782190231e+00
1.141218643573306268e+00
1.146606171075439828e+00
1.156095470411181214e+00
1.166575295884035190e+00
1.199379672587234991e+00
1.218100208086763336e+00
1.226000139155248192e+00
1.254481382435016279e+00
1.273850066783763557e+00
1.287552198784295054e+00
1.305260606088009423e+00
1.324348832365466411e+00
1.339879327488468608e+00
1.361050434746322368e+00
1.364207167728010983e+00
1.372506300681831437e+00
1.383959217595593705e+00
1.392370605116109328e+00
1.398685820591361262e+00
1.400461999286180426e+00
1.424790417691621958e+00
1.428262422549395172e+00
1.463665351816010540e+00
1.505515573074092783e+00
1.658343341185220865e+00
1.712260099669050906e+00
1.712510505263971528e+00
1.713934329670730339e+00
1.714834882234665736e+00
1.715053415222841826e+00
1.737629992907333332e+00
1.760157031543239547e+00
1.761010757814816641e+00
1.770267393092416430e+00
