1.157999439626684762e+03
1.157502678379005602e+03
1.155379931004393484e+03
1.151279186096909370e+03
1.148979822729909074e+03
1.142605638507915273e+03
1.140846286329864597e+03
1.133543513757618030e+03
1.129700572316742182e+03
1.128072198891566359e+03
1.124499495086137813e+03
1.122392240984508135e+03
1.119833093638298578e+03
1.109918729878369732e+03
1.103880971008955157e+03
1.103550397457993768e+03
1.094016435963738559e+03
1.091711838130885099e+03
1.088939545303943532e+03
1.080125035516131220e+03
1.075587359932061645e+03
1.072795977280279658e+03
1.061596058808399448e+03
1.059148110605489364e+03
1.053157752626987531e+03
1.044166995798125527e+03
1.037668935587578062e+03
1.031478309630591866e+03
1.027972421099759686e+03
1.016175094450608299e+03
1.015266793118772625e+03
1.013266951475308247e+03
1.010823579832624205e+03
1.007592930253510985e+03
1.003911747017736957e+03
9.960624798624528466e+02
9.934403548382312010e+02
9.913076888778365401e+02
9.912329337632444322e+02
9.909849307640545248e+02
9.863705104651181728e+02
9.833424888175569549e+02
9.770453244350193245e+02
9.727590293727431572e+02
9.699663593522305973e+02
9.626452585286160684e+02
9.594569474529986337e+02
9.575047131123853887e+02
