1.095829177219031081e+01
1.095905283437075539e+01
1.095818558535657061e+01
1.094430648100249037e+01
1.093268318931716365e+01
1.089736704848681015e+01
1.088853481856637195e+01
1.086320347096054206e+01
1.085794282350072670e+01
1.085706149690425448e+01
1.085683933985720451e+01
1.085713837051816810e+01
1.085717691868763701e+01
1.084440459400384960e+01
1.082457467343658131e+01
1.082330751761553422e+01
1.078540876621719136e+01
1.077723305801332998e+01
1.076856898035878807e+01
1.075141026117205101e+01
1.074845379796347622e+01
1.074798468947640018e+01
1.074627695292243068e+01
1.074402567568344757e+01
1.073351420159371550e+01
1.070494552583923742e+01
1.067854377413159384e+01
1.065344354682397920e+01
1.064076722552193921e+01
1.061354040448066627e+01
1.061252833502450343e+01
1.061076958213678090e+01
1.060936556151884247e+01
1.060837026209177658e+01
1.060764004437938723e+01
1.060290323176784710e+01
1.059921768264334574e+01
1.059519638114144513e+01
1.059503803686916434e+01
1.059450419998725401e+01
1.058220550947065064e+01
1.057187310356900234e+01
1.054655294167131530e+01
1.052881685338910067e+01
1.051845150235952353e+01
1.050296399790427415e+01
1.050499881468950392e+01
1.050996140070379425e+01
