5.950247947683275029e+00
5.958302876106966295e+00
6.008797927189211130e+00
6.018299496768396928e+00
6.018428603085498096e+00
6.018365051886165773e+00
6.010009370383401439e+00
5.988714961905364120e+00
5.982979490499099384e+00
5.945332848282903981e+00
5.938974428349370172e+00
5.927909245601945543e+00
5.915971715383939511e+00
5.881093483151479617e+00
5.862477340361531120e+00
5.854672474878244159e+00
5.825354150873483405e+00
5.802945069404385592e+00
5.785008764102045120e+00
5.758087535854770067e+00
5.722085817290763821e+00
5.684391998245879485e+00
5.610864087151554713e+00
5.596424985914095984e+00
5.552603830725683309e+00
5.481500932413147176e+00
5.432299696125142852e+00
5.401222745180832341e+00
5.393373731105552515e+00
5.312155967967010284e+00
5.303152469370156830e+00
5.227090820852448694e+00
5.151346117797561242e+00
4.758139813379653305e+00
3.985076675574996674e+00
3.969657041133368480e+00
3.894674664096673400e+00
3.857018072147562648e+00
3.848773957080137809e+00
3.495024138965558080e+00
3.346427110168575414e+00
3.341979183323452229e+00
3.297292915874841857e+00
