8.465814846754074097e+01
8.471295327174863132e+01
8.525703081572908104e+01
8.559280945873607038e+01
8.561036347919169032e+01
8.571578194385607219e+01
8.594811339351363699e+01
8.595792370440859997e+01
8.591324123206408103e+01
8.528804192909744586e+01
8.513135862325793823e+01
8.482558415838727228e+01
8.444995668203866046e+01
8.311689101670862101e+01
8.231416170105664776e+01
8.197331277843397856e+01
8.073251525649448013e+01
7.986212698457748616e+01
7.922026025362954726e+01
7.833998758024189613e+01
7.729280053037567200e+01
7.632091746164081769e+01
7.467857560830429975e+01
7.438327266119452474e+01
7.351871418525242063e+01
7.214395431548385318e+01
7.113953202074267779e+01
7.045108320517124412e+01
7.026823254833250587e+01
6.809793830940819248e+01
6.782209448548374553e+01
6.522400286823155113e+01
6.234999667572824933e+01
4.992545868307119861e+01
3.510378770529455039e+01
3.485021659866625754e+01
3.361975290495220037e+01
3.300169584297012193e+01
3.286622652233179309e+01
2.681074211462474821e+01
2.394985627200144052e+01
2.385926946721139785e+01
2.292965296618872628e+01
