3.880139664113521576e+02
3.875550227479456566e+02
3.833423381845519771e+02
3.808110307489915272e+02
3.806662689385972840e+02
3.797378409900666156e+02
3.767102813713328828e+02
3.726512639470146269e+02
3.716854570628590295e+02
3.654526048422706594e+02
3.643710254245054330e+02
3.624521355615577249e+02
3.603271628996135973e+02
3.538921448320763830e+02
3.505043297237054389e+02
3.491420159584405383e+02
3.444870267187026229e+02
3.414521120682611013e+02
3.393084453881865556e+02
3.364701073979868511e+02
3.332050565304065799e+02
3.302436986965404344e+02
3.253074104437305891e+02
3.244237963086831087e+02
3.218449795539256684e+02
3.178135833018010317e+02
3.149875821958902407e+02
3.131353107823592836e+02
3.126560529758402822e+02
3.073660923903468642e+02
3.067420047334603623e+02
3.012820273110016842e+02
2.959015568187587633e+02
2.763635247998493583e+02
2.541570244777989842e+02
2.537654552368384202e+02
2.518669017860156032e+02
2.509155403003194635e+02
2.507073332875782228e+02
2.416658176373906883e+02
2.376888842340852648e+02
2.375668752792167027e+02
2.363292177542747936e+02
