1.947794720899940302e+01
1.948326855010855141e+01
1.949810185672599872e+01
1.950359500526611711e+01
1.949950863632636455e+01
1.948270390260230656e+01
1.947981135480880255e+01
1.948854904308623404e+01
1.950771368770426406e+01
1.951823603940332319e+01
1.954432812916387618e+01
1.956043796862565642e+01
1.957936026033794619e+01
1.962861032879799339e+01
1.963595223402703027e+01
1.963600088860916415e+01
1.963381846573316380e+01
1.963479275476254315e+01
1.963798720626994054e+01
1.966663209549840374e+01
1.969202419681972316e+01
1.971011105066667213e+01
1.978269966260571877e+01
1.979496220499976289e+01
1.981540935304674278e+01
1.982160769672185552e+01
1.981499428971193311e+01
1.980861112516948452e+01
1.980779591233046943e+01
1.983322302045991492e+01
1.983714538523666704e+01
1.984662022589911956e+01
1.985951364068973390e+01
1.987804425818082166e+01
1.989975076044228786e+01
1.993967311499940820e+01
1.994901216345019890e+01
1.995468873928322040e+01
1.995485521287734088e+01
1.995539157864760327e+01
1.996095945528428217e+01
1.996039732928917587e+01
1.995202605024275755e+01
1.994523473562121652e+01
1.994288638516686873e+01
1.995758488011014364e+01
1.997974281688778930e+01
1.999999930059237130e+01
