4.930371539595246766e+00
4.933097197051574234e+00
4.942501096729989385e+00
4.954133622061847930e+00
4.958636378918754417e+00
4.969389593863993149e+00
4.972740835922291325e+00
4.991575687549620000e+00
5.004864417565393353e+00
5.011017366933806727e+00
5.025073377516980244e+00
5.033403987288241233e+00
5.043207267246880399e+00
5.073420888352701219e+00
5.084750828269535283e+00
5.085253586996943298e+00
5.097724275620398871e+00
5.100828834868936568e+00
5.104946448031650874e+00
5.121880054742915078e+00
5.132825735163203618e+00
5.140023825631169885e+00
5.167579039189734935e+00
5.172390168992092363e+00
5.181294544084629194e+00
5.187371219548251311e+00
5.188264039519455473e+00
5.188634953957294016e+00
5.189370865449326686e+00
5.198036275690243180e+00
5.199139898029454088e+00
5.201750897069468138e+00
5.205215921722055938e+00
5.210074078349685500e+00
5.215624100282736819e+00
5.225388351251435637e+00
5.227508859167333100e+00
5.228704032219940068e+00
5.228737015606014005e+00
5.228842086450282700e+00
5.229593748870294156e+00
5.228937754754506173e+00
5.225574968129659048e+00
5.222898625596645417e+00
5.221642691672749415e+00
5.223526825973840992e+00
5.228304461226623623e+00
5.232917341997070260e+00
