1.096656572118703288e+01
1.096248094803508444e+01
1.090218538239270174e+01
1.084713349119232539e+01
1.084368362787512297e+01
1.082104839191682011e+01
1.074438045694516752e+01
1.064477264705059767e+01
1.062246183513639863e+01
1.049381428661228099e+01
1.047419317176803766e+01
1.044128934281202703e+01
1.040763234437792839e+01
1.032246839706715136e+01
1.028659369302102355e+01
1.027356419703533774e+01
1.023302342108783414e+01
1.020778780395837870e+01
1.018932130003324410e+01
1.016282409874664872e+01
1.012795097516710818e+01
1.009119776709199989e+01
1.001877635339759109e+01
1.000462351296995678e+01
9.962376963188132706e+00
9.898372091107445314e+00
9.859902951835000096e+00
9.839222375063730652e+00
9.834532351947606443e+00
9.801253089283733289e+00
9.799444303523570099e+00
9.798771506337782711e+00
9.816356035411860859e+00
9.868581334873514521e+00
9.701114684656163334e+00
9.697585717157226171e+00
9.681344978500344922e+00
9.673855600220072404e+00
9.672283288932925771e+00
9.637478980441580134e+00
9.650910077725855629e+00
9.651670936779831678e+00
9.660645436304712064e+00
