1.169786297764714655e+00
1.171468301319885219e+00
1.180799535436836578e+00
1.182021301124504875e+00
1.182026062143425760e+00
1.181945863718982581e+00
1.181002469494125240e+00
1.180031687341453805e+00
1.180012071644068072e+00
1.182301487408577545e+00
1.183118361969495158e+00
1.184850587974107583e+00
1.187162827843116775e+00
1.196186570832522333e+00
1.201676562995247943e+00
1.203915253068208235e+00
1.211223820182082633e+00
1.215352514528460937e+00
1.217829345345652792e+00
1.220487982227584256e+00
1.222707992680193145e+00
1.224115898495257371e+00
1.226082366766629850e+00
1.226520036774998879e+00
1.228228331827687869e+00
1.232960732746912758e+00
1.238315099879081060e+00
1.242820497403141600e+00
1.244111700296088641e+00
1.261385476342843148e+00
1.263737372250369972e+00
1.286319472517087892e+00
1.310921885881026094e+00
1.401674688214850084e+00
1.477468955671943585e+00
1.478592957884419024e+00
1.484032762961577934e+00
1.486761592677562360e+00
1.487359836303801641e+00
1.514558833640814228e+00
1.527907703777541704e+00
1.528335808228723725e+00
1.532746319589709083e+00
