1.454244852811702060e+01
1.454075278386125625e+01
1.452831761568095104e+01
1.448869382120004623e+01
1.446143814057276344e+01
1.438131675335387882e+01
1.436025150144498674e+01
1.428717527018245548e+01
1.425913392206220287e+01
1.424900353734496861e+01
1.422898689845451869e+01
1.421771323775964468e+01
1.420355154651337592e+01
1.413114739803773823e+01
1.407086629829063007e+01
1.406732277517582652e+01
1.396312692648308840e+01
1.393913124559096950e+01
1.391171202031018694e+01
1.383720903370423017e+01
1.380585568700546517e+01
1.378809357206796626e+01
1.371579553086139036e+01
1.369743353497429261e+01
1.364605540772729597e+01
1.355259811408640402e+01
1.347758643815867075e+01
1.340591519867705728e+01
1.336712401233541136e+01
1.325539706862918976e+01
1.324813451438058109e+01
1.323272964331582280e+01
1.321483816571780245e+01
1.319225595246857807e+01
1.316701279532939672e+01
1.310898489462885053e+01
1.308683626964733371e+01
1.306747057386517064e+01
1.306676873704337893e+01
1.306442906224722300e+01
1.301774526302587454e+01
1.298407226977093032e+01
1.290872994478821489e+01
1.285648821905900974e+01
1.282384851578071405e+01
1.275285760551595260e+01
1.273304761402623697e+01
1.272564571161355396e+01
