3.163156204980193120e+00
3.167189156774882441e+00
3.198867125357882202e+00
3.209546715766730784e+00
3.209915205302205976e+00
3.211656427764224553e+00
3.210533103757036155e+00
3.196835328736141069e+00
3.192147628837887829e+00
3.153576943204305927e+00
3.145786620462404315e+00
3.131363225365151770e+00
3.114598501780935003e+00
3.059841261272204349e+00
3.029265074997574025e+00
3.016748429123344621e+00
2.973425188763574312e+00
2.944959762114979895e+00
2.924810862153852220e+00
2.898059199364108274e+00
2.867076891839111408e+00
2.838664751946547771e+00
2.790693003619343138e+00
2.782103072124357368e+00
2.757334238671984572e+00
2.720851806336532341e+00
2.698259397720178310e+00
2.685230735999855511e+00
2.682107551086091668e+00
2.654365071847474056e+00
2.651855229447976026e+00
2.635413813187346133e+00
2.626249588793415413e+00
2.605117865800687937e+00
2.554444543277799795e+00
2.553724809327987622e+00
2.550613184531285160e+00
2.549316840336059542e+00
2.549058832141398057e+00
2.549400994330844661e+00
2.558737124721097267e+00
2.559130130897415256e+00
2.563495490875475014e+00
