1.818133273690594187e+00
1.818228166985859096e+00
1.818459811290052519e+00
1.818743497299196932e+00
1.818952925649995223e+00
1.819288748229595409e+00
1.819699224541102778e+00
1.820036639123874922e+00
1.820489564756992529e+00
1.821047822697226648e+00
1.821531615878555055e+00
1.822117695609803079e+00
1.822831077138440836e+00
1.823464631636928512e+00
1.824188365256830480e+00
1.825049032877989585e+00
1.825805335362294723e+00
1.826659329758516082e+00
1.827623911392941114e+00
1.828383652768496903e+00
1.830571222088533290e+00
