5.791577500849962234e+01
5.798751932837901535e+01
5.868174409064945962e+01
5.909971674071897496e+01
5.912256903788619411e+01
5.926507301144055617e+01
5.967109303432119560e+01
6.006852392065873403e+01
6.014133878735005823e+01
6.046174060982411902e+01
6.049632652000958899e+01
6.054566447916895555e+01
6.058420814154766987e+01
6.061313133780723916e+01
6.057996762927475487e+01
6.055730137308569283e+01
6.043831463040918095e+01
6.032584007186935082e+01
6.023039273175592712e+01
6.008530662250079502e+01
5.989551874948593024e+01
5.970605405635429719e+01
5.936054956002668348e+01
5.929479165884769287e+01
5.909418847754116655e+01
5.874277887420979738e+01
5.845460489701505935e+01
5.824114275012942699e+01
5.818239737319252214e+01
5.743130590027840299e+01
5.733010859231632139e+01
5.633608761997369641e+01
5.518134841471131580e+01
4.990957981352868700e+01
4.297056394599304241e+01
4.284403092605430174e+01
4.222839456755130527e+01
4.191857924822353709e+01
4.185065965502885632e+01
3.886857397365847788e+01
3.754941271182756424e+01
3.750905937460045436e+01
3.710047214408738370e+01
