5.555261180468400894e+00
5.563983767001126957e+00
5.629488541351982178e+00
5.653786067811005012e+00
5.654828188014970891e+00
5.660699712910622239e+00
5.671736810912078042e+00
5.674355829581330113e+00
5.673856995465951236e+00
5.666523848997319313e+00
5.664946489691581988e+00
5.662118628388285835e+00
5.659012317246428836e+00
5.649836067173318099e+00
5.644551973515389953e+00
5.642121448068667000e+00
5.631288709683723859e+00
5.621014931270300607e+00
5.611659716396893316e+00
5.596073881993907762e+00
5.573030104395912510e+00
5.546989609087042084e+00
5.492686669683573442e+00
5.481669132853487447e+00
5.447817923843475185e+00
5.392328378269186651e+00
5.354188307317822471e+00
5.330467054119685244e+00
5.324539773327346737e+00
5.265250868398711148e+00
5.258942460331897273e+00
5.207746165485124479e+00
5.159230741452301316e+00
4.892975258917191539e+00
4.301405914482764103e+00
4.289334490263202682e+00
4.230651262885202435e+00
4.201204909030382240e+00
4.194761623568364683e+00
3.920838200438222731e+00
3.808503022347148992e+00
3.805179229158513809e+00
3.771934270322494509e+00
