9.148190756952146785e+00
9.151770523466566942e+00
9.163145490881769106e+00
9.173670417191967630e+00
9.176042701991006467e+00
9.179884681311072825e+00
9.181770537027356127e+00
9.199482742557320236e+00
9.215730805301397766e+00
9.223755269866579454e+00
9.242783975093821880e+00
9.254344929208819792e+00
9.268072336512760856e+00
9.309609578886240300e+00
9.323782671718735315e+00
9.324379492821721627e+00
9.339345188065665937e+00
9.343529376469895453e+00
9.349461277951926164e+00
9.376776114738866852e+00
9.395775069670069257e+00
9.408610526769393800e+00
9.459940239292359720e+00
9.469395601088045566e+00
9.487887964207454061e+00
9.503737674193676099e+00
9.509775728132977335e+00
9.515432270363220368e+00
9.519955658417829980e+00
9.548522028394275551e+00
9.551649704609875613e+00
9.558929904702852198e+00
9.568440332932061310e+00
9.581699061798369499e+00
9.597055218079731276e+00
9.626651023152049902e+00
9.634601574353629516e+00
9.640143356740278335e+00
9.640321962238138198e+00
9.640906832197279286e+00
9.649665574150398939e+00
9.653381389187185135e+00
9.657604071860077966e+00
9.659879371605136100e+00
9.662304213691951915e+00
9.678355356897817785e+00
9.692712565386013779e+00
9.704639486302419016e+00
