3.235039383173279930e+02
3.235996039772346080e+02
3.239916049957041650e+02
3.247044963550922034e+02
3.250925891344249408e+02
3.261621654387409990e+02
3.264594868874779650e+02
3.277101027131218984e+02
3.283763783011904138e+02
3.286594714796131029e+02
3.292806073980267456e+02
3.296461252381005806e+02
3.300881806627981518e+02
3.317617090031894236e+02
3.327336388170973009e+02
3.327856451014010304e+02
3.342364220695364452e+02
3.345754431301031673e+02
3.349792262553070259e+02
3.362469951180618750e+02
3.368965783393087463e+02
3.372959442491012965e+02
3.388850664720926602e+02
3.392260478237432153e+02
3.400458735703098228e+02
3.412380763290152004e+02
3.420799765614223702e+02
3.428767399942232146e+02
3.433285988657262351e+02
3.448617765513931204e+02
3.449805056639324903e+02
3.452420038779358720e+02
3.455613939850573502e+02
3.459828289031007671e+02
3.464606745245786215e+02
3.474658253098310752e+02
3.477964076992457763e+02
3.480631978907592838e+02
3.480725153708121979e+02
3.481034098770846299e+02
3.486736414098584760e+02
3.490432267326909823e+02
3.498011815236127973e+02
3.503099584759341951e+02
3.506388951453739082e+02
3.514945242985066329e+02
3.518655956574775132e+02
3.520928453719163826e+02
