1.117342552970196934e+01
1.117529284691620006e+01
1.117893474125557063e+01
1.117319342831327589e+01
1.116598749215586039e+01
1.114287823916450293e+01
1.113745705522530116e+01
1.112655941075911770e+01
1.112901441795717439e+01
1.113140757938355030e+01
1.113834747896669342e+01
1.114284045189200256e+01
1.114792605089786015e+01
1.115403604301253893e+01
1.114514084181053732e+01
1.114446197170885178e+01
1.112326968133910299e+01
1.111910819858468535e+01
1.111529029236616850e+01
1.111379824837854002e+01
1.111908522335492222e+01
1.112372822340144474e+01
1.114238280417323779e+01
1.114445338538582853e+01
1.114420827306838824e+01
1.113025607797906602e+01
1.111403489538550104e+01
1.109856549354398147e+01
1.109138229910425544e+01
1.108308977979698184e+01
1.108356283522797625e+01
1.108508193592884084e+01
1.108769104668423822e+01
1.109199814427719843e+01
1.109727292529804821e+01
1.110505327217310878e+01
1.110543069458067222e+01
1.110466557567550794e+01
1.110462058289415843e+01
1.110446241605526474e+01
1.109905188137001808e+01
1.109314568316941951e+01
1.107687180840019003e+01
1.106525701310313181e+01
1.105890993698094249e+01
1.105429435608063038e+01
1.106132491927321659e+01
1.106945868136883604e+01
