1.952708801633497515e+01
1.953220679253679037e+01
1.954621513683813561e+01
1.955023462974549986e+01
1.954536339055559679e+01
1.952646519933182034e+01
1.952300813797389623e+01
1.952943327891832226e+01
1.954738833087550987e+01
1.955739723415597453e+01
1.958235807501651138e+01
1.959779687474129872e+01
1.961590064650318865e+01
1.966198895610582653e+01
1.966748896089177379e+01
1.966744010164513767e+01
1.966262881245670968e+01
1.966302227406021785e+01
1.966554444589462136e+01
1.969221197374603705e+01
1.971665370682985241e+01
1.973416857328416185e+01
1.980447945328498349e+01
1.981623719119517801e+01
1.983542991129953847e+01
1.983969967252379263e+01
1.983167233095814197e+01
1.982394108205884464e+01
1.982236676638623152e+01
1.984528761119738149e+01
1.984902053419867229e+01
1.985807983321810255e+01
1.987046800934744439e+01
1.988833334307788192e+01
1.990928267042449562e+01
1.994757621724341234e+01
1.995636263223616425e+01
1.996158583571718026e+01
1.996173635356061737e+01
1.996221975486516698e+01
1.996679415242121536e+01
1.996557358168206520e+01
1.995583041638223420e+01
1.994811956355679783e+01
1.994518724144247557e+01
1.995845569582399648e+01
1.998005726896127854e+01
1.999999929764187812e+01
