3.469509958847674547e+00
3.473606727234813896e+00
3.488438719840700308e+00
3.508947059465462814e+00
3.517637304656632491e+00
3.537411198713277027e+00
3.542661022311264674e+00
3.567586993799312545e+00
3.583730041691533419e+00
3.591215121625393802e+00
3.608735144258432115e+00
3.619582814324042275e+00
3.633018725981372654e+00
3.683492737277155538e+00
3.710521051619829258e+00
3.711911038776711358e+00
3.749304957365414026e+00
3.757942760207279687e+00
3.768350128805932453e+00
3.802554635751743906e+00
3.821048447471154130e+00
3.832621598997402845e+00
3.877849451086888610e+00
3.886906664451149407e+00
3.907126439955327601e+00
3.932422139247464088e+00
3.948145787709747445e+00
3.962604312654638861e+00
3.971059720949725591e+00
4.003331841389749179e+00
4.006100103787381350e+00
4.012320149664629909e+00
4.020118067590857436e+00
4.030656788332251494e+00
4.042768223309924025e+00
4.067719109589321924e+00
4.075486954080523638e+00
4.081531309802443275e+00
4.081738550736853099e+00
4.082423815564310665e+00
4.094548102261699185e+00
4.101910428493375171e+00
4.116241444048837295e+00
4.125906950935315010e+00
4.132546071140254185e+00
4.153183400427878702e+00
4.164581046172679990e+00
4.172578491588588179e+00
