7.849431319706491195e+01
7.855232488041714589e+01
7.879002719277437450e+01
7.922229927465285471e+01
7.945762425252073058e+01
8.010617845988554109e+01
8.028646414767649730e+01
8.104479311872408687e+01
8.144879778907207424e+01
8.162045488054086206e+01
8.199708845605753993e+01
8.221872481313354797e+01
8.248677065845986078e+01
8.350153399689989442e+01
8.409087371031908731e+01
8.412240824402428530e+01
8.500210113505437448e+01
8.520766981564833031e+01
8.545250754466397325e+01
8.622123061135322075e+01
8.661511067105848838e+01
8.685726917844725392e+01
8.782084361098593206e+01
8.802759962900063329e+01
8.852470572713856711e+01
8.924760495479097244e+01
8.975809585294742021e+01
9.024121688512072126e+01
9.051520303378191556e+01
9.144486108841043404e+01
9.151685658057695605e+01
9.167542863164599964e+01
9.186911549506743313e+01
9.212470873452981834e+01
9.241456457668363100e+01
9.302458843666497046e+01
9.322535755422637749e+01
9.338745124487024896e+01
9.339311344261004422e+01
9.341188851215605382e+01
9.375860176488235709e+01
9.398350954628219256e+01
9.444525068460347939e+01
9.475553011109688839e+01
9.495623557201322740e+01
9.547838101831850111e+01
9.570468277553325720e+01
9.584317129429361160e+01
