6.690848802310574683e+01
6.687238450549800461e+01
6.670918842757220091e+01
6.637451483021594356e+01
6.618523917631071640e+01
6.568218378524609591e+01
6.555187951968103732e+01
6.505520738481537535e+01
6.481961577318675438e+01
6.472438480089168422e+01
6.452445824604640734e+01
6.441241277518223285e+01
6.428262704521431203e+01
6.385757931415609789e+01
6.366665488401324779e+01
6.365764969798530615e+01
6.345296282176043690e+01
6.341711625734991742e+01
6.337979802114614358e+01
6.329840613098850355e+01
6.327702596999178297e+01
6.327064862909953291e+01
6.329575989218475485e+01
6.331142863651731290e+01
6.336339002370428375e+01
6.347343428275603117e+01
6.357382135553667268e+01
6.368356306337376793e+01
6.375097828816777934e+01
6.399835060590982039e+01
6.401835741147566239e+01
6.406277463110511405e+01
6.411769947188086860e+01
6.419143381784282099e+01
6.427715485047772859e+01
6.446770783794114834e+01
6.453424322223028753e+01
6.458953434677643202e+01
6.459149176169903228e+01
6.459799492396493292e+01
6.472156193918102929e+01
6.480511235795452762e+01
6.498370432333648239e+01
6.510761266974026285e+01
6.518879665373948740e+01
6.540220548064570494e+01
6.549574606798837806e+01
6.555356900916119400e+01
