1.889183567564214172e+02
1.888239396445674743e+02
1.884231860755362788e+02
1.876665343576054568e+02
1.872549623643386099e+02
1.861702548965415644e+02
1.858862091759854991e+02
1.847759757430402203e+02
1.842324791074813106e+02
1.840099531429843580e+02
1.835376618658411019e+02
1.832695955198862521e+02
1.829550903030796860e+02
1.818632916332301761e+02
1.812999384416090152e+02
1.812711399187373615e+02
1.805160184474132166e+02
1.803519312942931094e+02
1.801623184568985039e+02
1.796090100878934948e+02
1.793510228259617918e+02
1.792009325599388490e+02
1.786599463363816938e+02
1.785533717120170252e+02
1.783073363076090914e+02
1.779724873478574523e+02
1.777539173192961357e+02
1.775632249201717343e+02
1.774624666294950259e+02
1.771563156819487688e+02
1.771344955636445775e+02
1.770871802889420792e+02
1.770306527694485226e+02
1.769579542732246011e+02
1.768778941893824310e+02
1.767177039804815593e+02
1.766676858357049582e+02
1.766283699677207153e+02
1.766270141989987223e+02
1.766225271996767674e+02
1.765420249552486496e+02
1.764921202231198549e+02
1.763945404799375183e+02
1.763317326641362399e+02
1.762919210797021776e+02
1.761911031765756661e+02
1.761494069146244215e+02
1.761249983393350647e+02
