1.876830573116045286e+01
1.876450680306398766e+01
1.874182859475084939e+01
1.867853755632101453e+01
1.863671278596575576e+01
1.851495859382576015e+01
1.848268088343552051e+01
1.836708760296282605e+01
1.831967286139808948e+01
1.830185519862473242e+01
1.826566636999660531e+01
1.824505406219318360e+01
1.821947260929389500e+01
1.809858171879401212e+01
1.800494060485835490e+01
1.799952100069304350e+01
1.784148466383064147e+01
1.780502356339403391e+01
1.776310191655444370e+01
1.764648110824955296e+01
1.759555311632681907e+01
1.756620081926070753e+01
1.744729545273545668e+01
1.741809048227533552e+01
1.733850270444400721e+01
1.719845003393548666e+01
1.708780877622248084e+01
1.698213289309085994e+01
1.692455586376181742e+01
1.675461068251699004e+01
1.674322341971004491e+01
1.671889317004220032e+01
1.669034353903589007e+01
1.665394798693931122e+01
1.661307152793215280e+01
1.652040055915048100e+01
1.648585253239508575e+01
1.645599910995132475e+01
1.645492277794312486e+01
1.645133732101412605e+01
1.638052802812105568e+01
1.633010255160487390e+01
1.621824665673564070e+01
1.614074551968266746e+01
1.609198722266281578e+01
1.598266940343185283e+01
1.594922874784200673e+01
1.593479470567977430e+01
