8.604809062770436867e+01
8.598357983034219387e+01
8.566810849788545568e+01
8.495340073058417829e+01
8.452487018190406332e+01
8.332100618073476994e+01
8.299368692901710176e+01
8.167976018630145063e+01
8.101704252462559452e+01
8.074145241908126991e+01
8.014615693967412824e+01
7.980009067601486095e+01
7.938343955589365919e+01
7.776870248258533991e+01
7.674529728943539908e+01
7.668789416894929900e+01
7.497979181766280021e+01
7.455774197071417575e+01
7.405030188467762287e+01
7.247460754563716989e+01
7.170469941516243750e+01
7.124807619511383905e+01
6.952574804038739842e+01
6.916512203318268348e+01
6.829548590344913350e+01
6.702645910319421318e+01
6.615599362374105397e+01
6.538360425581265645e+01
6.497567025587704848e+01
6.376379697568849991e+01
6.367983220373361064e+01
6.349897771559988513e+01
6.328501122178521854e+01
6.301287146324182942e+01
6.271643924276018112e+01
6.213019426389993072e+01
6.194838710889534639e+01
6.180582649691032771e+01
6.180091614128347999e+01
6.178466775536151090e+01
6.149399985811871261e+01
6.131485900765095920e+01
6.096827667592180688e+01
6.074895917313084226e+01
6.061198135218965177e+01
6.027455455826563480e+01
6.014052715622874246e+01
6.006435437927345333e+01
