9.172529953319964235e+00
9.174989317845120951e+00
9.181831376052439708e+00
9.184321959465089336e+00
9.182413181481781095e+00
9.174685932106859454e+00
9.173393723296864977e+00
9.177787495471102730e+00
9.186920923280270657e+00
9.191911920972856365e+00
9.204261038260565186e+00
9.211877817720436568e+00
9.220826451480474972e+00
9.244326503073590828e+00
9.248220607653991010e+00
9.248274305334529544e+00
9.248443619882355193e+00
9.249275919800679091e+00
9.251267780593588341e+00
9.266538688030662385e+00
9.279514126584160749e+00
9.288677683991432232e+00
9.325478949578773324e+00
9.331811673389543316e+00
9.342767065315952024e+00
9.347585267391247399e+00
9.345810371428987295e+00
9.344086411427820593e+00
9.344438572877320937e+00
9.358949680191901876e+00
9.360994227801398893e+00
9.365890391622608391e+00
9.372490711973890498e+00
9.381909499065189451e+00
9.392906585400622177e+00
9.413291635789210687e+00
9.418196444729087347e+00
9.421274093725994447e+00
9.421366547593713392e+00
9.421665716596461237e+00
9.425141057170636216e+00
9.425426224959382537e+00
9.422623547017638046e+00
9.420217800070618708e+00
9.419645173436840935e+00
9.428072344778522407e+00
9.439231185784946021e+00
9.449240501604371900e+00
