8.522880893882980757e+00
8.524499599846818043e+00
8.528151114945972111e+00
8.525652218771497814e+00
8.521320269842233230e+00
8.507331091134442858e+00
8.504303416631797674e+00
8.501030028095819091e+00
8.505819831923345120e+00
8.508934025890455999e+00
8.517165526893901273e+00
8.522398202272027490e+00
8.528545073180678671e+00
8.542791328082394386e+00
8.542442807210443689e+00
8.542289377152956220e+00
8.537128938903732589e+00
8.536754971749592968e+00
8.537284029084057480e+00
8.547619605561687095e+00
8.557859759352357543e+00
8.565305147034523614e+00
8.595554940279905409e+00
8.600648972219943289e+00
8.608999045151543683e+00
8.610978671384081906e+00
8.607675474122515880e+00
8.604589588633357877e+00
8.604109716318953716e+00
8.615030476698720463e+00
8.616742243699269110e+00
8.620882389500653886e+00
8.626523830216255462e+00
8.634640146780990122e+00
8.644153825651363476e+00
8.661657308136401667e+00
8.665752201238962726e+00
8.668241636862651589e+00
8.668314658351830460e+00
8.668549938998124205e+00
8.670996765094336922e+00
8.670760361423230478e+00
8.667143320340423784e+00
8.664242433108748642e+00
8.663288045492786082e+00
8.670059241433301978e+00
8.679991183075898675e+00
8.689032593528022375e+00
