6.143832853117783088e+01
6.141109398852950108e+01
6.129394118923917034e+01
6.107243207389493733e+01
6.095477917744862850e+01
6.066362153262439705e+01
6.059307284477706190e+01
6.034238506201592855e+01
6.023380456758604140e+01
6.019205285677085726e+01
6.010947689276903105e+01
6.006712594466815602e+01
6.002301603543934050e+01
5.994894659849654772e+01
5.998984157588986221e+01
5.999388369470887028e+01
6.017532012756061022e+01
6.023411916691937762e+01
6.031040771741149342e+01
6.058332699135069532e+01
6.073769680665555626e+01
6.083669864312393116e+01
6.126378691668417531e+01
6.136327449117863608e+01
6.161501991749062057e+01
6.201137587549327890e+01
6.230845951963010521e+01
6.259752346817372626e+01
6.276314800377960523e+01
6.332583650997202085e+01
6.336929559449148286e+01
6.346498270687606436e+01
6.358187559324763072e+01
6.373639725701282543e+01
6.391248146823426879e+01
6.428873258585983308e+01
6.441488901656357768e+01
6.451771340033690194e+01
6.452132120911241486e+01
6.453329196127002376e+01
6.475646660508142816e+01
6.490327179832681281e+01
6.520874886195237252e+01
6.541612970727321397e+01
6.555073630807123664e+01
6.590124250560509722e+01
6.605302771658493555e+01
6.614590461640395347e+01
