1.445277748256921768e+01
1.438402397043354775e+01
1.373281441973068517e+01
1.346110923547631444e+01
1.345013717573356260e+01
1.339166284815503438e+01
1.332681898478250559e+01
1.343770948582201541e+01
1.348232062487376659e+01
1.383341702436137588e+01
1.389876791263197298e+01
1.401513273652273739e+01
1.414379218085194978e+01
1.453094775252197479e+01
1.473660507264893837e+01
1.482043918337831201e+01
1.511323999533363960e+01
1.530898496525808739e+01
1.544872951061900324e+01
1.563455612296326436e+01
1.584834120133703728e+01
1.604213748243816440e+01
1.636828175293012322e+01
1.642764186593759490e+01
1.660346627563194843e+01
1.688630564047860361e+01
1.708810904551103960e+01
1.722011512132200295e+01
1.725407774915892389e+01
1.761873864457372463e+01
1.766020376161250027e+01
1.800765117298496776e+01
1.832676649307840577e+01
1.940679540701029282e+01
2.056188124336580003e+01
2.058084477470069018e+01
2.067207994754025790e+01
2.071736698363941187e+01
2.072724084479738949e+01
2.114418195961303581e+01
2.132053762905301397e+01
2.132587492599413181e+01
2.137974794819334434e+01
