4.470507549898320576e+01
4.475037906854325342e+01
4.493606737706404886e+01
4.527383781840092780e+01
4.545771024748694344e+01
4.596439191238561506e+01
4.610523387438865939e+01
4.669770021073987465e+01
4.701336768530014609e+01
4.714749097241671194e+01
4.744176219605346745e+01
4.761492329317424321e+01
4.782433669806634668e+01
4.861712020274883628e+01
4.907755638853021196e+01
4.910219368023683018e+01
4.978954399451080093e+01
4.995022054588365990e+01
5.014165322757973797e+01
5.074346059474741821e+01
5.105247503341274040e+01
5.124273877893552509e+01
5.200233704100285337e+01
5.216593802587081541e+01
5.256038248870714824e+01
5.313721418729309676e+01
5.354691225578232405e+01
5.393592275105826417e+01
5.415674799318905031e+01
5.490429161340416897e+01
5.496196790936752308e+01
5.508887451526484824e+01
5.524366023660037683e+01
5.544760695532079353e+01
5.567863466271385420e+01
5.616519610506048821e+01
5.632579592662151668e+01
5.645571944241056883e+01
5.646026246817112337e+01
5.647532880723880311e+01
5.675419896676253018e+01
5.693573650254435137e+01
5.730965765971247095e+01
5.756138495345464889e+01
5.772419304202674084e+01
5.814704882846837819e+01
5.832999196677746312e+01
5.844193551153458088e+01
