8.914298024220379091e+00
8.916772621322408554e+00
8.923668068324897007e+00
8.926149299865830500e+00
8.924133345786493976e+00
8.915535578282172580e+00
8.913817394254191839e+00
8.915385109242100370e+00
8.922289595106855487e+00
8.926178330842038378e+00
8.935785197991206630e+00
8.941580660725879426e+00
8.948120163138069572e+00
8.960354190147732822e+00
8.955957954693388956e+00
8.955527032289110068e+00
8.940298582557268503e+00
8.936976072821709138e+00
8.933731400780805743e+00
8.930537455186087215e+00
8.932924686405065984e+00
8.935236729114345522e+00
8.942626214975541998e+00
8.942277978574916020e+00
8.936738371340185338e+00
8.916573109140397690e+00
8.896430375793237033e+00
8.876705462015046066e+00
8.866558064269980832e+00
8.843799027084330078e+00
8.842853962903721055e+00
8.841116937139776866e+00
8.839528914823002737e+00
8.838008511972374137e+00
8.836437199213325044e+00
8.829920712593393617e+00
8.825865176574007265e+00
8.821675443322227750e+00
8.821513512480761321e+00
8.820968924382540877e+00
8.808791366470799744e+00
8.798843252512531521e+00
8.774772886848763775e+00
8.757803231361149798e+00
8.747649221846037548e+00
8.730333286551749339e+00
8.729859048286645162e+00
8.732573472957463778e+00
