6.429245133130280010e+01
6.429202932096097811e+01
6.429372750618665577e+01
6.430884259614447274e+01
6.432232931260570297e+01
6.437315967375987213e+01
6.438991754725338978e+01
6.446839319286512193e+01
6.451443684805882128e+01
6.453495744292504810e+01
6.458260365567642225e+01
6.461283248459008632e+01
6.465228126378950435e+01
6.484519700206064385e+01
6.500071910625081273e+01
6.501006758741003466e+01
6.531069469518605786e+01
6.539061664272436758e+01
6.548944505727342857e+01
6.581751570245216953e+01
6.599194697097603068e+01
6.610064334431726252e+01
6.654742578033417999e+01
6.664760847231286789e+01
6.689689849108870590e+01
6.728117736745005573e+01
6.756459955966563768e+01
6.783706758923757718e+01
6.799177439283100455e+01
6.851077876488066920e+01
6.855052728163725817e+01
6.863792088752505549e+01
6.874448018446364017e+01
6.888505747345675445e+01
6.904491707254847199e+01
6.938534341389969029e+01
6.949908837929416450e+01
6.959162992288108285e+01
6.959487414730890009e+01
6.960563715826282305e+01
6.980591468955360313e+01
6.993728377634086257e+01
7.020988292514556406e+01
7.039455946654062757e+01
7.051433492358921740e+01
7.082583639959524646e+01
7.096031972536350452e+01
7.104234444001440352e+01
