1.952761912971900671e+01
1.953273597752004065e+01
1.954673650216343717e+01
1.955074217023882355e+01
1.954586364680286437e+01
1.952694629068884780e+01
1.952348411984104004e+01
1.952988847021345364e+01
1.954783263271832539e+01
1.955783688479627003e+01
1.958278737830841010e+01
1.959821995698877117e+01
1.961631603894016251e+01
1.966237338176543403e+01
1.966785429276486141e+01
1.966780439905554445e+01
1.966296424280920974e+01
1.966335105242552928e+01
1.966586539068944361e+01
1.969250902483710775e+01
1.971693885826259418e+01
1.973444646642253630e+01
1.980472821018949503e+01
1.981647953016004493e+01
1.983565647166749457e+01
1.983990251132484417e+01
1.983185816837539051e+01
1.982411097334400552e+01
1.982252777831396529e+01
1.984541975655705670e+01
1.984915052387765044e+01
1.985820510681790907e+01
1.987058757158481015e+01
1.988844542202432919e+01
1.990938628233239882e+01
1.994766178044115179e+01
1.995644211724042094e+01
1.996166034927151856e+01
1.996181069238457084e+01
1.996229351378845251e+01
1.996685706319991738e+01
1.996562933032788223e+01
1.995587130171303514e+01
1.994815052470417527e+01
1.994521191416670192e+01
1.995846501338447254e+01
1.998006063024837431e+01
1.999999929761111517e+01
