2.257548518460826017e+02
2.257604046365941883e+02
2.257794344857834687e+02
2.258013044290973710e+02
2.258077282378189921e+02
2.258105818733190233e+02
2.258081987870347120e+02
2.257856204009739827e+02
2.257656760160460578e+02
2.257554554313387030e+02
2.257289618547117982e+02
2.257104205257228386e+02
2.256845787997282287e+02
2.255415458880644337e+02
2.254153492659636413e+02
2.254075656797025715e+02
2.251482498552114180e+02
2.250767754942880003e+02
2.249870980259193516e+02
2.246799173113360837e+02
2.245110717852861626e+02
2.244040463130658623e+02
2.239508520792100512e+02
2.238465653956303072e+02
2.235832680037914884e+02
2.231675416025319691e+02
2.228537366888898816e+02
2.225465703866993294e+02
2.223698498377413273e+02
2.217654918456553617e+02
2.217185155001522787e+02
2.216149021303493214e+02
2.214879651279138102e+02
2.213195131714662693e+02
2.211266052681745578e+02
2.207110624504565521e+02
2.205707911641720784e+02
2.204561472807388327e+02
2.204521198178711927e+02
2.204387542904607642e+02
2.201889317171342952e+02
2.200239493160391930e+02
2.196790017787394333e+02
2.194435196661581813e+02
2.192901078860409427e+02
2.188888828433942422e+02
2.187147148946044695e+02
2.186081962183538394e+02
