8.277374265447433572e+02
8.278799822765269028e+02
8.284641394522889186e+02
8.295265169748863627e+02
8.301048693080487055e+02
8.316987890733792028e+02
8.321418670766346395e+02
8.340055790989194975e+02
8.349984884635327944e+02
8.354203647398371686e+02
8.363460049480147518e+02
8.368907132990957507e+02
8.375494808153766826e+02
8.400434364162291558e+02
8.414918434908780682e+02
8.415693452443669003e+02
8.437313489047982102e+02
8.442365713076118254e+02
8.448383047314227952e+02
8.467275836458353524e+02
8.476956182935813331e+02
8.482907695274802791e+02
8.506589481424497308e+02
8.511670939305797674e+02
8.523888346894231063e+02
8.541655049950353487e+02
8.554201395299553496e+02
8.566075117290882872e+02
8.572808926320975615e+02
8.595656920362686151e+02
8.597426250194407658e+02
8.601323152264210421e+02
8.606082765671048946e+02
8.612363093487632568e+02
8.619484193562038854e+02
8.634464823876324999e+02
8.639392570574025285e+02
8.643369860839374041e+02
8.643508773529363225e+02
8.643969378678268640e+02
8.652472284024936471e+02
8.657984890508236049e+02
8.669295002023475263e+02
8.676890516314446131e+02
8.681802406363045748e+02
8.694579423529708038e+02
8.700117442714708886e+02
8.703506682588803187e+02
