1.854353073128822871e+02
1.854954360086202030e+02
1.857472266241362604e+02
1.862213580592163282e+02
1.864848542660938620e+02
1.872180962460352305e+02
1.874221353970914947e+02
1.882768051787682282e+02
1.887301281657684058e+02
1.889226619644815344e+02
1.893456936739611081e+02
1.895954372174348066e+02
1.898987461651757656e+02
1.910670522317969642e+02
1.917650569262982287e+02
1.918028534107671987e+02
1.928741436490294916e+02
1.931284725475489665e+02
1.934327867069968647e+02
1.943941041146764803e+02
1.948879084816802276e+02
1.951915120013483147e+02
1.964007349571218697e+02
1.966610432200886294e+02
1.972891886154314989e+02
1.982088872172913057e+02
1.988614666173137095e+02
1.994794433808117446e+02
1.998294443519991432e+02
2.010123052363665863e+02
2.011036103743853403e+02
2.013045990542847505e+02
2.015499242976189294e+02
2.018734746759440100e+02
2.022403062693963420e+02
2.030127087925203000e+02
2.032671469775403068e+02
2.034726660050179134e+02
2.034798466326340076e+02
2.035036573272265059e+02
2.039435501318442618e+02
2.042290724306683671e+02
2.048155833020518912e+02
2.052099011702614177e+02
2.054650391156839646e+02
2.061290240750664964e+02
2.064168717232998347e+02
2.065930267915133527e+02
