1.552745586281242140e+03
1.552470632590551759e+03
1.551301700850169937e+03
1.549056940953002368e+03
1.547799921017243605e+03
1.544305036484446646e+03
1.543336118000744364e+03
1.539291806304721149e+03
1.537150402716260032e+03
1.536240758691634483e+03
1.534241053789702846e+03
1.533059514443608123e+03
1.531623092055546749e+03
1.526055112790459361e+03
1.522673768550134355e+03
1.522488999629287946e+03
1.517175527152875475e+03
1.515894404601401448e+03
1.514353982824531840e+03
1.509454711357855103e+03
1.506929259864836013e+03
1.505374833274406683e+03
1.499147130401601089e+03
1.497791672102935308e+03
1.494488331338039188e+03
1.489566409938975085e+03
1.486028282057781325e+03
1.482663633736455722e+03
1.480758232190392391e+03
1.474339663890990096e+03
1.473845264861193755e+03
1.472756932595593526e+03
1.471427932589592729e+03
1.469672755184206380e+03
1.467677113989904228e+03
1.463444552343403075e+03
1.462039105539929324e+03
1.460899460905394108e+03
1.460859570799015046e+03
1.460727261731676663e+03
1.458273313431212728e+03
1.456671001015599813e+03
1.453357854963910086e+03
1.451115911673449546e+03
1.449660144482360465e+03
1.445858316833319350e+03
1.444207380374651621e+03
1.443197366442725979e+03
