8.518970920125582325e+00
8.516106807613221363e+00
8.500846856042238997e+00
8.462095929802252670e+00
8.437272351642043589e+00
8.365311465219535947e+00
8.346014438251817324e+00
8.274848616665117618e+00
8.244236113625243334e+00
8.232503952162989691e+00
8.208536308955110883e+00
8.195017968610709858e+00
8.178612285088869172e+00
8.107106457444094971e+00
8.055184279848248252e+00
8.052211478384776910e+00
7.965527961525281420e+00
7.945292962252715974e+00
7.921795364664816930e+00
7.854538878941908386e+00
7.824156872362498127e+00
7.806479537230195831e+00
7.736666697362731604e+00
7.720398873592789535e+00
7.677644336249591639e+00
7.605891262792797036e+00
7.550792968742018552e+00
7.498796533290352784e+00
7.470617496279832181e+00
7.387987757800626554e+00
7.382503318679707327e+00
7.370829939389884622e+00
7.357232008790287381e+00
7.340105860079132682e+00
7.321219874251890580e+00
7.279804425181263028e+00
7.264749767227858257e+00
7.251852280330639999e+00
7.251388865392912386e+00
7.249845866609596179e+00
7.219558096276636583e+00
7.198144367543386046e+00
7.150924739721515877e+00
7.118387405168713933e+00
7.098001527524195886e+00
7.052739528034683403e+00
7.039223519993225153e+00
7.033580420673191114e+00
