6.171212298439865407e+00
6.170099092957889830e+00
6.162952973670288159e+00
6.141853468103342095e+00
6.127589299594286665e+00
6.085399882171614649e+00
6.074097002125195210e+00
6.033326038528009860e+00
6.016541403754368744e+00
6.010249597871368366e+00
5.997539800180705427e+00
5.990354796934139969e+00
5.981486449461042909e+00
5.939594436174526315e+00
5.906533623105095998e+00
5.904597511521498809e+00
5.846790773199766811e+00
5.833003358917731695e+00
5.816879584617796972e+00
5.770063438582070603e+00
5.748552047670794529e+00
5.735914359272518581e+00
5.685185642889481805e+00
5.673236598197313185e+00
5.641747677431480312e+00
5.588850825802679445e+00
5.548288556686641115e+00
5.510096837751668808e+00
5.489452737502308999e+00
5.429372740354104110e+00
5.425428025641437557e+00
5.417060941351764747e+00
5.407372076856486132e+00
5.395272491871071274e+00
5.382074576454893844e+00
5.353580455322837217e+00
5.343317033220158052e+00
5.334543914715875523e+00
5.334228934111182596e+00
5.333180268583608274e+00
5.312619253793221752e+00
5.298100834387760472e+00
5.266143915475895554e+00
5.244211441172796917e+00
5.230542224869022760e+00
5.200690217410952165e+00
5.192178625228379474e+00
5.188867804218394220e+00
