1.079476691903781038e+01
1.079776274105985046e+01
1.080615424021066140e+01
1.080941099050869170e+01
1.080719962887043728e+01
1.079775984049908466e+01
1.079604136960931626e+01
1.079996285841366443e+01
1.080978378940172213e+01
1.081520683254549375e+01
1.082862484436039274e+01
1.083684494686276345e+01
1.084638134082236505e+01
1.086914926168417850e+01
1.086992579983683704e+01
1.086976309782754591e+01
1.086271945308195441e+01
1.086174693916362877e+01
1.086164353468580224e+01
1.087113505485507226e+01
1.088165185759869935e+01
1.088939771518059096e+01
1.091990834246063891e+01
1.092449049694753782e+01
1.093032668121782613e+01
1.092535751084814244e+01
1.091548000260382345e+01
1.090586189627487457e+01
1.090187774457323222e+01
1.090355637574809755e+01
1.090474287792649655e+01
1.090780707644763936e+01
1.091225945739119396e+01
1.091893984077639601e+01
1.092685400736226420e+01
1.094018162035214559e+01
1.094242786291998470e+01
1.094319831633623963e+01
1.094320743977687194e+01
1.094322895275269047e+01
1.094120400768333745e+01
1.093756045157901546e+01
1.092604620166454232e+01
1.091764018610773412e+01
1.091332670483176237e+01
1.091359981553435787e+01
1.092244784741872721e+01
1.093156650652845130e+01
