6.321168769946655885e+00
6.322271788187042496e+00
6.324483847428520988e+00
6.321377614466536343e+00
6.317317577375273885e+00
6.304071639288896023e+00
6.300887954780316491e+00
6.293719392462532092e+00
6.294087223473093573e+00
6.294869826572492499e+00
6.297201552698772353e+00
6.298559816566339009e+00
6.299736011891840626e+00
6.293739924501575267e+00
6.280848320135763885e+00
6.279993099232275888e+00
6.252764308830260020e+00
6.246257140407682762e+00
6.238849709315625880e+00
6.219292960907399248e+00
6.211286249413785043e+00
6.206642179073718957e+00
6.184187232171084680e+00
6.177408587829937403e+00
6.156933750342974854e+00
6.116637258963713464e+00
6.082860100125772718e+00
6.049761084599086125e+00
6.031489562180792241e+00
5.976555162374276975e+00
5.972790952081607152e+00
5.964688058024210982e+00
5.955053027811232802e+00
5.942520800876540221e+00
5.928050260914400127e+00
5.893711991552340379e+00
5.880483259569694532e+00
5.868918122833954421e+00
5.868499124031327341e+00
5.867102406796554703e+00
5.839248369179248499e+00
5.819135733696847446e+00
5.773720196784394076e+00
5.741450323173678427e+00
5.720652356423154394e+00
5.671187290918179968e+00
5.653959851326398223e+00
5.645330335616997708e+00
