1.269823835271003190e+03
1.270042626547039845e+03
1.270939172503540021e+03
1.272569666167073592e+03
1.273457296777877900e+03
1.275903579817448417e+03
1.276583598264895045e+03
1.279443947580537952e+03
1.280967823086767794e+03
1.281615300895964992e+03
1.283035934212479106e+03
1.283871929538174300e+03
1.284882978103715459e+03
1.288710595007791881e+03
1.290933546975899390e+03
1.291052493254679348e+03
1.294370640806267602e+03
1.295146033768113966e+03
1.296069547580550989e+03
1.298969128865102903e+03
1.300454824799254084e+03
1.301368235750133408e+03
1.305002805876093817e+03
1.305782684146679685e+03
1.307657754809702055e+03
1.310384506643584928e+03
1.312310061590742635e+03
1.314132383996865656e+03
1.315165856600746338e+03
1.318672463640798242e+03
1.318944013418227314e+03
1.319542095324967249e+03
1.320272584315963286e+03
1.321236469533473382e+03
1.322329396451658795e+03
1.324628587052844750e+03
1.325384885846901170e+03
1.325995310842658682e+03
1.326016630832500141e+03
1.326087323411323723e+03
1.327392329654811419e+03
1.328238393015062002e+03
1.329974249987952589e+03
1.331139996372791302e+03
1.331893858907236336e+03
1.333854759445400532e+03
1.334704607268339714e+03
1.335224669673337758e+03
