1.724268878305340280e+01
1.724841387851169472e+01
1.726528658441363717e+01
1.727544685789775514e+01
1.727404031508686444e+01
1.726360057211122978e+01
1.726200882986205087e+01
1.727364762961441258e+01
1.729307176428650195e+01
1.730358879734814792e+01
1.732972049533283254e+01
1.734603760767964431e+01
1.736554330479636121e+01
1.742176563946513923e+01
1.743644938399156175e+01
1.743693217085213476e+01
1.744680745171860536e+01
1.745022137012442087e+01
1.745595680065829214e+01
1.748952192224792768e+01
1.751574974440433152e+01
1.753396055326263792e+01
1.760661070063618894e+01
1.761924954251057684e+01
1.764164465348453348e+01
1.765326196979416196e+01
1.765145159756274396e+01
1.764924781652673502e+01
1.765028398128963616e+01
1.767777371018949850e+01
1.768158613452982664e+01
1.769071299271036679e+01
1.770302277245318123e+01
1.772062674470053878e+01
1.774127817159061848e+01
1.778016479155491325e+01
1.778981577923507373e+01
1.779604982524877954e+01
1.779624095071070755e+01
1.779686159772725418e+01
1.780468959051060551e+01
1.780627584607225700e+01
1.780356994989073272e+01
1.780094040357365870e+01
1.780108528631632225e+01
1.781971389650478343e+01
1.784154437604723498e+01
1.786072286034051970e+01
