1.526141878580066669e+00
1.529679659983353535e+00
1.543079648906133139e+00
1.563694072190600082e+00
1.573383757627437207e+00
1.596947594379885871e+00
1.603124481658920519e+00
1.629658974002177407e+00
1.644896763112801974e+00
1.651669565292334108e+00
1.667126130793442629e+00
1.676556873056348929e+00
1.688218126623370896e+00
1.733365405492025335e+00
1.759174173559914900e+00
1.760534653856337117e+00
1.797686115446582411e+00
1.806200978448451622e+00
1.816302108149174366e+00
1.847941886906455222e+00
1.864148103696082082e+00
1.874080617689768857e+00
1.912718930349761370e+00
1.920693223391075621e+00
1.939247031285249667e+00
1.964700899304268722e+00
1.981921013019801947e+00
1.998080020134132662e+00
2.007332185905980282e+00
2.039844665791367806e+00
2.042438806144031727e+00
2.048181347046947653e+00
2.055235610681162228e+00
2.064571938384336836e+00
2.075119628959238405e+00
2.096733393822288960e+00
2.103562944318853489e+00
2.108949970630618953e+00
2.109136026462242075e+00
2.109751928571396373e+00
2.120843047631341349e+00
2.127770658804617909e+00
2.141541743556999666e+00
2.150723871539299559e+00
2.156788540945951294e+00
2.173826858231880710e+00
2.182162094810323083e+00
2.187664429741429828e+00
