1.066610655516960904e+01
1.066726488204643708e+01
1.066830033924345322e+01
1.065884681091502628e+01
1.065004862209592673e+01
1.062353858050545696e+01
1.061733664068655969e+01
1.060357295012851608e+01
1.060475125854027389e+01
1.060667375659615885e+01
1.061278970462347537e+01
1.061696788283414605e+01
1.062188255611417098e+01
1.063000898909758618e+01
1.062446787790681491e+01
1.062401266472170036e+01
1.061059108536405127e+01
1.060859661999116632e+01
1.060748818833343776e+01
1.061518653141821567e+01
1.062549890662207197e+01
1.063333472500120536e+01
1.066568595907500416e+01
1.067095355272827639e+01
1.067883515519267590e+01
1.067779400216675612e+01
1.067131675639165422e+01
1.066533968927092779e+01
1.066358311666272485e+01
1.067355578956369300e+01
1.067542602648188677e+01
1.068001495480095464e+01
1.068636366489166889e+01
1.069560149059099885e+01
1.070648908627432228e+01
1.072632085837198623e+01
1.073077962811713171e+01
1.073336204980878961e+01
1.073343487973482446e+01
1.073366783258762425e+01
1.073560152216378505e+01
1.073457936888121900e+01
1.072857013313919161e+01
1.072394709657231537e+01
1.072211150795469869e+01
1.072892080261514280e+01
1.074063133693269911e+01
1.075150758282764762e+01
