5.980236041881289566e+01
5.986768076384130666e+01
6.013532582416737426e+01
6.062204123320440630e+01
6.088700299051969722e+01
6.161723301858355484e+01
6.182022203040921937e+01
6.267404139915457506e+01
6.312891563991850319e+01
6.332218594995992333e+01
6.374623971043297388e+01
6.399578029638279020e+01
6.429757237900599876e+01
6.544008223572859606e+01
6.610360653037670886e+01
6.613911042346228442e+01
6.712952757108816115e+01
6.736096892513157286e+01
6.763662091617528915e+01
6.850208733619894019e+01
6.894553426492196024e+01
6.921816566848622188e+01
7.030298715393324471e+01
7.053575776395550179e+01
7.109540898184035029e+01
7.190925705528361789e+01
7.248396927363765485e+01
7.302786542935311331e+01
7.333631712166319971e+01
7.438290025066618227e+01
7.446394706599070901e+01
7.464245071072339499e+01
7.486047244295167502e+01
7.514815304615540015e+01
7.547434608916910292e+01
7.616055275021082593e+01
7.638627293904345095e+01
7.656845613950096663e+01
7.657481914838612624e+01
7.659591754288072707e+01
7.698539964493281218e+01
7.723790900044268426e+01
7.775598614957893062e+01
7.810393659009756107e+01
7.832898171370200657e+01
7.891469907928205885e+01
7.916887715254308944e+01
7.932459855547942595e+01
