2.403363059546936711e+02
2.402942317884590864e+02
2.401233940157178210e+02
2.398213915028916006e+02
2.396626591622882358e+02
2.392472792125126659e+02
2.391373119598706296e+02
2.386966573344793972e+02
2.384733115045525835e+02
2.383801338202095224e+02
2.381781461197903127e+02
2.380601957852165356e+02
2.379176278201680361e+02
2.373625522610961696e+02
2.370152267381421609e+02
2.369959442197920794e+02
2.364292765902145561e+02
2.362898520831505778e+02
2.361212871796085722e+02
2.355815667796951516e+02
2.353025550934868875e+02
2.351306725392586827e+02
2.344382424715081186e+02
2.342860187790101349e+02
2.339118397861072935e+02
2.333461845542840933e+02
2.329354637998865201e+02
2.325439652782885105e+02
2.323225872462228665e+02
2.315817722228946991e+02
2.315250609288306975e+02
2.314003655569189277e+02
2.312483153786230901e+02
2.310477331258740037e+02
2.308197131814685861e+02
2.303347976123294529e+02
2.301730521251660946e+02
2.300415632302227209e+02
2.300369552301315537e+02
2.300216685230797111e+02
2.297373896167576106e+02
2.295510351649448921e+02
2.291642509516646840e+02
2.289018520131506875e+02
2.287314041741045401e+02
2.282870058502861923e+02
2.280947562718550898e+02
2.279774645526607060e+02
