1.537295596631600425e+00
1.540907450338220741e+00
1.554574037725585001e+00
1.575538053163284768e+00
1.585356739007638183e+00
1.609119287038277113e+00
1.615324590299276331e+00
1.641942384547398825e+00
1.657242217961489850e+00
1.664051706308464329e+00
1.679616147656052272e+00
1.689129446319025174e+00
1.700909629064691675e+00
1.746661046178971777e+00
1.772874422699072028e+00
1.774256417335829283e+00
1.811961110311832268e+00
1.820586158839363033e+00
1.830807085467055728e+00
1.862745478858509163e+00
1.879068490097221211e+00
1.889065449353270143e+00
1.927949814540710349e+00
1.935981225114977944e+00
1.954683601779821700e+00
1.980372971438367546e+00
1.997754124317688396e+00
2.014041910530348645e+00
2.023350951447326906e+00
2.055944608093944304e+00
2.058537651969642113e+00
2.064274378730336590e+00
2.071315696648195814e+00
2.080626582529331525e+00
2.091136892047426699e+00
2.112661086926457266e+00
2.119463415012707852e+00
2.124830934018108408e+00
2.125016357395308475e+00
2.125630188093928119e+00
2.136691164725314618e+00
2.143608801936731645e+00
2.157386517173758733e+00
2.166593707316423423e+00
2.172682523848548541e+00
2.189804944275346443e+00
2.198181507417656722e+00
2.203708983460204163e+00
