3.558387594270698173e+00
3.574907577920450663e+00
3.642602528919687277e+00
3.765712761624706584e+00
3.832730302552034285e+00
4.017421649902770397e+00
4.068762198983758793e+00
4.284723289259498635e+00
4.399782806696796555e+00
4.448670470451101089e+00
4.555934411412582818e+00
4.619055154379437589e+00
4.695392931421533689e+00
4.984404480404962534e+00
5.152270018568092524e+00
5.161252524053171697e+00
5.411835578211984021e+00
5.470393029118163497e+00
5.540136882556057962e+00
5.759121243598715800e+00
5.871332578658329915e+00
5.940323099012712937e+00
6.214854012875171030e+00
6.273761000394206810e+00
6.415392288675635157e+00
6.621363903413432617e+00
6.766827594139604329e+00
6.904500610035414709e+00
6.982579143100719143e+00
7.247503798160471966e+00
7.268019608281004906e+00
7.313205353699382627e+00
7.368394799287965924e+00
7.441217318107370637e+00
7.523786399206477071e+00
7.697458696313079329e+00
7.754573410542378475e+00
7.800667134827102167e+00
7.802276964221809941e+00
7.807614795975081456e+00
7.906152123097875517e+00
7.970050109884801337e+00
8.101302611970838896e+00
8.189719802120096759e+00
8.247112642171954278e+00
8.397786965356548450e+00
8.464044629775068884e+00
8.504993113586650111e+00
