2.052159413579330405e+01
2.051824660685831603e+01
2.049677091691477671e+01
2.043362081424394816e+01
2.039115468620099847e+01
2.026674531636242094e+01
2.023377276303049399e+01
2.011651516714391974e+01
2.006910071592382394e+01
2.005141207504922818e+01
2.001560961174396525e+01
1.999519284980417666e+01
1.996970823240360815e+01
1.984646222491608825e+01
1.974916727132591276e+01
1.974351532892951155e+01
1.957846303355135120e+01
1.954043416708810810e+01
1.949679420536254426e+01
1.937617394110030489e+01
1.932396908620576070e+01
1.929398198523804453e+01
1.917202440294041921e+01
1.914174474818964811e+01
1.905859269967907466e+01
1.891084984538703750e+01
1.879353836104633402e+01
1.868136009763358629e+01
1.862027112040775734e+01
1.844050866850828641e+01
1.842850678293204680e+01
1.840288178670891384e+01
1.837283862700984116e+01
1.833455535813330783e+01
1.829152550859140192e+01
1.819354220239847564e+01
1.815682772628940356e+01
1.812503118142533864e+01
1.812388369494398077e+01
1.812006069480558068e+01
1.804442168660291657e+01
1.799043722927209288e+01
1.787051650263639146e+01
1.778742151694097373e+01
1.773520441777059631e+01
1.761869088611595657e+01
1.758352802968576967e+01
1.756863709983161925e+01
