2.830379517417568422e+02
2.830295643931157201e+02
2.829936124496318257e+02
2.829238619989571930e+02
2.828846786818833721e+02
2.827761127443868645e+02
2.827462082608570881e+02
2.826225443091768739e+02
2.825577951642343919e+02
2.825304228491162348e+02
2.824704840058139439e+02
2.824351959888539341e+02
2.823923938266353275e+02
2.822269391302518216e+02
2.821263391705672348e+02
2.821208336043662825e+02
2.819621792065675550e+02
2.819238806162675246e+02
2.818778495907178581e+02
2.817319077734013604e+02
2.816571208123795600e+02
2.816112649229014551e+02
2.814286433340463418e+02
2.813890384658179187e+02
2.812925829584980306e+02
2.811489628266613181e+02
2.810459522066397540e+02
2.809484047077949640e+02
2.808934149724429972e+02
2.807097588069354401e+02
2.806957112193820763e+02
2.806648315825432860e+02
2.806271984361600857e+02
2.805776074558513073e+02
2.805213478789651163e+02
2.804023486025204193e+02
2.803629083327199965e+02
2.803309505573849378e+02
2.803298323357731761e+02
2.803261235545252248e+02
2.802573866011573500e+02
2.802125572685393990e+02
2.801200055939333424e+02
2.800575007785419643e+02
2.800169766340372917e+02
2.799114445485733427e+02
2.798657995468980744e+02
2.798379488374063726e+02
