9.065875280176452833e+00
9.068349880557343923e+00
9.075294443732932592e+00
9.078095829573848974e+00
9.076397939834436102e+00
9.069289356671266233e+00
9.068160571395610603e+00
9.073129456435609086e+00
9.082490272577302903e+00
9.087564903590871879e+00
9.100081362844946398e+00
9.107792853257450361e+00
9.116859737856012558e+00
9.140942062730179174e+00
9.145304514277047048e+00
9.145385514359887225e+00
9.146351420535378196e+00
9.147365972142210921e+00
9.149565653514443397e+00
9.165398119458297188e+00
9.178607161708328022e+00
9.187901644259218514e+00
9.225222277679367977e+00
9.231684369250023892e+00
9.242999550027748867e+00
9.248468498986309072e+00
9.247213356483799274e+00
9.245982809455673745e+00
9.246599966620252076e+00
9.261858473510262257e+00
9.263950304242666078e+00
9.268946031381409156e+00
9.275660682776692312e+00
9.285221846642128796e+00
9.296376154378378942e+00
9.317121197174451197e+00
9.322164406248486301e+00
9.325363658418046597e+00
9.325460528906052815e+00
9.325774425873767370e+00
9.329544820937169192e+00
9.330043657148163305e+00
9.327718391811291809e+00
9.325639981386627753e+00
9.325268348622106629e+00
9.334108059990898099e+00
9.345361777813520732e+00
9.355393524118774451e+00
