1.305762746226348099e+03
1.305987847657240991e+03
1.306910262261924800e+03
1.308587821985948494e+03
1.309501076372465377e+03
1.312017970935193262e+03
1.312717617013086738e+03
1.315660526833720724e+03
1.317228387401981081e+03
1.317894553688185624e+03
1.319356190654855027e+03
1.320216314858457508e+03
1.321256544622193360e+03
1.325194637038535802e+03
1.327481749319680375e+03
1.327604128641680290e+03
1.331018042452812551e+03
1.331815814030999945e+03
1.332765981508481900e+03
1.335749249118638772e+03
1.337277824236870856e+03
1.338217597004665322e+03
1.341957060961110301e+03
1.342759446451978420e+03
1.344688631750323339e+03
1.347494075745387136e+03
1.349475196661718883e+03
1.351350103114850754e+03
1.352413396854489292e+03
1.356021194516209107e+03
1.356300581010561700e+03
1.356915923350107960e+03
1.357667494374304397e+03
1.358659197933262249e+03
1.359783667729388299e+03
1.362149214836671490e+03
1.362927340608821396e+03
1.363555382383743790e+03
1.363577317656035575e+03
1.363650050402668285e+03
1.364992718423729229e+03
1.365863199531344208e+03
1.367649169382190166e+03
1.368848606316490304e+03
1.369624291069208994e+03
1.371642233132681667e+03
1.372517024101406832e+03
1.373052453737510632e+03
