3.644674715354443872e+00
3.651471168864730554e+00
3.713084544235615070e+00
3.746915744601500009e+00
3.748727314729312976e+00
3.759999343322381282e+00
3.792739336745618139e+00
3.829158417158955885e+00
3.836991349875221946e+00
3.883990768908312408e+00
3.891884726652400150e+00
3.905908674021973503e+00
3.921578919085479065e+00
3.970716921956175760e+00
3.997567874914024877e+00
4.008444160677751888e+00
4.045138972182995118e+00
4.067903583056716066e+00
4.083057038067506639e+00
4.101661390286676756e+00
4.120818716136923854e+00
4.136181300594535593e+00
4.158598992578746767e+00
4.162388201515448749e+00
4.173517245279660060e+00
4.192542091708668650e+00
4.208194938769980631e+00
4.219763102306107960e+00
4.222929959796996258e+00
4.262240441172751915e+00
4.267336695447434991e+00
4.314722404698077440e+00
4.364011635018637314e+00
4.518634784714675945e+00
4.583117991385603496e+00
4.583761462898682026e+00
4.587063749854046968e+00
4.588871485068839462e+00
4.589284032748467190e+00
4.616821739378764278e+00
4.637753202173554357e+00
4.638505455365875996e+00
4.646534866680682718e+00
