4.162750337415673130e+01
4.163121524072054314e+01
4.164111900429939084e+01
4.164108495263813836e+01
4.163318213044828298e+01
4.158880423968577844e+01
4.157146195820726575e+01
4.148024764689210997e+01
4.142244557736589883e+01
4.139627603950044943e+01
4.133490120968418324e+01
4.129530147307493593e+01
4.124214983936143852e+01
4.093416325854905580e+01
4.061615417771712089e+01
4.059522409897851958e+01
3.983724599958470947e+01
3.961407515502575905e+01
3.932921723414693815e+01
3.833513674905152158e+01
3.778565177157918242e+01
3.743583077707851459e+01
3.588243189320498061e+01
3.549257098776840280e+01
3.442945051660638001e+01
3.251244848031118551e+01
3.090866695380488594e+01
2.926693832955084673e+01
2.831395637275292287e+01
2.517056500325812252e+01
2.493931334989001414e+01
2.443701790546334962e+01
2.383579075966724403e+01
2.305951302154739935e+01
2.219393896316398340e+01
2.036368361863588916e+01
1.974196658370467361e+01
1.922869301391268948e+01
1.921056253672199432e+01
1.915034383769698323e+01
1.800948462435585284e+01
1.724002745042119145e+01
1.559851217691994485e+01
1.446547932558099880e+01
1.372883531864770923e+01
1.183547228825375797e+01
1.103735839250328610e+01
1.055763747006162667e+01
