1.524367018595951029e+00
1.527894487572659221e+00
1.541252770680033857e+00
1.561796480495442063e+00
1.571452046691685034e+00
1.594942875033179330e+00
1.601105263405598667e+00
1.627602317087716743e+00
1.642830278527507737e+00
1.649599581500579282e+00
1.665047527266232841e+00
1.674471440856541538e+00
1.686121584410684271e+00
1.731188052451098303e+00
1.756923082949633175e+00
1.758279260047774573e+00
1.795309229602302326e+00
1.803798194230416430e+00
1.813871237604473663e+00
1.845448070620426373e+00
1.861637681203735850e+00
1.871564427825234578e+00
1.910195953197709295e+00
1.918168379943109514e+00
1.936711343505004290e+00
1.962127576592680445e+00
1.979307124380876859e+00
1.995423763817611773e+00
2.004653369134529850e+00
2.037120105104452517e+00
2.039713522233679743e+00
2.045456096608254004e+00
2.052513414945117187e+00
2.061858579784465739e+00
2.072421974885303886e+00
2.094079568257543933e+00
2.100923212692573649e+00
2.106320125563521106e+00
2.106506493334357355e+00
2.107123411307427752e+00
2.118226859515301985e+00
2.125153762533341872e+00
2.138892433562019413e+00
2.148022689413716435e+00
2.154038307394900098e+00
2.170883063794825318e+00
2.179101672388068511e+00
2.184522128428905141e+00
