1.938515720640025393e+02
1.937463874111750499e+02
1.932947581067631972e+02
1.924258910945833918e+02
1.919470124440943266e+02
1.906696817234717685e+02
1.903321076405253791e+02
1.890016563130316740e+02
1.883438626451618063e+02
1.880731696117020419e+02
1.874955873883847062e+02
1.871655996451946180e+02
1.867760232192696606e+02
1.853945961390762420e+02
1.846562774376969571e+02
1.846179470985179023e+02
1.835911985252955674e+02
1.833627160000912113e+02
1.830965059990904535e+02
1.823074462919562109e+02
1.819335811533466938e+02
1.817142391608938681e+02
1.809105248447936845e+02
1.807494482741485342e+02
1.803738529069256344e+02
1.798541099302265138e+02
1.795092007481509029e+02
1.792041767379784005e+02
1.790413170455610725e+02
1.785392562709340609e+02
1.785030978070680305e+02
1.784245426915320252e+02
1.783304351465775994e+02
1.782089910409183062e+02
1.780746472612360947e+02
1.778031776761857259e+02
1.777173746360943767e+02
1.776494736202986928e+02
1.776471242879651413e+02
1.776393452110946498e+02
1.774987075909347141e+02
1.774104400702517523e+02
1.772354910805720749e+02
1.771215298650353134e+02
1.770489086341578684e+02
1.768638069832017550e+02
1.767863340692108238e+02
1.767404190270870572e+02
