4.119495725955493981e+01
4.138430626605986618e+01
4.156280613211856689e+01
4.172558559921890264e+01
4.186886713410785887e+01
4.198997970060008811e+01
4.208723109910715721e+01
4.215977979043600499e+01
4.220750081999722170e+01
4.223086433800926898e+01
4.223081950606501778e+01
4.220868793812041986e+01
4.216607339889014838e+01
4.210478386370596127e+01
4.202676617404722492e+01
4.193406115652760491e+01
4.182877548364194809e+01
4.171307436962524662e+01
4.158919673886703094e+01
4.145950452045508428e+01
4.132647503285261337e+01
