8.262098578008590266e+02
8.263521598062450266e+02
8.269352683526716419e+02
8.279957225268678940e+02
8.285730264713185989e+02
8.301640613024776485e+02
8.306063379583873711e+02
8.324666779355121662e+02
8.334577901234097226e+02
8.338789028658814004e+02
8.348028680871119604e+02
8.353465908852364237e+02
8.360041664667637633e+02
8.384936083308037951e+02
8.399393940488280350e+02
8.400167555659359095e+02
8.421748478608413961e+02
8.426791561574226535e+02
8.432798006996997628e+02
8.451656601990827085e+02
8.461319430323871984e+02
8.467260174137944659e+02
8.490899105151235062e+02
8.495971363518189037e+02
8.508166651671059526e+02
8.525901214205271117e+02
8.538424886492020960e+02
8.550277151069140018e+02
8.556998788610128486e+02
8.579805612331585962e+02
8.581571775816447598e+02
8.585461722098099244e+02
8.590212876959460573e+02
8.596482110600248916e+02
8.603590719946668059e+02
8.618545279352226771e+02
8.623464471522783015e+02
8.627434856435614847e+02
8.627573527908278948e+02
8.628033333356264620e+02
8.636521494428736787e+02
8.642024607458391756e+02
8.653315802275911892e+02
8.660899545147723302e+02
8.665804522526924529e+02
8.678567718457023830e+02
8.684102387483732173e+02
8.687490602855165207e+02
