1.400464923931562744e+01
1.400741937062379350e+01
1.401375217646864790e+01
1.400979252015878807e+01
1.400252786574399622e+01
1.397842847891999440e+01
1.397298189960439352e+01
1.396497406243621953e+01
1.397106199764136036e+01
1.397534560909962842e+01
1.398688102095642805e+01
1.399420026420833629e+01
1.400264049840620117e+01
1.401847793980617318e+01
1.401242261561527869e+01
1.401185246569684928e+01
1.399346824780888987e+01
1.399025825441976423e+01
1.398790655216959067e+01
1.399396462150985521e+01
1.400480167896505890e+01
1.401325259273930790e+01
1.404737788075508753e+01
1.405232824106884237e+01
1.405774711727273285e+01
1.404873610960357055e+01
1.403448936934616320e+01
1.402092720366957579e+01
1.401525530988731205e+01
1.401628637482458295e+01
1.401777066024435747e+01
1.402164075840494739e+01
1.402731740591081433e+01
1.403589917270844900e+01
1.404613043375315229e+01
1.406353338114817397e+01
1.406653468341570346e+01
1.406762096230469261e+01
1.406763608276128608e+01
1.406767500302226104e+01
1.406528334745669184e+01
1.406073981752142998e+01
1.404624770405099454e+01
1.403569083124604688e+01
1.403034046520979317e+01
1.403140820725461246e+01
1.404323067500789080e+01
1.405528171676851201e+01
