9.649299756852906285e+01
9.649267085169176994e+01
9.648822994595734315e+01
9.647000034705135363e+01
9.645598080514989192e+01
9.640736149151049972e+01
9.639190742935758749e+01
9.632026617710423011e+01
9.627820468019734790e+01
9.625944781603665490e+01
9.621597325395583766e+01
9.618849014359611260e+01
9.615274158655043379e+01
9.597740809041349053e+01
9.583219641141943157e+01
9.582332650218614845e+01
9.553017175257311067e+01
9.544996364769522756e+01
9.534968398466669726e+01
9.500950077496567303e+01
9.482463343531000532e+01
9.470801532072964335e+01
9.421409118244584135e+01
9.409932451366529449e+01
9.380631697359208943e+01
9.333439094025062843e+01
9.297320607277529803e+01
9.261873064970488656e+01
9.241544173019063635e+01
9.172881953944668965e+01
9.167605260732948125e+01
9.155990283185154510e+01
9.141793935896170353e+01
9.122978676504098416e+01
9.101402264698432987e+01
9.054460771615025294e+01
9.038388709371217544e+01
9.025151153952765526e+01
9.024684403526792664e+01
9.023134609080291568e+01
8.993930599519460145e+01
8.974408248066940530e+01
8.933076740414009009e+01
8.904566839109072873e+01
8.885916842198950860e+01
8.837070454377263218e+01
8.815915926343046749e+01
8.803011370186560214e+01
