1.931712746767120237e+01
1.931339127581707871e+01
1.929077098454874672e+01
1.922696548771644132e+01
1.918465097538890518e+01
1.906133921726435787e+01
1.902866205281089407e+01
1.891187666066597117e+01
1.886415819754267886e+01
1.884626032132588236e+01
1.880994001211942290e+01
1.878924505459773542e+01
1.876352097463378854e+01
1.864119132458511530e+01
1.854592502570164925e+01
1.854040493143336121e+01
1.837931159995216746e+01
1.834213511052821843e+01
1.829939721096923932e+01
1.818058061042365381e+01
1.812873205508646635e+01
1.809884904366166225e+01
1.797757745122665796e+01
1.794771373302907236e+01
1.786620483154785077e+01
1.772249469022737856e+01
1.760882705036090812e+01
1.750018835277341722e+01
1.744097041554150707e+01
1.726603764801182805e+01
1.725430488278961505e+01
1.722922958051093900e+01
1.719979255164862053e+01
1.716224330521971808e+01
1.712004151305522015e+01
1.702428443642971700e+01
1.698857190159831987e+01
1.695771029281599596e+01
1.695659759486916585e+01
1.695289099097152175e+01
1.687968860074177968e+01
1.682755903354844662e+01
1.671191871514618299e+01
1.663178155732422425e+01
1.658135126229720413e+01
1.646818568125559068e+01
1.643348689078193203e+01
1.641846172443180052e+01
