9.664516397538555736e+00
9.666814822268399610e+00
9.672779252114969140e+00
9.672972985364326703e+00
9.669559296200725740e+00
9.657316445768968194e+00
9.654763005250549313e+00
9.654177158970300709e+00
9.660897667369990671e+00
9.664895874729221958e+00
9.675079149442373350e+00
9.681395594214727396e+00
9.688707452530421094e+00
9.704840206415076054e+00
9.703386302492166493e+00
9.703132825738991940e+00
9.694123557142006575e+00
9.692705927721757320e+00
9.692002797307564421e+00
9.698856615336620024e+00
9.707576498976813184e+00
9.714127572594986049e+00
9.740205315909170380e+00
9.744095673148086334e+00
9.748881362281069940e+00
9.743965448497165838e+00
9.734915341640135722e+00
9.726203687100518636e+00
9.722620563840033370e+00
9.724276709295752497e+00
9.725363105246845663e+00
9.728165105257607692e+00
9.732232604597470527e+00
9.738335640986713670e+00
9.745577558459563861e+00
9.757888113043353684e+00
9.760035185120834456e+00
9.760838192757963938e+00
9.760850368024749812e+00
9.760882940006553099e+00
9.759322442103037787e+00
9.756230816151020946e+00
9.746290590391902597e+00
9.739029759945173836e+00
9.735349001042758132e+00
9.736111762474191522e+00
9.744284924183425289e+00
9.752612617463498168e+00
