1.398247965948939964e+02
1.398603761398790937e+02
1.399972548594262776e+02
1.402144692723865660e+02
1.403185179213821527e+02
1.405659569750201001e+02
1.406264521255926638e+02
1.408506333766727892e+02
1.409533771652437508e+02
1.409940857029962444e+02
1.410781041661818449e+02
1.411246427553829221e+02
1.411786738294419763e+02
1.413728028940748800e+02
1.414879452287829622e+02
1.414942911718064238e+02
1.416804166031204772e+02
1.417262701271130254e+02
1.417817870083981973e+02
1.419603068087343729e+02
1.420531826576472838e+02
1.421106416287313721e+02
1.423440867000612968e+02
1.423957861132634548e+02
1.425233081941241551e+02
1.427170616668747698e+02
1.428584583287003511e+02
1.429938548409859891e+02
1.430706910173572908e+02
1.433290250390653853e+02
1.433488572010734003e+02
1.433924812470150414e+02
1.434457023930629020e+02
1.435159472421889291e+02
1.435958456663191498e+02
1.437659621993084045e+02
1.438227890000559057e+02
1.438690226991832333e+02
1.438706435677648585e+02
1.438760209861962380e+02
1.439761039704093548e+02
1.440417871690869447e+02
1.441782306033846055e+02
1.442708114391039373e+02
1.443309291479094156e+02
1.444875779983716768e+02
1.445553585142094448e+02
1.445967513373092004e+02
