1.980361518682662592e+01
1.980776502259395500e+01
1.981771583780910362e+01
1.981409521217394598e+01
1.980498512033218717e+01
1.977438831217626358e+01
1.976771830984205991e+01
1.976097921774172406e+01
1.977215906920621080e+01
1.977932977379208879e+01
1.979812095021400609e+01
1.980995021756301711e+01
1.982369202871873881e+01
1.985308332888795135e+01
1.984870009747755759e+01
1.984812015824623543e+01
1.982855408610618042e+01
1.982555087277007644e+01
1.982407049446634417e+01
1.983852624541473020e+01
1.985690963637523865e+01
1.987074839657526226e+01
1.992652678263600308e+01
1.993513542891633961e+01
1.994665073106011377e+01
1.993947912049889837e+01
1.992325913906272206e+01
1.990780631056331984e+01
1.990190700881560204e+01
1.991062265920696817e+01
1.991328719907174261e+01
1.992000698011975857e+01
1.992955943129301488e+01
1.994370910011457809e+01
1.996046076882530329e+01
1.998985908494519137e+01
1.999567042914272363e+01
1.999846779679888087e+01
1.999853316855344687e+01
1.999873403700823360e+01
1.999803586695306379e+01
1.999334305853639648e+01
1.997639018904046182e+01
1.996383677113212585e+01
1.995781008154840208e+01
1.996335990336038435e+01
1.998185704459148937e+01
1.999999928730567689e+01
