1.964349651566589472e+00
1.969151814232445341e+00
2.012122440792231792e+00
2.035134394382489553e+00
2.036352007083856996e+00
2.043892407845970816e+00
2.065438961240278815e+00
2.088885501631706720e+00
2.093888678287393112e+00
2.124072505836124947e+00
2.129223889948929749e+00
2.138469051813546962e+00
2.148962105791902832e+00
2.183181237388034823e+00
2.202823656566189392e+00
2.210986914752041788e+00
2.239493542534967574e+00
2.258021614632436780e+00
2.270775644842847107e+00
2.286969935276265797e+00
2.304361190290028727e+00
2.318878000866735345e+00
2.340652268288940352e+00
2.344301332314255859e+00
2.354704308495572995e+00
2.370822407300284151e+00
2.382485568549034927e+00
2.390397175381085759e+00
2.392479172009027266e+00
2.416144780455519836e+00
2.418976880285996778e+00
2.443260822624581774e+00
2.464651935317009546e+00
2.481220920551853393e+00
2.323841930500579078e+00
2.319875573067541552e+00
2.300401859592683618e+00
2.290522874319201208e+00
2.288352655529768853e+00
2.194264472929244203e+00
2.155392679766048758e+00
2.154247491842001150e+00
2.142820671936941146e+00
