1.197908727000242735e+01
1.198313578333428531e+01
1.199542716598702086e+01
1.200452969590156727e+01
1.200511470336181752e+01
1.200326820354120905e+01
1.200383936808441909e+01
1.201907676572959183e+01
1.203611569634354161e+01
1.204482029892416861e+01
1.206577250765257681e+01
1.207857098418126718e+01
1.209370899636364527e+01
1.213729197259341852e+01
1.214954522593583697e+01
1.214998922856226748e+01
1.216018691859658318e+01
1.216347740312532189e+01
1.216864379280047004e+01
1.219628586131772074e+01
1.221702382096041184e+01
1.223129207287805009e+01
1.228842993456192012e+01
1.229865134146126415e+01
1.231767101652924623e+01
1.233086065893137828e+01
1.233341860858994821e+01
1.233576210343169066e+01
1.233881439516889778e+01
1.236649173821498948e+01
1.236983485315489872e+01
1.237771122639170862e+01
1.238814209640041319e+01
1.240283629038280111e+01
1.241992132843312646e+01
1.245231894297164565e+01
1.246063928575060231e+01
1.246620878603776639e+01
1.246638373554443646e+01
1.246695421020311301e+01
1.247481695702536619e+01
1.247734533067318985e+01
1.247808369549152729e+01
1.247785146030808789e+01
1.247895359494508583e+01
1.249459881579470810e+01
1.251108085015739668e+01
1.252528356157788281e+01
