1.336621339046068897e+02
1.335928334258790926e+02
1.332777549711329357e+02
1.326212859453842441e+02
1.322422922688683684e+02
1.311951884577131011e+02
1.309115009371140559e+02
1.297672460709634947e+02
1.291848488388220346e+02
1.289414486315014869e+02
1.284132195662374727e+02
1.281046633779349690e+02
1.277319442127827216e+02
1.262832921156078498e+02
1.253704914192832831e+02
1.253194736334375676e+02
1.238031261997666093e+02
1.234264273715970717e+02
1.229705936904118460e+02
1.215205683607613594e+02
1.207831624701952364e+02
1.203337552177482479e+02
1.185433595535209292e+02
1.181487516276904017e+02
1.171693048799159698e+02
1.156620365847806227e+02
1.145588203476605571e+02
1.135142648656143223e+02
1.129308124924571217e+02
1.110303405249882616e+02
1.108880361793140565e+02
1.105763852668699201e+02
1.101983032089163856e+02
1.097018076001393041e+02
1.091388214278538271e+02
1.079383591549641608e+02
1.075352280349938781e+02
1.072061538738161772e+02
1.071945983096739070e+02
1.071562520408379697e+02
1.064398621031007792e+02
1.059668508314166786e+02
1.049771806103258882e+02
1.043009152981628063e+02
1.038604093218403221e+02
1.027135800635220164e+02
1.022221210002227991e+02
1.019251827287477425e+02
