1.947859686178359340e+01
1.948391609195674690e+01
1.949874172797257899e+01
1.950422459689486487e+01
1.950013434641195431e+01
1.948332349151834109e+01
1.948043005200234390e+01
1.948916509584628542e+01
1.950832766332889534e+01
1.951884874576888151e+01
1.954493698529218193e+01
1.956104378942210431e+01
1.957996160391897789e+01
1.962918751052951194e+01
1.963651212331020446e+01
1.963655983470471256e+01
1.963435232783802320e+01
1.963532143378369810e+01
1.963851019125372588e+01
1.966714084210430968e+01
1.969252760166671123e+01
1.971061166232494344e+01
1.978319071335841173e+01
1.979545111954756464e+01
1.981589240618881576e+01
1.982207951733992957e+01
1.981545571729465394e+01
1.980906048815654685e+01
1.980823731510438890e+01
1.983362956848340630e+01
1.983754861177482098e+01
1.984701576000459156e+01
1.985989903249152633e+01
1.987841490886623319e+01
1.990010267352341344e+01
1.993997800605380988e+01
1.994929927141761539e+01
1.995496067706672605e+01
1.995512660795690252e+01
1.995566116812544522e+01
1.996119409998949479e+01
1.996060783392652738e+01
1.995218426009377666e+01
1.994535659880221345e+01
1.994298464896764855e+01
1.995762336172778717e+01
1.997975697635800429e+01
1.999999930050517349e+01
