1.052798144931859703e+01
1.053180339708391600e+01
1.054367484967581348e+01
1.055357327840301984e+01
1.055509970770427408e+01
1.055620944612478951e+01
1.055746062530096552e+01
1.057398596512487643e+01
1.059063464221353712e+01
1.059899961569984050e+01
1.061899256226920585e+01
1.063117738057342088e+01
1.064562249206729305e+01
1.068831619234392782e+01
1.070166583538465943e+01
1.070219427470480333e+01
1.071499828654992292e+01
1.071878064098859262e+01
1.072437681582633573e+01
1.075194792969112356e+01
1.077183362589798499e+01
1.078538909234101695e+01
1.083962951397859698e+01
1.084947583420754924e+01
1.086826968381122072e+01
1.088289107294140479e+01
1.088727886045389326e+01
1.089135777335513566e+01
1.089518129764580223e+01
1.092335034139467353e+01
1.092658471857701841e+01
1.093415898952277487e+01
1.094412217120962794e+01
1.095808659254119277e+01
1.097429463631818614e+01
1.100529275539718554e+01
1.101344326727664047e+01
1.101901797283849049e+01
1.101919553474091451e+01
1.101977586658628638e+01
1.102815234351553109e+01
1.103133405490190277e+01
1.103397440300558863e+01
1.103512354521458505e+01
1.103697307325021093e+01
1.105302980283890513e+01
1.106851899637409709e+01
1.108161582905266762e+01
