7.426959543986013159e+02
7.428169235935101824e+02
7.433142272184062449e+02
7.442222900275652364e+02
7.447172260491656743e+02
7.460801060440229548e+02
7.464584951820214656e+02
7.480485071587308994e+02
7.488949263998541710e+02
7.492544492311805016e+02
7.500430583863146694e+02
7.505070163811151360e+02
7.510680933557169965e+02
7.531947909666166652e+02
7.544347661638809086e+02
7.545012511261800228e+02
7.563607891588255825e+02
7.567962751420760696e+02
7.573151234810050028e+02
7.589438752396441714e+02
7.597778105297895763e+02
7.602903707956212429e+02
7.623304732438078872e+02
7.627685539533125620e+02
7.638222743642409114e+02
7.653547410711590828e+02
7.664361788326602891e+02
7.674587740500924156e+02
7.680383425779199342e+02
7.700030276684120736e+02
7.701550470219302724e+02
7.704897931487130336e+02
7.708985044182543334e+02
7.714375495049998790e+02
7.720484132876817966e+02
7.733324971759768687e+02
7.737547069004417608e+02
7.740954622299937000e+02
7.741073635686999523e+02
7.741468259311038764e+02
7.748753507961289415e+02
7.753477351492786056e+02
7.763170655292116180e+02
7.769680183057965905e+02
7.773888974497070876e+02
7.784833567926081059e+02
7.789578093085988257e+02
7.792483627301567140e+02
