5.453785224417801558e+00
5.456990849340484395e+00
5.468027800225220503e+00
5.481544628167472233e+00
5.486674555744367687e+00
5.498618273891922037e+00
5.502324644887526262e+00
5.523608525419689386e+00
5.539081584284873294e+00
5.546366380529669016e+00
5.563311583255154069e+00
5.573580255787129900e+00
5.585929709500250695e+00
5.627162464620248272e+00
5.645463533506665854e+00
5.646347331164704997e+00
5.669850177274307512e+00
5.675681353540543483e+00
5.683145471049505737e+00
5.711423471385078443e+00
5.728719672277079233e+00
5.739998177015800174e+00
5.784862423419561139e+00
5.793550339358249701e+00
5.811919741929245653e+00
5.832057333436599045e+00
5.843158968695669309e+00
5.853543936248010837e+00
5.860166621998214254e+00
5.890226556099148247e+00
5.893084664075471046e+00
5.899608181734758539e+00
5.907938519413831635e+00
5.919350926661132384e+00
5.932493657786630514e+00
5.958637361525386922e+00
5.966224204607639692e+00
5.971848697338484335e+00
5.972036613519075665e+00
5.972655512031522562e+00
5.982918308697349197e+00
5.988454680619464732e+00
5.997898797925264702e+00
6.003965775822714512e+00
6.008466849675783372e+00
6.025935475710520350e+00
6.037857491814519584e+00
6.046995778480659389e+00
