3.232452045218087733e+01
3.245259618210906893e+01
3.368773496887073549e+01
3.443990481863067998e+01
3.448193400904778372e+01
3.474758941720158845e+01
3.555842475499289179e+01
3.651396516983092511e+01
3.672330946513069705e+01
3.796944631913027735e+01
3.817363089966630696e+01
3.853124954353383913e+01
3.892296239354701726e+01
4.010720459845249763e+01
4.074074723712485024e+01
4.099844427698186422e+01
4.189125758418593648e+01
4.248196680536244685e+01
4.290259629143976383e+01
4.346396036699763954e+01
4.411769042606489677e+01
4.472106756232128788e+01
4.575734287752470664e+01
4.594723268465109811e+01
4.650778155424634264e+01
4.739180760002464154e+01
4.800229555156193584e+01
4.839197495940543092e+01
4.849107932454745651e+01
4.953127233285889019e+01
4.964742120619254706e+01
5.061188716591030357e+01
5.149230529927123001e+01
5.444113755801580368e+01
5.750733593996842075e+01
5.755807586953601174e+01
5.780265794407505808e+01
5.792435421439203225e+01
5.795091332075526935e+01
5.908066150871383115e+01
5.956347758068143605e+01
5.957814438264944101e+01
5.972639790879463106e+01
