1.405198912228081909e+01
1.405476643400911385e+01
1.406114523995648469e+01
1.405734779592134842e+01
1.405021972710924238e+01
1.402669007888791164e+01
1.402145298780414073e+01
1.401455049384350104e+01
1.402135240619428735e+01
1.402595976168979952e+01
1.403823866207957494e+01
1.404601215438129991e+01
1.405501393359794271e+01
1.407305571370672936e+01
1.406833715396592233e+01
1.406784024463790317e+01
1.405160281877603801e+01
1.404892948869859914e+01
1.404723661997565287e+01
1.405549820447920339e+01
1.406752980880629522e+01
1.407672926127521862e+01
1.411385411556633684e+01
1.411943835110944612e+01
1.412635204951678780e+01
1.411944360802879928e+01
1.410665616460807925e+01
1.409448679450374620e+01
1.408961975324883120e+01
1.409350076770654780e+01
1.409521335691103694e+01
1.409958932350243721e+01
1.410588847297109538e+01
1.411529656589373261e+01
1.412646611315989986e+01
1.414581720290080646e+01
1.414944430439514100e+01
1.415102864757525580e+01
1.415106104540272192e+01
1.415115719611650036e+01
1.414980630592589073e+01
1.414592286339493477e+01
1.413276235920747936e+01
1.412310006018203978e+01
1.411833841276751045e+01
1.412102700776335773e+01
1.413361725764336541e+01
1.414616539710119980e+01
