1.077909531881443961e+01
1.078795572386817447e+01
1.085113020602299905e+01
1.087151751628945107e+01
1.087231490426620439e+01
1.087662885751853459e+01
1.088351325647519907e+01
1.088517431153738535e+01
1.088543820052359479e+01
1.089319227606079643e+01
1.089610107630502789e+01
1.090264575597407060e+01
1.091206654205269366e+01
1.095479886074664577e+01
1.098491502599984670e+01
1.099808507394595125e+01
1.104502013895022294e+01
1.107464760410930005e+01
1.109374978754287611e+01
1.111549334947822842e+01
1.113421722157887928e+01
1.114469551874507047e+01
1.114911991166910710e+01
1.114854124278765468e+01
1.114556538106435468e+01
1.114128504252582630e+01
1.114259124553187341e+01
1.114667879718955490e+01
1.114820944781640755e+01
1.117822058032849597e+01
1.118324312602095105e+01
1.123736237620838097e+01
1.130189616466836000e+01
1.149349349841882706e+01
1.145820170738891974e+01
1.145681831038700871e+01
1.145088227268990799e+01
1.144849362744403720e+01
1.144803186049346344e+01
1.145920062995215538e+01
1.149117523381856465e+01
1.149248542263374162e+01
1.150696112338162358e+01
