1.964861022357936804e+01
1.965323801394729841e+01
1.966520520389373416e+01
1.966543151642985521e+01
1.965847613720877618e+01
1.963387289250223589e+01
1.962885694818696081e+01
1.962891498745217689e+01
1.964360356289623866e+01
1.965224677400815878e+01
1.967424654104411275e+01
1.968795932690916217e+01
1.970398532956160409e+01
1.974222964136786729e+01
1.974318552649208414e+01
1.974289472551035729e+01
1.973145345598315714e+01
1.973034538834522067e+01
1.973110969980712071e+01
1.975248613827592337e+01
1.977433842122176699e+01
1.979029131763871874e+01
1.985447338308339127e+01
1.986490900206700516e+01
1.988088324190124823e+01
1.988036862065787602e+01
1.986892813320334739e+01
1.985799465283022514e+01
1.985463450887441539e+01
1.987173494870332391e+01
1.987503281951404688e+01
1.988314055706000616e+01
1.989437711710993639e+01
1.991073567345544504e+01
1.992998435054707329e+01
1.996467205729514305e+01
1.997225021559414415e+01
1.997648711911203634e+01
1.997660300008865875e+01
1.997697146027832815e+01
1.997939863144189587e+01
1.997676227753165890e+01
1.996407922686630698e+01
1.995439832008442593e+01
1.995021174992894686e+01
1.996038209813427144e+01
1.998075856625534286e+01
1.999999929266703802e+01
