2.122822220988548025e+01
2.122915074295335813e+01
2.122520225218744372e+01
2.119405414355279405e+01
2.116914046271046246e+01
2.109381814298129143e+01
2.107470469171932592e+01
2.101677231192745765e+01
2.100155670262837759e+01
2.099764696734843028e+01
2.099223913436160416e+01
2.098979457543033433e+01
2.098611721220594362e+01
2.094622414652564757e+01
2.089833451952738130e+01
2.089535914036493836e+01
2.080687367217393557e+01
2.078736552311085006e+01
2.076613735866068922e+01
2.071842790397149159e+01
2.070497868825608379e+01
2.069921641380689437e+01
2.067577118158073546e+01
2.066691372925115289e+01
2.063548339783223184e+01
2.056340146021618764e+01
2.049998607065201028e+01
2.043941871719227521e+01
2.040794965383563664e+01
2.033101836960428699e+01
2.032713779908099028e+01
2.031947812899923278e+01
2.031151939043732924e+01
2.030260250287260604e+01
2.029315729426024362e+01
2.026670875674865968e+01
2.025377242054692317e+01
2.024126125616210103e+01
2.024078892973907173e+01
2.023920541157067987e+01
2.020514593955239491e+01
2.017839984678184351e+01
2.011530567123686097e+01
2.007133747585143624e+01
2.004496695088625557e+01
1.999831953332934020e+01
1.999491877952491592e+01
1.999999924331095258e+01
