9.283545828506603925e+00
9.284498180702003722e+00
9.285205857311060740e+00
9.276764806689438814e+00
9.269062590149259151e+00
9.246106924809586403e+00
9.240800792015228637e+00
9.229471195915143866e+00
9.231013207288171429e+00
9.232942077486500310e+00
9.238903846506419271e+00
9.242967942488009570e+00
9.247816117025882576e+00
9.257624860337319461e+00
9.254842534702275358e+00
9.254565205524523108e+00
9.246587395011657051e+00
9.245819460030531900e+00
9.246053386489636594e+00
9.256796026288281354e+00
9.267972573041802775e+00
9.276177765674603393e+00
9.310001820359898872e+00
9.315822745558106632e+00
9.325672245840452845e+00
9.329153756306066470e+00
9.326650215930515131e+00
9.324449412874290744e+00
9.324639832876986389e+00
9.339240535060858051e+00
9.341331384593773990e+00
9.346346845405562931e+00
9.353122300663976318e+00
9.362813724306517926e+00
9.374162189382095889e+00
9.395348984942240023e+00
9.400514742367109378e+00
9.403796882339440444e+00
9.403896359723908915e+00
9.404218756490866582e+00
9.408105387240579986e+00
9.408640539000229452e+00
9.406332960243403818e+00
9.404281330650244186e+00
9.403968289448267015e+00
9.413296492783691960e+00
9.425002768631493666e+00
9.435411191495539640e+00
