1.408295212510722827e+01
1.408592437520046659e+01
1.409309946718717477e+01
1.409074714266190220e+01
1.408440857471278740e+01
1.406308289072352657e+01
1.405846826335870148e+01
1.405423661170465799e+01
1.406249327719373099e+01
1.406772418242053391e+01
1.408138023405071060e+01
1.408996878972612876e+01
1.409995990880719496e+01
1.412177935816188423e+01
1.411929095245776722e+01
1.411891458137364808e+01
1.410611032602216319e+01
1.410426254326917750e+01
1.410356575519654143e+01
1.411504278727845474e+01
1.412876556893340307e+01
1.413901489648556442e+01
1.418034488483464806e+01
1.418682902479849339e+01
1.419589387349181564e+01
1.419208163871739004e+01
1.418146999929355268e+01
1.417136749083114999e+01
1.416768101982942696e+01
1.417563257163605783e+01
1.417766449034770915e+01
1.418274540961464503e+01
1.418990808727740571e+01
1.420045830105265416e+01
1.421292368810460793e+01
1.423498772813329794e+01
1.423949951159611338e+01
1.424179430363762400e+01
1.424185145467484759e+01
1.424202965250534625e+01
1.424218543899067058e+01
1.423927152899096171e+01
1.422808984961401535e+01
1.421975829143848102e+01
1.421586353651715484e+01
1.422085897045318070e+01
1.423448627293005941e+01
1.424768452109223382e+01
