6.784030091868589807e+01
6.789626724565276561e+01
6.812558904139984861e+01
6.854262089199684738e+01
6.876964883533200634e+01
6.939533457924409277e+01
6.956926286761523670e+01
7.030084964770219358e+01
7.069060636028757472e+01
7.085620941641663251e+01
7.121955923789219867e+01
7.143337816587418843e+01
7.169196928925603629e+01
7.267093616613827578e+01
7.323948470871184213e+01
7.326990670050793142e+01
7.411856175335002206e+01
7.431687679692585391e+01
7.455307495183518540e+01
7.529467032600497589e+01
7.567464970250782130e+01
7.590826170478771928e+01
7.683782575399484926e+01
7.703728344405028849e+01
7.751684113048300162e+01
7.821421859363233864e+01
7.870668471312174574e+01
7.917274620984865408e+01
7.943705726477016071e+01
8.033387227501941652e+01
8.040332122442663376e+01
8.055628090319486034e+01
8.074310372556212201e+01
8.098961747855052806e+01
8.126913298056457791e+01
8.185714639481204813e+01
8.205056735508223653e+01
8.220668131442752724e+01
8.221213381944474463e+01
8.223021317551818754e+01
8.256396320771125374e+01
8.278034048633728048e+01
8.322428435456961893e+01
8.352244152142181122e+01
8.371527606572337277e+01
8.421709885479990021e+01
8.443481021516045359e+01
8.456815799771952413e+01
