1.512446744308435882e+03
1.512128783627605117e+03
1.510772548122662556e+03
1.508155170874213809e+03
1.506685225379267422e+03
1.502590610474687082e+03
1.501454213034764280e+03
1.496706676089843768e+03
1.494189816510121091e+03
1.493119861972450735e+03
1.490765664152726458e+03
1.489373102877087831e+03
1.487678269121043741e+03
1.481082926479862635e+03
1.477052800601480612e+03
1.476831999932690906e+03
1.470459086926753116e+03
1.468916762212411868e+03
1.467059980183574226e+03
1.461141955931173470e+03
1.458085695542889198e+03
1.456202810682160816e+03
1.448642350733067133e+03
1.446992312092279917e+03
1.442963144130057117e+03
1.436939685324801530e+03
1.432597803136440007e+03
1.428462742101289678e+03
1.426119377412221411e+03
1.418220146992547598e+03
1.417611366122091795e+03
1.416271016781236995e+03
1.414633776578364859e+03
1.412470484338716233e+03
1.410009035272945539e+03
1.404780462377157846e+03
1.403041467815176020e+03
1.401630255480196865e+03
1.401580841865128150e+03
1.401416936173838394e+03
1.398374550280243966e+03
1.396385612744217951e+03
1.392267561448100878e+03
1.389477370269481980e+03
1.387664359358914680e+03
1.382926218426815012e+03
1.380867703223358831e+03
1.379608180896860404e+03
