1.395247886807732840e+01
1.395057111788197446e+01
1.393745669846051882e+01
1.389717573340701406e+01
1.386974830794496505e+01
1.378927117628703947e+01
1.376804954121276126e+01
1.369371287453463282e+01
1.366459359803078755e+01
1.365394058451402515e+01
1.363269911377791210e+01
1.362068770252083283e+01
1.360565323766805079e+01
1.353057819860630140e+01
1.346929765954116931e+01
1.346570831042317629e+01
1.336021291948651779e+01
1.333583247662548033e+01
1.330787639710029779e+01
1.323101741546275889e+01
1.319808049328789323e+01
1.317925599185837271e+01
1.310263223897254825e+01
1.308342907437062941e+01
1.303028654824252186e+01
1.293494259470300456e+01
1.285891330645187125e+01
1.278627496234510019e+01
1.274684924519312190e+01
1.263212272053122298e+01
1.262456948610576291e+01
1.260849939109546369e+01
1.258975575628612376e+01
1.256600292106089967e+01
1.253940910695849098e+01
1.247869037396696790e+01
1.245575886445509539e+01
1.243581090475932527e+01
1.243508957047898633e+01
1.243268565591072772e+01
1.238492754059953072e+01
1.235066088309655541e+01
1.227424531281021736e+01
1.222125073547241669e+01
1.218802854769498190e+01
1.211474997104673079e+01
1.209339923265066652e+01
1.208482845511574055e+01
