2.806548465061750903e+02
2.806469788586150003e+02
2.806133031857432911e+02
2.805481271645236916e+02
2.805115777533976598e+02
2.804104785588804134e+02
2.803826664326005016e+02
2.802677899466484632e+02
2.802077217063194894e+02
2.801823444032177690e+02
2.801268090485526727e+02
2.800941371529434036e+02
2.800545334761918639e+02
2.799017348717995901e+02
2.798090674499593433e+02
2.798040008942946884e+02
2.796581811812306455e+02
2.796230258500985997e+02
2.795807912503129273e+02
2.794469966618891590e+02
2.793784883799540353e+02
2.793364978461492001e+02
2.791693744952347629e+02
2.791331506700367981e+02
2.790449557143222137e+02
2.789136968747455967e+02
2.788195921959688803e+02
2.787305053902527447e+02
2.786802954784707822e+02
2.785126462827028604e+02
2.784998252441342288e+02
2.784716427179503739e+02
2.784372981261292921e+02
2.783920431486095026e+02
2.783407061111597613e+02
2.782321321425685596e+02
2.781961515493844672e+02
2.781669987825671342e+02
2.781659787380777402e+02
2.781625955897658287e+02
2.780998973825269900e+02
2.780590098981705296e+02
2.779746033127457281e+02
2.779176031631271258e+02
2.778806490632828741e+02
2.777844184983784999e+02
2.777428000931190581e+02
2.777174081610845064e+02
