5.478530118516169445e+00
5.478649953340116063e+00
5.477127856232817393e+00
5.468163604382395349e+00
5.461251983002239463e+00
5.440715526557913684e+00
5.435568943619962567e+00
5.420352105418021260e+00
5.416791234166499436e+00
5.416058808080572717e+00
5.415536243946720063e+00
5.415593910052284521e+00
5.415652104351197593e+00
5.410854882377967634e+00
5.402825596021886945e+00
5.402311038675210675e+00
5.387364330960791037e+00
5.384393001198234607e+00
5.381477137278082523e+00
5.377951328673479914e+00
5.379422558267730636e+00
5.381123942273860372e+00
5.388889505978180061e+00
5.389796735502911496e+00
5.389668787768871816e+00
5.383364029126605388e+00
5.376090692931613901e+00
5.369316024752575522e+00
5.366310866178189087e+00
5.364272836121079635e+00
5.364680564720774036e+00
5.365823457641414329e+00
5.367610634765969557e+00
5.370432748246477317e+00
5.373885801014233188e+00
5.379766836452070322e+00
5.380709521813903606e+00
5.380974856050375621e+00
5.380975631954531657e+00
5.380974025951103634e+00
5.379783994423295468e+00
5.377895418195622668e+00
5.372108271321806683e+00
5.367958961036844556e+00
5.365866579717954110e+00
5.366277255819356107e+00
5.370869012245228724e+00
5.375546361729826472e+00
