3.719306069615049637e+01
3.729658976715494134e+01
3.772079167287635926e+01
3.849220547167649897e+01
3.891215239565570272e+01
4.006951499983731679e+01
4.039123715305402840e+01
4.174447154687859296e+01
4.246540750635839601e+01
4.277172350793879474e+01
4.344380930092129489e+01
4.383930721112459850e+01
4.431761803927112453e+01
4.612837741494037402e+01
4.717998993635645633e+01
4.723625958747089015e+01
4.880595538816304924e+01
4.917276213003436425e+01
4.960963703353951360e+01
5.098129350211420530e+01
5.168410018435877618e+01
5.211618564498255068e+01
5.383548415796187925e+01
5.420439420383689821e+01
5.509136517277803335e+01
5.638120158864344234e+01
5.729203953224476464e+01
5.815403754895568511e+01
5.864288929382937710e+01
6.030157217832226024e+01
6.043001956865947477e+01
6.071292178774249493e+01
6.105845433197708871e+01
6.151438588025229848e+01
6.203135386053377687e+01
6.311889008817865232e+01
6.347662316080729283e+01
6.376535652024038114e+01
6.377544094547926079e+01
6.380887877031742761e+01
6.442615004194908579e+01
6.482633979308543815e+01
6.564741487337980175e+01
6.619886445185791501e+01
6.655552743017423722e+01
6.748380210435591664e+01
6.788663636930502321e+01
6.813343150462671360e+01
