3.808638572692871094e+00
3.699867727850543631e+00
3.127359162317765673e+00
3.051201891418057865e+00
3.050504383700662014e+00
3.052462050973811625e+00
3.106910164408118735e+00
3.217813055809446876e+00
3.244849799047171857e+00
3.411169374554780198e+00
3.438675583719907447e+00
3.486856150061095505e+00
3.539622820376826073e+00
3.699172522480470349e+00
3.784570234612573358e+00
3.819310417306716943e+00
3.939676440743535402e+00
4.019325998127478705e+00
4.076055201887736956e+00
4.151782306077762108e+00
4.239981048327999602e+00
4.321375116056756838e+00
4.461104513924693649e+00
4.486702105946930530e+00
4.562263214134740785e+00
4.681449663638291625e+00
4.763790106977871197e+00
4.816375719825763291e+00
4.829755139957685905e+00
4.970522290858471415e+00
4.986309015636777531e+00
5.118568347573770438e+00
5.242442052741779435e+00
5.697689031888466538e+00
6.236945218879003328e+00
6.246400377570886064e+00
6.292186613288619057e+00
6.315082629556239446e+00
6.320088072292707082e+00
6.532948830764466308e+00
6.620257099914525156e+00
6.622826918536626195e+00
6.648444471626207886e+00
