1.884477193129691841e+01
1.884953646915848680e+01
1.886234047810935621e+01
1.886493217838855685e+01
1.885953542492965340e+01
1.883939096281047654e+01
1.883552630462154198e+01
1.883950806411017709e+01
1.885565685882029285e+01
1.886481646013180224e+01
1.888781338528438170e+01
1.890207410125528753e+01
1.891877798116884080e+01
1.896042285512395154e+01
1.896415421718698724e+01
1.896402434534462955e+01
1.895714201121323228e+01
1.895701691083366214e+01
1.895885809470782135e+01
1.898278434292997829e+01
1.900546992702481575e+01
1.902182477440782904e+01
1.908753575157661331e+01
1.909842904639408800e+01
1.911586814998310757e+01
1.911843252097454737e+01
1.910960026492638164e+01
1.910112211887959788e+01
1.909903011359947556e+01
1.911922419747927648e+01
1.912267836575744795e+01
1.913109471477370249e+01
1.914265177125277262e+01
1.915936784367544377e+01
1.917899026391896911e+01
1.921469503788928535e+01
1.922276335742451181e+01
1.922747251003547930e+01
1.922760619422113137e+01
1.922803432962450287e+01
1.923174151602891158e+01
1.923010647855531019e+01
1.921977186639173851e+01
1.921171111956105193e+01
1.920848445215784750e+01
1.922027442898269456e+01
1.924069057343095679e+01
1.925967537223199599e+01
