8.428621389536783681e+01
8.421327459084167799e+01
8.384941974283243837e+01
8.300559136608821120e+01
8.249345822607693890e+01
8.104380706333442674e+01
8.064848082131462093e+01
7.906340483521134388e+01
7.826711300104236102e+01
7.793685905289383697e+01
7.722565931481925361e+01
7.681394027484247999e+01
7.632054616795990398e+01
7.444816619427616899e+01
7.330643225696370280e+01
7.324346496592220035e+01
7.141393771767722853e+01
7.097312609882939682e+01
7.044812547140902836e+01
6.885092958988164469e+01
6.808963474162439411e+01
6.764486945378250482e+01
6.601874811332622528e+01
6.568880217363503959e+01
6.490681331783838459e+01
6.379717345983623744e+01
6.305762170114615373e+01
6.241822501950721147e+01
6.208782674552905689e+01
6.113928571932997613e+01
6.107539822044934397e+01
6.093856373245687763e+01
6.077804264431269843e+01
6.057609968618978513e+01
6.035933337572762269e+01
5.994443135352743468e+01
5.982106721010809736e+01
5.972666953837200055e+01
5.972345825563890287e+01
5.971285212670147047e+01
5.952867871610396122e+01
5.942090432740943129e+01
5.922554722980792263e+01
5.911021620953223277e+01
5.904092882724636837e+01
5.887919259422671558e+01
5.882070890823983689e+01
5.879062027436769711e+01
