1.619498476031346357e+01
1.620079432261981012e+01
1.621824990456613946e+01
1.623012326596044019e+01
1.622980513468013086e+01
1.622210718247823635e+01
1.622109246175435615e+01
1.623396895743151802e+01
1.625339299590705266e+01
1.626383342548388455e+01
1.628976545838549939e+01
1.630601354222402932e+01
1.632555448831939060e+01
1.638384095441654154e+01
1.640115063091683467e+01
1.640179305533542475e+01
1.641615980032000621e+01
1.642047428495415673e+01
1.642712902271118836e+01
1.646226984350210998e+01
1.648857469717971469e+01
1.650666358496561159e+01
1.657866905548828385e+01
1.659134121844611442e+01
1.661430448778991220e+01
1.662797863311919855e+01
1.662812131895942258e+01
1.662765009951368356e+01
1.662945414433855973e+01
1.665771127242280869e+01
1.666146300942757463e+01
1.667040783217265343e+01
1.668242155586543518e+01
1.669955825436275276e+01
1.671966586082319495e+01
1.675788350786914904e+01
1.676758765481723756e+01
1.677399407353048133e+01
1.677419341783027207e+01
1.677484239543785804e+01
1.678349233957687758e+01
1.678590076426680966e+01
1.678540507111384983e+01
1.678439130402605883e+01
1.678548107764128261e+01
1.680538568304926628e+01
1.682684460612840738e+01
1.684539865105367440e+01
