1.947771511752311113e+01
1.948303746863951957e+01
1.949787477303779326e+01
1.950337440475088613e+01
1.949929103291741228e+01
1.948249239264441002e+01
1.947960099852111071e+01
1.948834171797590287e+01
1.950750746179618389e+01
1.951803033752089078e+01
1.954412394284894106e+01
1.956023502278362969e+01
1.957915926259287431e+01
1.962842186045434900e+01
1.963577422189947086e+01
1.963582347333556299e+01
1.963365761614929639e+01
1.963463541695672632e+01
1.963783370262936145e+01
1.966648757757722166e+01
1.969188244571187596e+01
1.970997049137456258e+01
1.978256207288887936e+01
1.979482532801573313e+01
1.981527499153646943e+01
1.982147984846825395e+01
1.981487314374052389e+01
1.980849744471383289e+01
1.980768669676184857e+01
1.983312834080905773e+01
1.983705172372584613e+01
1.984652873584883892e+01
1.985942467109715892e+01
1.987795841004143682e+01
1.989966823373906735e+01
1.993959741377716810e+01
1.994893888426164708e+01
1.995461756208733206e+01
1.995478411201076341e+01
1.995532073241297510e+01
1.996089380708486871e+01
1.996033566933026648e+01
1.995197454570066853e+01
1.994519180958688409e+01
1.994284984326332832e+01
1.995756819520419256e+01
1.997973621404427647e+01
1.999999930061816400e+01
