1.156815011006090543e+01
1.156477882613769381e+01
1.150919059212524864e+01
1.145478086012006713e+01
1.145131269862804047e+01
1.142842603728355044e+01
1.134953144440267181e+01
1.124453954940242184e+01
1.122067225011758396e+01
1.108028804922576427e+01
1.105838519120388597e+01
1.102127659636621893e+01
1.098273601996373827e+01
1.088134909741898326e+01
1.083606891235909764e+01
1.081909149704822859e+01
1.076436516426928414e+01
1.072931432554609898e+01
1.070364106261657255e+01
1.066722608663730831e+01
1.062034221802403167e+01
1.057203738729286080e+01
1.047870321049244069e+01
1.046057313829073543e+01
1.040633560351373887e+01
1.032270981858002656e+01
1.027022862625082134e+01
1.024041937403478109e+01
1.023338511335167844e+01
1.017492662533394210e+01
1.017023644683530925e+01
1.014497907489293738e+01
1.013883000234615039e+01
1.009714002938688360e+01
9.806306517757281682e+00
9.800647159020599020e+00
9.774168636329873650e+00
9.761611409723345290e+00
9.758935971060934023e+00
9.678809851659828212e+00
9.674331003840324072e+00
9.674566179839674263e+00
9.678293940042134835e+00
