9.285040076506762219e+00
9.287480751929003020e+00
9.294204258664606755e+00
9.296349268676136646e+00
9.294209020823704037e+00
9.285806188454062138e+00
9.284335537739325517e+00
9.288097264379340245e+00
9.296976299708969549e+00
9.301872447429021307e+00
9.314029171352379066e+00
9.321535660918613075e+00
9.330345764067759617e+00
9.353164236015555133e+00
9.356512362540460259e+00
9.356534197253138174e+00
9.355766162432743727e+00
9.356380372049166283e+00
9.358120740260575943e+00
9.372687955789997361e+00
9.385354427044930503e+00
9.394339682938259273e+00
9.430420781183235235e+00
9.436577602881756732e+00
9.447055256389898403e+00
9.451036060878326595e+00
9.448600946254764210e+00
9.446246890300713517e+00
9.446255917823778603e+00
9.459756108618416093e+00
9.461733159713922703e+00
9.466485312511982997e+00
9.472917088032110300e+00
9.482121901114084039e+00
9.492880115948764796e+00
9.512729477801039835e+00
9.517436327513202343e+00
9.520343522372250789e+00
9.520429840343053840e+00
9.520708574225203336e+00
9.523781735139042581e+00
9.523782059251781007e+00
9.520352627115585165e+00
9.517518046721088254e+00
9.516679042997834514e+00
9.524528515619055113e+00
9.535525019594448537e+00
9.545472434342919144e+00
