8.921989664244199147e+00
8.924903906882526883e+00
8.933721294342275243e+00
8.940165005718624158e+00
8.940541431308108855e+00
8.939316627235612600e+00
8.939839594838307590e+00
8.951719118765103289e+00
8.964722538753534309e+00
8.971340331654312550e+00
8.987246994877670758e+00
8.996965039680137721e+00
9.008480185600912904e+00
9.042185265126470028e+00
9.052447059172816779e+00
9.052849679072274114e+00
9.062952500114684895e+00
9.066127741854289823e+00
9.070901703585693809e+00
9.094769060573041131e+00
9.112051114789279538e+00
9.123837115955698351e+00
9.171066245847367071e+00
9.179673211516554687e+00
9.196200454357336795e+00
9.209401771774455625e+00
9.213687983472727439e+00
9.217715740708364081e+00
9.221303380474523692e+00
9.246489985068169659e+00
9.249339508653219966e+00
9.255999044869154702e+00
9.264737802155883273e+00
9.276960111342889448e+00
9.291126348342583441e+00
9.318235225596787075e+00
9.325391955210315942e+00
9.330307136381732036e+00
9.330464109817292240e+00
9.330977379680964745e+00
9.338451407998551446e+00
9.341373134257302979e+00
9.344051936796610391e+00
9.345331414903007783e+00
9.347113941398797365e+00
9.361410327382726493e+00
9.374923702927116409e+00
9.386294950213658339e+00
