6.873449251675444849e+00
6.877229567198064331e+00
6.889940189189868391e+00
6.904306705807607081e+00
6.909102917712058201e+00
6.919033215776418722e+00
6.922199650094215784e+00
6.942666442334239463e+00
6.958920947593789208e+00
6.966777092146003270e+00
6.985360471743121025e+00
6.996761299364363751e+00
7.010551178202198308e+00
7.056522050158768877e+00
7.076381872672303786e+00
7.077324760152824190e+00
7.102027917340686614e+00
7.108161578106519052e+00
7.116079693946575802e+00
7.146756908389977347e+00
7.165873796296535758e+00
7.178408007799896851e+00
7.228161973239487281e+00
7.237649898873268484e+00
7.257285649229635816e+00
7.277498479227913819e+00
7.287731631281415545e+00
7.297126258183532777e+00
7.303309521187618003e+00
7.333524057690651965e+00
7.336517628079677777e+00
7.343396347743286867e+00
7.352253972926976466e+00
7.364480239182473298e+00
7.378627984811890528e+00
7.406686043868448088e+00
7.414716444817224250e+00
7.420601496387879692e+00
7.420796831539304250e+00
7.421439500694665625e+00
7.431910920109400465e+00
7.437362925267772873e+00
7.446284466209978525e+00
7.452005996308094460e+00
7.456446659349679429e+00
7.475199555958929487e+00
7.488734424312804450e+00
7.499301085774098929e+00
