6.424108007713714485e+00
6.425009158302179557e+00
6.426344227888740157e+00
6.421475469396881408e+00
6.416392642988472339e+00
6.400255236748073173e+00
6.396282603639869002e+00
6.386087533417428297e+00
6.385136093665701118e+00
6.385435790553041890e+00
6.386884504096279613e+00
6.387840542111903552e+00
6.388647996582133004e+00
6.382382985892763649e+00
6.370096016657186055e+00
6.369288215882196624e+00
6.344030251236417506e+00
6.338181637269676649e+00
6.331672113785989708e+00
6.315879167402737693e+00
6.310461069584386351e+00
6.307664302862779238e+00
6.294688476567058544e+00
6.290403085593912813e+00
6.276572584074153305e+00
6.247449239112908614e+00
6.222499048591957127e+00
6.198370035329208605e+00
6.185434524945006451e+00
6.150013917703229360e+00
6.147863381612213018e+00
6.143375151192131511e+00
6.138275764285360481e+00
6.131951836704693015e+00
6.124865366409512291e+00
6.107470238849081134e+00
6.100292625778552136e+00
6.093802119308071141e+00
6.093563538782537314e+00
6.092766609657243926e+00
6.076427118402267347e+00
6.064245157492028859e+00
6.036303880705538027e+00
6.016700692921787663e+00
6.004495853092322477e+00
5.978846438088117665e+00
5.972584836550709042e+00
5.970853750675305882e+00
