9.735399833670221881e-01
9.748518555635787841e-01
9.822864051381376971e-01
9.834157242546870403e-01
9.834301273570038582e-01
9.834363020185896698e-01
9.829157367588732264e-01
9.824075672567482709e-01
9.824449037405147411e-01
9.845188484150595443e-01
9.851969063530469084e-01
9.866126833630874948e-01
9.884736323700258342e-01
9.955436730110165389e-01
9.997033010315654611e-01
1.001360671918254397e+00
1.006536174035499442e+00
1.009193172514557535e+00
1.010608364473894571e+00
1.011840835371141667e+00
1.012388631723978749e+00
1.012235676971031229e+00
1.011448327682018089e+00
1.011367818253699369e+00
1.011518779887527142e+00
1.013719453632967227e+00
1.017295409537300133e+00
1.020669559827828143e+00
1.021675173362903477e+00
1.036070066696407332e+00
1.038120748267541638e+00
1.058451039368579760e+00
1.081508260866414828e+00
1.171570028848903933e+00
1.250433403251945741e+00
1.251584109339578088e+00
1.257125067248548334e+00
1.259886062053321432e+00
1.260489627186383244e+00
1.287260561545707338e+00
1.299977007655926275e+00
1.300381231253598058e+00
1.304534439252513556e+00
