7.106459441599131566e+00
7.109907099071784309e+00
7.121361115099918315e+00
7.133877803508606341e+00
7.137893668836094996e+00
7.146385247159986243e+00
7.149300444964059587e+00
7.169073247487686373e+00
7.184979818124548778e+00
7.192648461801704585e+00
7.210681882341242854e+00
7.221647715195397943e+00
7.234784394769195437e+00
7.277018095531841979e+00
7.294059038675969830e+00
7.294846014840942416e+00
7.315365072724374862e+00
7.320634398148064825e+00
7.327608697143672245e+00
7.355981460110287529e+00
7.374265580592933134e+00
7.386369915737266645e+00
7.434610249238087221e+00
7.443744291288796333e+00
7.462416695557986479e+00
7.480983670139432995e+00
7.490034383760164616e+00
7.498466124956514101e+00
7.504220718484847730e+00
7.533750904628342404e+00
7.536735680783514191e+00
7.543610160264502262e+00
7.552483144946261717e+00
7.564743309896573287e+00
7.578909728594660500e+00
7.606727424973112939e+00
7.614544025564429219e+00
7.620196012746270675e+00
7.620382189683495788e+00
7.620993993960948565e+00
7.630757586090428646e+00
7.635615683316022029e+00
7.643054820753797607e+00
7.647676968953748045e+00
7.651418533403189670e+00
7.668688273431964575e+00
7.681871607797150503e+00
7.692353229204409892e+00
