9.062291045059646422e+01
9.067067191116244373e+01
9.086617459439725053e+01
9.121550867934453777e+01
9.139959908365355545e+01
9.187718526315403267e+01
9.200169408598584653e+01
9.248791941104087755e+01
9.272393763119421806e+01
9.281953376509689235e+01
9.301914127651990327e+01
9.312968309971736858e+01
9.325587659822703301e+01
9.364544123991385050e+01
9.379671956623259632e+01
9.380314225326615940e+01
9.391499299128851419e+01
9.392338426082284286e+01
9.392545037004997255e+01
9.388250219723134649e+01
9.383549912059346809e+01
9.379919555231535355e+01
9.360104401821843112e+01
9.354692122171405799e+01
9.339860907130076839e+01
9.313586925320780097e+01
9.291938714515684694e+01
9.269651524228324035e+01
9.256479231680096120e+01
9.210431284707082966e+01
9.206818410041896072e+01
9.198838000599016596e+01
9.189035915839566826e+01
9.175968516569291467e+01
9.160877392876591330e+01
9.127614075176495589e+01
9.116077318518050276e+01
9.106517870493037492e+01
9.106179884033952021e+01
9.105057191873906675e+01
9.083780286289366757e+01
9.069442674832099271e+01
9.038863595024224651e+01
9.017649098768309557e+01
9.003731875384281125e+01
8.967080108297838592e+01
8.951032310597787500e+01
8.941147210751041996e+01
