9.737942091344967466e+00
9.742459515610191190e+00
9.757032608659134354e+00
9.771148095964404590e+00
9.774555180809100463e+00
9.779332748413432697e+00
9.781250402545373035e+00
9.799518318256177807e+00
9.816877865716875817e+00
9.825607689967455372e+00
9.846683154160094986e+00
9.859751473084571671e+00
9.875563616457290195e+00
9.926607384099296993e+00
9.946556196166005392e+00
9.947453689699536028e+00
9.970222712777015772e+00
9.976057493587878966e+00
9.983878305962976540e+00
1.001670874431234992e+01
1.003837033132199252e+01
1.005280316969492560e+01
1.011010815380295291e+01
1.012072524851730471e+01
1.014174581087245386e+01
1.016045509698954419e+01
1.016789885219315082e+01
1.017449766083861995e+01
1.017943911284253744e+01
1.020925844302128560e+01
1.021249436387009091e+01
1.022002729451601510e+01
1.022987761470249701e+01
1.024364616510849046e+01
1.025967519997662869e+01
1.029104111786241482e+01
1.029968008825272996e+01
1.030581533706352992e+01
1.030601527827499631e+01
1.030667118632718449e+01
1.031682259459838669e+01
1.032152535818403294e+01
1.032799863649228200e+01
1.033198255188128911e+01
1.033561341923885202e+01
1.035526587533864173e+01
1.037143879766112775e+01
1.038456764005487365e+01
