5.428698364241740570e+00
5.434081235451480474e+00
5.473537008026975847e+00
5.483663690157399628e+00
5.483873905318475295e+00
5.484297042082412865e+00
5.475747412793061208e+00
5.446866210860897617e+00
5.437967984707180236e+00
5.368379322917041563e+00
5.354612553571012512e+00
5.329172382698896371e+00
5.299578342131909814e+00
5.201619280795560130e+00
5.145422042731155443e+00
5.122008424507030533e+00
5.038849006559522614e+00
4.982277137988606164e+00
4.941287036794225429e+00
4.885697190186248484e+00
4.819781982993243119e+00
4.758042253842399205e+00
4.651235656960238884e+00
4.631758535874615390e+00
4.574880616721362259e+00
4.488466594592278369e+00
4.432391316404918236e+00
4.398562458752625304e+00
4.390227002899320219e+00
4.309716490344206008e+00
4.301523487716420568e+00
4.239111141866399812e+00
4.188856873669172920e+00
4.014253560376680241e+00
3.764468154783938481e+00
3.760540256148451110e+00
3.742246873864301104e+00
3.733593919548906737e+00
3.731749771818690053e+00
3.673223001895374651e+00
3.664219810404619526e+00
3.664135359346010201e+00
3.663958441649513897e+00
