5.315531170363120061e+00
5.319003888026431426e+00
5.331039192828139761e+00
5.345991946004755135e+00
5.351713559964957234e+00
5.364721384940115634e+00
5.368610283927060856e+00
5.390411465539080460e+00
5.406163638808901162e+00
5.413600591033300269e+00
5.430989059330378232e+00
5.441603973317768350e+00
5.454467397460876832e+00
5.498565405190129596e+00
5.518985323530135823e+00
5.519985739278727266e+00
5.546608816799665220e+00
5.553084982866035801e+00
5.561255334633904646e+00
5.591278036848797761e+00
5.609218954487018571e+00
5.620834369592224711e+00
5.666880409662506501e+00
5.675836517486037458e+00
5.694919387108707376e+00
5.716241233843930125e+00
5.728180269958977888e+00
5.739244636512993658e+00
5.746170956778408723e+00
5.776735530226065229e+00
5.779602828981456497e+00
5.786136466083818597e+00
5.794465518912149449e+00
5.805867492536899377e+00
5.819012466241403558e+00
5.845352356927610238e+00
5.853095502297884778e+00
5.858887307287598212e+00
5.859081759765945918e+00
5.859722670262809352e+00
5.870485831237953533e+00
5.876438741757411321e+00
5.886919197633986300e+00
5.893756170758352120e+00
5.898749516414340199e+00
5.917284033544756738e+00
5.929478158954323952e+00
5.938697618459872984e+00
