1.818813963558551627e+00
1.818745773485515027e+00
1.818785577270069842e+00
1.818846210299378985e+00
1.818799013100770301e+00
1.818842436995091294e+00
1.818922589504479825e+00
1.818889843127399431e+00
1.818931172344651959e+00
1.819035036993637888e+00
1.819020709406027336e+00
1.819064555287973617e+00
1.819191677641479599e+00
1.819195727428735587e+00
1.819248334845536608e+00
1.819398645273418103e+00
1.819408789909161106e+00
1.819485466860318201e+00
1.819647331516412114e+00
1.819586288022067011e+00
1.820943240549450337e+00
