2.744080905402406643e+02
2.743093994452387392e+02
2.738815859479439609e+02
2.730416288938679372e+02
2.725691644184020106e+02
2.712715501436658201e+02
2.709183982244407503e+02
2.694794103636416480e+02
2.687385730757637816e+02
2.684277039309138218e+02
2.677515072311786071e+02
2.673562438954133995e+02
2.668795792949831025e+02
2.650630186557262391e+02
2.639737861177934519e+02
2.639143994229791019e+02
2.622108295272828400e+02
2.618019833118955830e+02
2.613121586741003739e+02
2.597738857805323391e+02
2.589960213918843124e+02
2.585226551149542615e+02
2.566573227912369362e+02
2.562549803080877382e+02
2.552754389255962622e+02
2.538172457608999082e+02
2.527753637794764359e+02
2.517963816897269851e+02
2.512490412775712798e+02
2.494473112130066852e+02
2.493110019162164974e+02
2.490119488823525842e+02
2.486484306939897522e+02
2.481706233467340326e+02
2.476296789258634590e+02
2.464869892730992831e+02
2.461082627408597432e+02
2.458012997747792383e+02
2.457905571887683607e+02
2.457549266419580363e+02
2.450942777131444927e+02
2.446630716467010984e+02
2.437718436455244557e+02
2.431692192142475903e+02
2.427783153769812543e+02
2.417610943316377359e+02
2.413226769848430706e+02
2.410561651645537609e+02
