3.524192874019263400e+00
3.539578601602638042e+00
3.602613747536362876e+00
3.717231823433977844e+00
3.779628061451116849e+00
3.951597569216029004e+00
3.999402585906329133e+00
4.200480144912248193e+00
4.307603583058194907e+00
4.353119161060960529e+00
4.452985751112568558e+00
4.511754453128870246e+00
4.582829415050952093e+00
4.851902753799715917e+00
5.008169470460550166e+00
5.016531060167861433e+00
5.249792167649302677e+00
5.304302553746999216e+00
5.369226228757882247e+00
5.573067799059862715e+00
5.677510930427402513e+00
5.741722565976452586e+00
5.997231791069390638e+00
6.052058309662746716e+00
6.183879118835708510e+00
6.375571393845429924e+00
6.510934936969319686e+00
6.639040107807769431e+00
6.711691192493564273e+00
6.958200244652136490e+00
6.977289670068769212e+00
7.019333550461626103e+00
7.070685158759191680e+00
7.138443765587308754e+00
7.215273779896257622e+00
7.376901478139218149e+00
7.430065988257005039e+00
7.472974447288216027e+00
7.474473049111829859e+00
7.479442075443551552e+00
7.571164440292517561e+00
7.630620842174788976e+00
7.752589471337121729e+00
7.834515974063427812e+00
7.887532471407375567e+00
8.025824862192719067e+00
8.086111961382449920e+00
8.123181144631093531e+00
