4.706264963528914436e+00
4.711261688955635130e+00
4.728982065738827956e+00
4.752082394589432823e+00
4.761153940187595524e+00
4.780191517331049411e+00
4.785118876984674863e+00
4.809851741670740921e+00
4.827129893378833358e+00
4.835382492336546711e+00
4.855116535545698220e+00
4.867547592474608109e+00
4.883094161781022180e+00
4.942040201032508406e+00
4.973387197311770258e+00
4.974988220232160252e+00
5.017654070577954428e+00
5.027438810338333397e+00
5.039226963817729832e+00
5.078138480221323192e+00
5.099318679030321100e+00
5.112604541609856668e+00
5.164343077491286849e+00
5.174567438482895021e+00
5.197023261513374237e+00
5.223984591957971269e+00
5.239954304255475037e+00
5.254322508700006722e+00
5.262739884128023959e+00
5.295836392992232078e+00
5.298752954580813856e+00
5.305343416803408374e+00
5.313669782110022943e+00
5.325013348905736521e+00
5.338139423737508160e+00
5.365280953676143660e+00
5.373704957224696876e+00
5.380235882973124717e+00
5.380459351786742950e+00
5.381198043479548332e+00
5.394202538015100856e+00
5.402037509614759259e+00
5.417228838262586166e+00
5.427576054915603798e+00
5.434812265562934286e+00
5.458166109927658383e+00
5.471550399153557898e+00
5.481093821270487609e+00
