1.007055195971999773e+01
1.007194294144568580e+01
1.007394379957303876e+01
1.006611977610856812e+01
1.005803029878449451e+01
1.003234648866953549e+01
1.002600712153353868e+01
1.000965140341731185e+01
1.000811457366339674e+01
1.000861863812423280e+01
1.001110935487352904e+01
1.001284650552288724e+01
1.001452571112864121e+01
1.000774436103256448e+01
9.991466330776512805e+00
9.990386576953453002e+00
9.957139107225557950e+00
9.949780559261224511e+00
9.941899332043206527e+00
9.925678002324684002e+00
9.922333521302734383e+00
9.921391335403543010e+00
9.916920737686433895e+00
9.914063738500500378e+00
9.902295682972498625e+00
9.872491725579916277e+00
9.845418642745075388e+00
9.819487744711981492e+00
9.806132636853702067e+00
9.774921767556998375e+00
9.773487778311853447e+00
9.770749648708944690e+00
9.768066951839671219e+00
9.765278007640906921e+00
9.762431256038412997e+00
9.753326111815715294e+00
9.748323573986009905e+00
9.743304830791695181e+00
9.743112785277288523e+00
9.742467762815520516e+00
9.728272017756669499e+00
9.716856830319221316e+00
9.689536161767531297e+00
9.670426645779032881e+00
9.659043473820904779e+00
9.639821024322207776e+00
9.639452473938627364e+00
9.642618695914736193e+00
