4.355426357223695959e+02
4.356403425141337493e+02
4.360436124931461563e+02
4.367842786792741663e+02
4.371891938744415711e+02
4.383055353292212999e+02
4.386155740718268703e+02
4.399187739673837427e+02
4.406130589752172568e+02
4.409081279509146611e+02
4.415557596121170718e+02
4.419370644496027012e+02
4.423985153563592689e+02
4.441520682185375790e+02
4.451788930211912998e+02
4.452340526991744127e+02
4.467806243178210366e+02
4.471436621501079003e+02
4.475764629275566904e+02
4.489361820623127528e+02
4.496327112455791735e+02
4.500609267059518288e+02
4.517666925956050932e+02
4.521333422177784769e+02
4.530157493871732299e+02
4.542999390946476979e+02
4.552064695476540237e+02
4.560638082657753216e+02
4.565497861680716483e+02
4.581976657857130135e+02
4.583251962233955510e+02
4.586060242685896355e+02
4.589489112246608897e+02
4.594011448727555944e+02
4.599136292233254153e+02
4.609909625406872919e+02
4.613452488328076129e+02
4.616312229159302092e+02
4.616412116694639849e+02
4.616743326704260539e+02
4.622859020878515821e+02
4.626825776416398526e+02
4.634968493588686442e+02
4.640438213708852686e+02
4.643974862629959262e+02
4.653170368648019348e+02
4.657155881512457540e+02
4.659596555951073924e+02
