3.842785934882122092e+02
3.843400505274340730e+02
3.845976041705366129e+02
3.850826979498027072e+02
3.853520724691580313e+02
3.861007331454794098e+02
3.863089374585050564e+02
3.871815370344835969e+02
3.876449913404590575e+02
3.878419468991357917e+02
3.882748254335070328e+02
3.885303960483824426e+02
3.888407306797291199e+02
3.900356434869917166e+02
3.907505860203778525e+02
3.907893584586628890e+02
3.918917643571585359e+02
3.921544847476790778e+02
3.924692782238598170e+02
3.934658898640939242e+02
3.939785118683404335e+02
3.942938003630713979e+02
3.955510529412552501e+02
3.958222887018141591e+02
3.964781390775078762e+02
3.974420030491367015e+02
3.981278900114845669e+02
3.987780235623276894e+02
3.991462265383679551e+02
4.003896399265221930e+02
4.004855648193484399e+02
4.006967151742623514e+02
4.009544489958246913e+02
4.012944223605992420e+02
4.016800302995551988e+02
4.024928193815488839e+02
4.027608594578741190e+02
4.029774755697961837e+02
4.029850456710443609e+02
4.030101486795850860e+02
4.034741396265293929e+02
4.037755157853759442e+02
4.043950536809748542e+02
4.048118815461623399e+02
4.050816975832828462e+02
4.057841954541996188e+02
4.060888049472580406e+02
4.062752039005813458e+02
