3.505407322724058758e+02
3.506392353611391286e+02
3.510428649000097039e+02
3.517769069861591902e+02
3.521765142152095791e+02
3.532778230147457066e+02
3.535839653425545066e+02
3.548716844788481808e+02
3.555577272320202837e+02
3.558492192209996006e+02
3.564887828789148330e+02
3.568651447616290966e+02
3.573203148833199521e+02
3.590434928616618322e+02
3.600442575933744820e+02
3.600978067775996010e+02
3.615916244240368087e+02
3.619407032694101076e+02
3.623564654808053547e+02
3.636618454834836029e+02
3.643307000159647373e+02
3.647419139636841123e+02
3.663781806207078944e+02
3.667292778264531421e+02
3.675734252113906564e+02
3.688009965121776190e+02
3.696678726448516841e+02
3.704882728592821763e+02
3.709535366004313914e+02
3.725321944227611652e+02
3.726544448382744577e+02
3.729236979302880854e+02
3.732525580503544802e+02
3.736864848675761550e+02
3.741784875972249438e+02
3.752133858007859430e+02
3.755537407713205766e+02
3.758284137395856987e+02
3.758380064581946272e+02
3.758698135620181802e+02
3.764568819984733068e+02
3.768373741743463370e+02
3.776176930324859882e+02
3.781414877778742607e+02
3.784801399299068976e+02
3.793610702708743929e+02
3.797431247966093224e+02
3.799771011115346937e+02
