8.808391386270523071e+01
8.781122518824524548e+01
8.545348883850661537e+01
8.420528974449649695e+01
8.413609931790854546e+01
8.369348380879667104e+01
8.220923763026760867e+01
7.997159908796082561e+01
7.938847882977836434e+01
7.519067482682253001e+01
7.439411987595887865e+01
7.293815859514259614e+01
7.126697585264199120e+01
6.588324651819982591e+01
6.288453057610590946e+01
6.165161334315195063e+01
5.733943770052729150e+01
5.446178478858428917e+01
5.240795330082052317e+01
4.967479574153638566e+01
4.653472582295332671e+01
4.371900570658806373e+01
3.918503595544912343e+01
3.840517170199144914e+01
3.620197998201754785e+01
3.301009660319918737e+01
3.096920323859436763e+01
2.971587156627795778e+01
2.940179671012579021e+01
2.618519732579642323e+01
2.583359322921567269e+01
2.298962412210988759e+01
2.060093409365594042e+01
1.578349448141688782e+01
1.507850923231987039e+01
1.507543317520630133e+01
1.506118595312950070e+01
1.505453263970693634e+01
1.505312759819742396e+01
1.502090253490731619e+01
1.502835150231570616e+01
1.502872752139061951e+01
1.503274504393490574e+01
