4.031904483788330253e+02
4.032431849794523373e+02
4.034627141548884879e+02
4.038708700025305234e+02
4.040950975180251135e+02
4.047111782467616763e+02
4.048809296667131434e+02
4.055859959992985750e+02
4.059564968653593837e+02
4.061131058846369228e+02
4.064554617919870338e+02
4.066563451201081421e+02
4.068989773226153375e+02
4.078194080766073739e+02
4.083599400209205896e+02
4.083890536523006176e+02
4.092092084983539735e+02
4.094026870662513033e+02
4.096336133310387027e+02
4.103587513020766551e+02
4.107285540555158150e+02
4.109550583322457555e+02
4.118525423871723206e+02
4.120452255557047465e+02
4.125101021798207057e+02
4.131908103549736211e+02
4.136731418720484612e+02
4.141284050369649776e+02
4.143853302617485497e+02
4.152482107482174456e+02
4.153145121497506125e+02
4.154603475190330641e+02
4.156381781849174217e+02
4.158725057786186881e+02
4.161380342547558939e+02
4.166972395175477573e+02
4.168815980856911096e+02
4.170305871321673408e+02
4.170357939528038287e+02
4.170530602121161223e+02
4.173722262496872304e+02
4.175795709436267202e+02
4.180059254790700720e+02
4.182928647989398314e+02
4.184786277905743646e+02
4.189622418851907355e+02
4.191718230301282802e+02
4.192999945386318927e+02
