1.963957242965729222e+01
1.964448551702116319e+01
1.965759271172121814e+01
1.965977627383433557e+01
1.965382625911973591e+01
1.963179085626855525e+01
1.962743952058345087e+01
1.963008384514145632e+01
1.964602357774371555e+01
1.965517337961032140e+01
1.967823331261866571e+01
1.969253686594318609e+01
1.970924382026653277e+01
1.974970526025111184e+01
1.975165300506033716e+01
1.975140854827196790e+01
1.974097228033517482e+01
1.974001899413537586e+01
1.974092952544656399e+01
1.976251901901741448e+01
1.978435730689434280e+01
1.980026850009789641e+01
1.986410357575419638e+01
1.987443701320092515e+01
1.989013527746483234e+01
1.988914273345105954e+01
1.987729859368574736e+01
1.986591997749276572e+01
1.986227689032240917e+01
1.987825157671777632e+01
1.988145262549961600e+01
1.988934310974212849e+01
1.990030766845962162e+01
1.991629828080204589e+01
1.993512114592406803e+01
1.996890342500245907e+01
1.997618573227106964e+01
1.998018564917798656e+01
1.998029328586726194e+01
1.998063442617055330e+01
1.998256185155200626e+01
1.997960571816672726e+01
1.996627094187873652e+01
1.995614731296865330e+01
1.995166737206752927e+01
1.996102305388700415e+01
1.998101087312657853e+01
1.999999929433107937e+01
