3.595621414482593536e+00
3.501936514201531292e+00
3.015276890079212624e+00
2.956928657759173795e+00
2.956769494517211605e+00
2.961305477775844075e+00
3.017294299277516689e+00
3.123810930569125510e+00
3.149515343999770511e+00
3.307157393535405276e+00
3.333205290574589252e+00
3.378829428916336308e+00
3.428793651250895635e+00
3.579835685900612852e+00
3.660658338685496282e+00
3.693535834440841104e+00
3.807454710640631124e+00
3.882848888933350118e+00
3.936551080050291862e+00
4.008236987868928125e+00
4.091720075139416934e+00
4.168750250236215038e+00
4.300974707039463496e+00
4.325197311489989538e+00
4.396695528895423699e+00
4.509394221227915445e+00
4.587079257259890852e+00
4.636550027078980563e+00
4.649113757295893379e+00
4.780578730919888386e+00
4.795233569328392953e+00
4.917452234573920222e+00
5.031845469748239097e+00
5.476904079159705674e+00
6.045006106083860686e+00
6.054680687354049518e+00
6.101321085582858572e+00
6.124532538655392599e+00
6.129598769896886346e+00
6.345889065043111010e+00
6.439506169560347715e+00
6.442369346359371640e+00
6.471385450626268465e+00
