5.845466792454208083e+00
5.848513349519742555e+00
5.858870376446311923e+00
5.871129343610983931e+00
5.875618211261357970e+00
5.886155720625963816e+00
5.889585975384383332e+00
5.910213024019491002e+00
5.925547604348151864e+00
5.932782385769816536e+00
5.949576375154138397e+00
5.959700172771674076e+00
5.971791294767202274e+00
6.010991154933179814e+00
6.027437272238626242e+00
6.028214101017336013e+00
6.048781871723577730e+00
6.054014515516975337e+00
6.060844348252313551e+00
6.087778006263080854e+00
6.104741223160807806e+00
6.115899233456183914e+00
6.160425661277098897e+00
6.168981934726813776e+00
6.186847762635649062e+00
6.205785959277957176e+00
6.215869711269884412e+00
6.225369464034106848e+00
6.231591242242249251e+00
6.261095548880492245e+00
6.263961483208494663e+00
6.270521878772655100e+00
6.278926332381959519e+00
6.290464041738236034e+00
6.303745862552164958e+00
6.329939964432454325e+00
6.337413087936827338e+00
6.342885038251104390e+00
6.343066596395323664e+00
6.343663907455979967e+00
6.353387715211725073e+00
6.358437452282455382e+00
6.366622913186833266e+00
6.371758246645373269e+00
6.375685460071506050e+00
6.392109153242040875e+00
6.403945319146089332e+00
6.413191671687827444e+00
