1.947775809158232718e+01
1.948308041487640807e+01
1.949791744653174419e+01
1.950341612259423485e+01
1.949933210151786867e+01
1.948253171493233182e+01
1.947963992400619659e+01
1.948837965189508736e+01
1.950754528594958970e+01
1.951806817494691515e+01
1.954416186731351601e+01
1.956027299709774780e+01
1.957919725355095153e+01
1.962845894128447100e+01
1.963580990565838391e+01
1.963585906754306620e+01
1.963369047558477121e+01
1.963466766356275528e+01
1.963786528501805506e+01
1.966651777245453303e+01
1.969191240139575783e+01
1.971000044205339208e+01
1.978259254322551186e+01
1.979485589610028384e+01
1.981530556741873639e+01
1.982150961034383485e+01
1.981490174270707527e+01
1.980852468467372418e+01
1.980771315357454654e+01
1.983315281493910476e+01
1.983707611530153869e+01
1.984655298815173552e+01
1.985944883198368061e+01
1.987798257374527822e+01
1.989969253895081991e+01
1.993962219259680779e+01
1.994896375090137752e+01
1.995464242818827927e+01
1.995480897662108433e+01
1.995534559128958918e+01
1.996091829633625281e+01
1.996035957668851779e+01
1.995199609050176903e+01
1.994521065560460116e+01
1.994286637854320787e+01
1.995757633504247863e+01
1.997973953791429835e+01
1.999999930061795439e+01
