7.272396428975916933e+02
7.273593188131603711e+02
7.278513820430883925e+02
7.287500492110154937e+02
7.292398915226428926e+02
7.305886789811878543e+02
7.309631283235790988e+02
7.325364784050348135e+02
7.333739783297519352e+02
7.337297046733660864e+02
7.345099714586344817e+02
7.349690134626703184e+02
7.355241408098462443e+02
7.376283557685172809e+02
7.388553933503870894e+02
7.389211896691513175e+02
7.407616508160510875e+02
7.411927046615782047e+02
7.417062783141420823e+02
7.433184501664918571e+02
7.441438642094933584e+02
7.446511785273112309e+02
7.466704145277398084e+02
7.471040292500451869e+02
7.481470329970253488e+02
7.496639442099005919e+02
7.507343897800492414e+02
7.517465621791537842e+02
7.523202100680492777e+02
7.542647624494360343e+02
7.544152204201521954e+02
7.547465266362734155e+02
7.551510347811180281e+02
7.556845314576058854e+02
7.562891019856211869e+02
7.575599502694859666e+02
7.579778114147284214e+02
7.583150602231885387e+02
7.583268391482753259e+02
7.583658956656919372e+02
7.590869380900962824e+02
7.595544821865097447e+02
7.605139083598280649e+02
7.611582252618554776e+02
7.615748163128102988e+02
7.626581160199075384e+02
7.631277229406339302e+02
7.634153073034847239e+02
