1.405420961252076317e+01
1.405699739399491222e+01
1.406341879245804805e+01
1.405969812137546526e+01
1.405261183503558264e+01
1.402919879803283898e+01
1.402399472131166647e+01
1.401723458625733088e+01
1.402411450626813227e+01
1.402875537580794152e+01
1.404110840337847321e+01
1.404892580717792683e+01
1.405798089318709287e+01
1.407622589318241069e+01
1.407162701543165362e+01
1.407113657321645839e+01
1.405508362403473654e+01
1.405245480672274283e+01
1.405081575852236497e+01
1.405925199198499165e+01
1.407137596904582821e+01
1.408063290414051139e+01
1.411798852915225311e+01
1.412362216399664483e+01
1.413065384453360274e+01
1.412391490775395653e+01
1.411124648660000069e+01
1.409919030961582465e+01
1.409438805011018125e+01
1.409849342513840220e+01
1.410022368106594293e+01
1.410463867756687328e+01
1.411098568402836229e+01
1.412045713549515646e+01
1.413169861885582534e+01
1.415120028483113757e+01
1.415487642900985499e+01
1.415650012261995094e+01
1.415653389089634473e+01
1.415663458381812667e+01
1.415536702497355215e+01
1.415153713083835996e+01
1.413848581792523440e+01
1.412889698623762413e+01
1.412418328113340316e+01
1.412700010186243027e+01
1.413964844461149717e+01
1.415223317871746822e+01
