2.831199041914660484e+02
2.831115046894437342e+02
2.830754854603937929e+02
2.830055667937377279e+02
2.829662807833589682e+02
2.828574339524436141e+02
2.828274559345101693e+02
2.827035057072171753e+02
2.826386130531736285e+02
2.826111803994460274e+02
2.825511095656653993e+02
2.825157440630173369e+02
2.824728486036169102e+02
2.823070512024530103e+02
2.822062609727761924e+02
2.822007453179124354e+02
2.820418074309719714e+02
2.820034412426970789e+02
2.819573289439861128e+02
2.818111292579980613e+02
2.817362108679374160e+02
2.816902748886279824e+02
2.815073362458850852e+02
2.814676620820025619e+02
2.813710352107029848e+02
2.812271517871448054e+02
2.811239476151958456e+02
2.810262151668160868e+02
2.809711209439432764e+02
2.807871146925621701e+02
2.807730401425509399e+02
2.807421010740923748e+02
2.807043951582216437e+02
2.806547076597209980e+02
2.805983377166166406e+02
2.804791026191526839e+02
2.804395837872787070e+02
2.804075623111227173e+02
2.804064418600327144e+02
2.804027256859724275e+02
2.803338517344131446e+02
2.802889330979398892e+02
2.801961969485673194e+02
2.801335671529349156e+02
2.800929617058706640e+02
2.799872172675786146e+02
2.799414808429742720e+02
2.799135748621355901e+02
