1.124853604097378401e+01
1.125173828055835479e+01
1.126088409371220678e+01
1.126528881617799271e+01
1.126367723865754833e+01
1.125622009316732353e+01
1.125520461786559778e+01
1.126305227240355222e+01
1.127561309539329493e+01
1.128232224090835167e+01
1.129877777958804863e+01
1.130890148311450716e+01
1.132083128907759040e+01
1.135330936900779264e+01
1.136019884271948754e+01
1.136037698618737224e+01
1.136367293756515018e+01
1.136540269743702325e+01
1.136868430298700616e+01
1.139001549435665517e+01
1.140725213363498369e+01
1.141930329831797941e+01
1.146768267794783469e+01
1.147614991348286040e+01
1.149127742798453156e+01
1.149966163399627916e+01
1.149924053394866164e+01
1.149879254995777877e+01
1.150017173867130893e+01
1.152120159306755731e+01
1.152396109307823657e+01
1.153052196369798921e+01
1.153929800317993504e+01
1.155175196086038802e+01
1.156626751532251696e+01
1.159344813642068850e+01
1.160018433663121584e+01
1.160454142797104282e+01
1.160467517170892648e+01
1.160510957909703933e+01
1.161061792028945661e+01
1.161177425899779259e+01
1.160998223532492268e+01
1.160812402237219310e+01
1.160812029084399377e+01
1.162023464326065003e+01
1.163467049764986783e+01
1.164739828802267496e+01
