2.000000666777833658e+01
2.000046595739428312e+01
2.000100540901286195e+01
2.000163380924203693e+01
2.000235830633573642e+01
2.000318591760662912e+01
2.000412335943411790e+01
2.000517688630259272e+01
2.000635208639209850e+01
2.000765368964852087e+01
2.000908534850702836e+01
2.001064935778560994e+01
2.001234635345889501e+01
2.001417496873938262e+01
2.001613150104844863e+01
2.001820952287664568e+01
2.002039944947915728e+01
2.002268808313186810e+01
2.002505812920782091e+01
2.002748773135652982e+01
2.002994891506773456e+01
