5.670577445901165525e+00
5.677826885556085834e+00
5.726555713967011130e+00
5.739689573130625888e+00
5.740115914046302059e+00
5.742151844980114994e+00
5.742484488905735596e+00
5.735703034805670342e+00
5.733763433005005794e+00
5.723428568278635886e+00
5.722333050232707663e+00
5.721028776557886886e+00
5.720575499159924249e+00
5.725292142978383403e+00
5.730592841349871236e+00
5.732980111671884593e+00
5.740606788198554966e+00
5.743608676926364787e+00
5.743997001110584755e+00
5.741580121235480227e+00
5.733857532520737266e+00
5.721756615594129514e+00
5.690724763520994323e+00
5.683884297925494877e+00
5.662255272909130888e+00
5.625936235472217106e+00
5.601190325726778774e+00
5.586173557995834038e+00
5.582484806498696273e+00
5.547422704755336831e+00
5.543908168883694643e+00
5.516553780469298118e+00
5.490482624330384809e+00
5.292878165649650413e+00
4.730645122522981971e+00
4.718546382197872369e+00
4.659494660596423365e+00
4.629720272025177330e+00
4.623192752968067865e+00
4.341694202755698839e+00
4.223938074912193308e+00
4.220431264498506252e+00
4.185278761953713733e+00
