1.555286487268203928e+03
1.555081895778147100e+03
1.554204435863292701e+03
1.552494480875575846e+03
1.551526812285345386e+03
1.548809108555509965e+03
1.548049626020078222e+03
1.544854118190377221e+03
1.543145814750668251e+03
1.542416664059758659e+03
1.540806175119914542e+03
1.539849509515898035e+03
1.538681080832085399e+03
1.534090393738237481e+03
1.531251922410446923e+03
1.531095738877743088e+03
1.526561680069598879e+03
1.525457593110352036e+03
1.524125325514049564e+03
1.519858922086050370e+03
1.517645008016498650e+03
1.516277973565695220e+03
1.510770415314044158e+03
1.509565529172367178e+03
1.506620453955372341e+03
1.502211019057928524e+03
1.499027064165593629e+03
1.495989435344671165e+03
1.494265412025595879e+03
1.488440665973100522e+03
1.487991057970664997e+03
1.487000909956034093e+03
1.485791067560056263e+03
1.484192090465524643e+03
1.482372538722618856e+03
1.478508556079416621e+03
1.477224135466757161e+03
1.476182168240791270e+03
1.476145689895021633e+03
1.476024693678225958e+03
1.473779670403543150e+03
1.472312950826116321e+03
1.469278576624493780e+03
1.467224425736129888e+03
1.465890374697694369e+03
1.462405890950771436e+03
1.460892488162319069e+03
1.459966470466910550e+03
