7.742783283696189756e+02
7.744116899426663849e+02
7.749581714810807398e+02
7.759520296130343695e+02
7.764930803254882221e+02
7.779841982496119499e+02
7.783986994126397576e+02
7.801422090401158584e+02
7.810710794269058397e+02
7.814657462385220015e+02
7.823316860836810065e+02
7.828412627768263974e+02
7.834575422577651125e+02
7.857906471340492089e+02
7.871456373946765552e+02
7.872181405771590335e+02
7.892407031778943747e+02
7.897133406754647922e+02
7.902762646179422745e+02
7.920436924310777158e+02
7.929492926557086321e+02
7.935060589764211727e+02
7.957214994125765770e+02
7.961968718361054016e+02
7.973398153076780090e+02
7.990018978765906468e+02
8.001756138559569536e+02
8.012864056246326072e+02
8.019163563574329601e+02
8.040537967548350480e+02
8.042193184606251180e+02
8.045838756796991902e+02
8.050291400946698559e+02
8.056166683212699127e+02
8.062828514557129438e+02
8.076842987225473962e+02
8.081452925625079615e+02
8.085173706171494814e+02
8.085303659902600657e+02
8.085734558942646117e+02
8.093689081542771646e+02
8.098846159421740367e+02
8.109426827214838340e+02
8.116532442991276639e+02
8.121127498707720633e+02
8.133080160665399490e+02
8.138260725871679142e+02
8.141431137681477139e+02
