1.032120192370144650e+03
1.032215727566122951e+03
1.032610534054658956e+03
1.033336890418224584e+03
1.033733961884387099e+03
1.034824832255812908e+03
1.035126159989375765e+03
1.036382916569289819e+03
1.037046296074353222e+03
1.037327149091099272e+03
1.037941724234153526e+03
1.038302565923779184e+03
1.038738436740801035e+03
1.040388699235990316e+03
1.041352255298264481e+03
1.041403993646570370e+03
1.042854943531039908e+03
1.043195715544696213e+03
1.043601994965055610e+03
1.044876959297454960e+03
1.045527956005716078e+03
1.045927151350076883e+03
1.047510575810983482e+03
1.047850246955541024e+03
1.048668330445586207e+03
1.049862207961895592e+03
1.050706503536020364e+03
1.051503896851132822e+03
1.051954640925132708e+03
1.053474048644425920e+03
1.053591128459826223e+03
1.053848776128449572e+03
1.054163128885001015e+03
1.054577535118242849e+03
1.055047180462918277e+03
1.056035621770125317e+03
1.056361143446585857e+03
1.056624062310396312e+03
1.056633248227359900e+03
1.056663708306750095e+03
1.057226432711063580e+03
1.057591684031616978e+03
1.058342050458665199e+03
1.058846645475604873e+03
1.059173207581203087e+03
1.060023380650660556e+03
1.060392079125003193e+03
1.060617743819886073e+03
