5.884744781608866937e+00
5.888911691832860562e+00
5.903287034653300402e+00
5.920769479614479636e+00
5.927166682277707821e+00
5.940632338276286006e+00
5.944495668291638779e+00
5.966605978691229772e+00
5.983177513375494527e+00
5.991138326507276624e+00
6.010037538308622196e+00
6.021752832398473032e+00
6.036120461591023556e+00
6.086835705586176815e+00
6.111104924186321341e+00
6.112302868574586157e+00
6.144006423797478078e+00
6.151561748819331932e+00
6.160979389278080198e+00
6.194766222880984330e+00
6.214596596340446588e+00
6.227361325419020766e+00
6.277689787908190766e+00
6.287450426448923935e+00
6.308211451053471031e+00
6.331234597750017734e+00
6.343885002209677104e+00
6.355375288973519332e+00
6.362494497340000166e+00
6.393856984379630681e+00
6.396810076307869686e+00
6.403548732925447240e+00
6.412158708867452539e+00
6.423981587633423196e+00
6.437666377627546233e+00
6.465298769503748488e+00
6.473494701081650149e+00
6.479657021824998253e+00
6.479864478752864976e+00
6.480548537228283834e+00
6.492115907343150027e+00
6.498601018633549664e+00
6.510239731041896682e+00
6.517960795631693394e+00
6.523605211914209612e+00
6.544305234283742223e+00
6.557738115217957464e+00
6.567832661973816322e+00
