4.957427788841596339e+01
4.966149001107298488e+01
5.001883429938566650e+01
5.066866661621911305e+01
5.102242622699416330e+01
5.199737846585797030e+01
5.226839443770256821e+01
5.340834737397769061e+01
5.401565756109685879e+01
5.427369550644915108e+01
5.483985478258853874e+01
5.517301882973229255e+01
5.557594378148762360e+01
5.710131201575579496e+01
5.798718142667723896e+01
5.803458250174368516e+01
5.935688096269054626e+01
5.966587588139030629e+01
6.003389564095337505e+01
6.118936763960081748e+01
6.178140621009541178e+01
6.214539148168131533e+01
6.359371483246327017e+01
6.390448177714790035e+01
6.465165930776882419e+01
6.573820790939434744e+01
6.650549128081259198e+01
6.723163246701278695e+01
6.764343790721267169e+01
6.904070188935818919e+01
6.914890520351534065e+01
6.938722036655077829e+01
6.967829499245972613e+01
7.006236918227560295e+01
7.049786023097028931e+01
7.141399529568509763e+01
7.171534796363188491e+01
7.195857564263893380e+01
7.196707071763182739e+01
7.199523859332960285e+01
7.251522528842043869e+01
7.285234354487207042e+01
7.354401421077190548e+01
7.400855354243107342e+01
7.430900536537529888e+01
7.509098152604050824e+01
7.543032824407322323e+01
7.563822799658910867e+01
