1.234265233644112669e+01
1.234676381463210326e+01
1.235918316594809063e+01
1.236811766253564038e+01
1.236847914807128923e+01
1.236591307915614379e+01
1.236631737503957673e+01
1.238124296293243454e+01
1.239838673412514147e+01
1.240718038324094863e+01
1.242838433972718803e+01
1.244134529547664414e+01
1.245666962135054412e+01
1.250054340414985887e+01
1.251257104771510953e+01
1.251299659196993197e+01
1.252261408040972057e+01
1.252579671493157143e+01
1.253087251874519303e+01
1.255857631789661610e+01
1.257954486726832677e+01
1.259400072216319977e+01
1.265189446769768544e+01
1.266221600968381900e+01
1.268130800225467958e+01
1.269416533727266483e+01
1.269628580215110780e+01
1.269821527577548181e+01
1.270108622589387615e+01
1.272868052369346969e+01
1.273205403615571818e+01
1.274001313497603149e+01
1.275057001175839844e+01
1.276545929196135631e+01
1.278277913177348601e+01
1.281556542919014774e+01
1.282394332515211843e+01
1.282952470206203976e+01
1.282969947558859758e+01
1.283026907630077673e+01
1.283803513267431384e+01
1.284042327777264880e+01
1.284074000806058891e+01
1.284020339480307626e+01
1.284114709753706940e+01
1.285676950523231810e+01
1.287353669568642367e+01
1.288803898790076552e+01
