3.347053771258215420e+02
3.348023668252713492e+02
3.351997841239863760e+02
3.359225086571637462e+02
3.363159529847638964e+02
3.374002818889484843e+02
3.377017047974064781e+02
3.389695708679354311e+02
3.396450356485850079e+02
3.399320331761142029e+02
3.405617356830074414e+02
3.409322946587161027e+02
3.413804466958371222e+02
3.430770535868436468e+02
3.440623860150865312e+02
3.441151094533415744e+02
3.455858918695100215e+02
3.459295875657052761e+02
3.463389381168809678e+02
3.476241863647995842e+02
3.482827256097160102e+02
3.486875976669288661e+02
3.502986277953370404e+02
3.506443095357726634e+02
3.514754362619445374e+02
3.526840733064445317e+02
3.535375786961874383e+02
3.543453245072059303e+02
3.548034115691613124e+02
3.563577127038963113e+02
3.564780754259631976e+02
3.567431690842496437e+02
3.570669444489360558e+02
3.574941516286745582e+02
3.579785167457363286e+02
3.589972763926565449e+02
3.593323079218551470e+02
3.596026844020580597e+02
3.596121271139599003e+02
3.596434368704802296e+02
3.602213444884192199e+02
3.605959340035679475e+02
3.613642992008040551e+02
3.618802130960477257e+02
3.622138258666427646e+02
3.630816813413660498e+02
3.634579336847989453e+02
3.636882537290453570e+02
