1.037038356142365956e+02
1.037334216293261591e+02
1.038625390244068569e+02
1.041207129541570566e+02
1.042688506194568276e+02
1.046865595969463811e+02
1.048028452579106471e+02
1.052865559876608330e+02
1.055412022802037626e+02
1.056492255660761117e+02
1.058869153479601408e+02
1.060278203498889553e+02
1.061999545167907257e+02
1.068809168147597859e+02
1.073069171136108224e+02
1.073304459762275656e+02
1.080154081587187562e+02
1.081823073981465058e+02
1.083835127703704728e+02
1.090252918655998826e+02
1.093562007677696357e+02
1.095596717195661967e+02
1.103723848167091433e+02
1.105487015002894537e+02
1.109776153865048514e+02
1.116149183701284215e+02
1.120718918132529041e+02
1.125055438055646420e+02
1.127506751391656650e+02
1.135734570237077463e+02
1.136366096348002515e+02
1.137755016567217581e+02
1.139448612559279894e+02
1.141680964940855176e+02
1.144212892533594044e+02
1.149559742926352186e+02
1.151328024295159480e+02
1.152759202918120707e+02
1.152809253636285405e+02
1.152975242407212448e+02
1.156047897055670290e+02
1.158048051212947342e+02
1.162168321297497755e+02
1.164944627160134871e+02
1.166742366149608472e+02
1.171419506492505747e+02
1.173443064450549400e+02
1.174678998218456059e+02
