1.958090548019449173e+01
1.958587463411864960e+01
1.959924546507771126e+01
1.960202492149833375e+01
1.959644765152049217e+01
1.957554895002856199e+01
1.957153118489443244e+01
1.957561757411341574e+01
1.959234649028230990e+01
1.960183780195649206e+01
1.962566616224861349e+01
1.964043806592816566e+01
1.965773195212267055e+01
1.970068362530255968e+01
1.970430124029087793e+01
1.970415068760177491e+01
1.969649111799563101e+01
1.969622241182229061e+01
1.969796112680580435e+01
1.972221768744973502e+01
1.974545302471290853e+01
1.976223325807398368e+01
1.982962870925076970e+01
1.984075360301476465e+01
1.985840286653500186e+01
1.986036905701187649e+01
1.985068584886012388e+01
1.984138511150100470e+01
1.983892669409619813e+01
1.985891291254410262e+01
1.986242317468616747e+01
1.987099405370076965e+01
1.988278882632982558e+01
1.989987479671416892e+01
1.991994214782123152e+01
1.995636722620739079e+01
1.996453037230107341e+01
1.996924633114316450e+01
1.996937906179859112e+01
1.996980344987289513e+01
1.997327898340552466e+01
1.997133721986316246e+01
1.996010160687657731e+01
1.995139038373707763e+01
1.994781865195981752e+01
1.995948565087960702e+01
1.998043709766438880e+01
1.999999929589863257e+01
