2.804901459571410669e+02
2.804824276841595179e+02
2.804493641277384199e+02
2.803852939591970994e+02
2.803493386865491175e+02
2.802498365350897984e+02
2.802224569013112614e+02
2.801093474322690327e+02
2.800501905352933818e+02
2.800251952179268073e+02
2.799704886581321830e+02
2.799382992561471042e+02
2.798992746624371648e+02
2.797486315575906133e+02
2.796571885392084482e+02
2.796521867783951620e+02
2.795081330475406958e+02
2.794733758681559834e+02
2.794316065808350231e+02
2.792992019776507391e+02
2.792313613420246838e+02
2.791897662469876877e+02
2.790241089697751704e+02
2.789881783016689951e+02
2.789006572805270707e+02
2.787702961993040276e+02
2.786767625358864962e+02
2.785881673937903997e+02
2.785382162334628902e+02
2.783713512060633093e+02
2.783585856223688779e+02
2.783305228637167943e+02
2.782963202584710416e+02
2.782512456255414577e+02
2.782001035852474047e+02
2.780919066579076571e+02
2.780560401459843547e+02
2.780269759040145345e+02
2.780259588943376912e+02
2.780225857836050523e+02
2.779600656402129744e+02
2.779192867451157554e+02
2.778350888833703607e+02
2.777782207154714911e+02
2.777413494038156614e+02
2.776453266238733022e+02
2.776037944406069187e+02
2.775784536126579951e+02
