4.217032565295048698e+02
4.217236817748458293e+02
4.218104278944111911e+02
4.219769555299907893e+02
4.220703173463825237e+02
4.223305841907716740e+02
4.224029227062754899e+02
4.227055150833351718e+02
4.228660302051613940e+02
4.229342612437669686e+02
4.230843483267786382e+02
4.231730893741640784e+02
4.232810359059409393e+02
4.236999602267960086e+02
4.239544163613552996e+02
4.239683149414655077e+02
4.243676316356043685e+02
4.244638160912437570e+02
4.245794403452920278e+02
4.249471280217718459e+02
4.251366604975658561e+02
4.252532876541886253e+02
4.257195475981087043e+02
4.258206550844769254e+02
4.260663091483446010e+02
4.264304310021825586e+02
4.266911612868424299e+02
4.269387228810054467e+02
4.270788600627121241e+02
4.275508723470496761e+02
4.275872129300987581e+02
4.276671871967295147e+02
4.277647895998576928e+02
4.278935596813387292e+02
4.280397318262279214e+02
4.283486291399377706e+02
4.284508075124231823e+02
4.285335074865903380e+02
4.285363996444354484e+02
4.285459912359686427e+02
4.287235461686793201e+02
4.288391365781347417e+02
4.290773301812876070e+02
4.292379436004920308e+02
4.293420206404807686e+02
4.296131861942557748e+02
4.297307321584572151e+02
4.298026095042452539e+02
