7.852366311085647865e+00
7.854535093311064919e+00
7.860640192170606610e+00
7.863171189966350560e+00
7.861724401791859940e+00
7.855506671133365870e+00
7.854477926311082214e+00
7.858394401105730509e+00
7.866176144660713909e+00
7.870406461275434751e+00
7.880827981053172948e+00
7.887222431440553905e+00
7.894692497424498967e+00
7.913698587105270299e+00
7.916096877818429967e+00
7.916086761849389752e+00
7.914423637431262648e+00
7.914647403151336746e+00
7.915739019885869254e+00
7.926675048586427685e+00
7.936573458942689285e+00
7.943639333218412091e+00
7.971807721574943884e+00
7.976468343641776038e+00
7.983959597215295467e+00
7.985200744158897912e+00
7.981550265796813370e+00
7.977987369104562632e+00
7.977075481578948413e+00
7.985228381797806918e+00
7.986638763594638313e+00
7.990077269448525144e+00
7.994800136803705826e+00
8.001627040088022724e+00
8.009623736579300157e+00
8.024044650235380161e+00
8.027234417716169190e+00
8.029050687439118761e+00
8.029101188902469488e+00
8.029262286997177256e+00
8.030475733739065092e+00
8.029570176907268930e+00
8.024794000171938890e+00
8.021124027875785600e+00
8.019585638424466367e+00
8.024044152252542972e+00
8.032386684637964791e+00
8.040209014752996097e+00
