9.431207752184127457e+01
9.437113077264523042e+01
9.461326288840457721e+01
9.505389915907147724e+01
9.529380699350802786e+01
9.595492766822140140e+01
9.613869932771920901e+01
9.691159509069511557e+01
9.732309440613340712e+01
9.749782676809226700e+01
9.788093385027882221e+01
9.810621075044188899e+01
9.837853878332452950e+01
9.941019472901302834e+01
1.000118704255407636e+02
1.000441448823683288e+02
1.009475825747851587e+02
1.011593442712892141e+02
1.014116892918446950e+02
1.022036484013769808e+02
1.026086688527321655e+02
1.028573741636574397e+02
1.038460030006823303e+02
1.040582664825395938e+02
1.045692683515012931e+02
1.053140031232956915e+02
1.058402027696629659e+02
1.063372575552640740e+02
1.066183585677744929e+02
1.075662388204712272e+02
1.076392488859318490e+02
1.077998746435418269e+02
1.079957619005166691e+02
1.082538256139749535e+02
1.085460511995707407e+02
1.091604957637570834e+02
1.093627863455843965e+02
1.095261883653286077e+02
1.095318977752926770e+02
1.095508301697859110e+02
1.099006732456028743e+02
1.101278397008654366e+02
1.105946584706964444e+02
1.109085109889551433e+02
1.111115153736518693e+02
1.116393827437662765e+02
1.118680556874419665e+02
1.120079998352617423e+02
