2.075258573172796162e+01
2.075465941286676141e+01
2.075563391166718219e+01
2.073417037140600172e+01
2.071478664591818131e+01
2.065501944503214560e+01
2.064021037537116143e+01
2.059987661562134420e+01
2.059366054689377634e+01
2.059351268824694259e+01
2.059628759747081617e+01
2.059864909905974173e+01
2.060081762746205669e+01
2.058400766393826231e+01
2.055051303856435396e+01
2.054832852989232350e+01
2.048253114103183137e+01
2.046843862194753072e+01
2.045368172014238795e+01
2.042628995643715939e+01
2.042322056721913626e+01
2.042384525442130183e+01
2.042622182408939580e+01
2.042306575070186625e+01
2.040567492564397867e+01
2.035487038221986467e+01
2.030696053048828276e+01
2.026123299203590378e+01
2.023817983811971644e+01
2.018945968272945279e+01
2.018773695281240066e+01
2.018481961519861656e+01
2.018263970209449099e+01
2.018134288888079197e+01
2.018056620967407255e+01
2.017266763701936227e+01
2.016598488391402455e+01
2.015859121241776819e+01
2.015829882017986918e+01
2.015731251748363206e+01
2.013444531094300416e+01
2.011512615233770518e+01
2.006764576485757345e+01
2.003436675843071058e+01
2.001494442128668538e+01
1.998622347918571407e+01
1.999039001395738424e+01
1.999999925849069626e+01
