1.482532079003728143e+01
1.482371456564384182e+01
1.481155418299023196e+01
1.477214885642910502e+01
1.474492130221362629e+01
1.466481838076709465e+01
1.464378579777505429e+01
1.457114000290624567e+01
1.454352735955789200e+01
1.453361134319581005e+01
1.451410530163278345e+01
1.450314209057490444e+01
1.448934834177605779e+01
1.441805013868766849e+01
1.435815717129404057e+01
1.435463093793094913e+01
1.425093553265268831e+01
1.422709814891627822e+01
1.419990662500968881e+01
1.412645305765979842e+01
1.409582757781498152e+01
1.407855949019315389e+01
1.400830922486788310e+01
1.399035279768708406e+01
1.393983795514200352e+01
1.384733992644023992e+01
1.377287479660376412e+01
1.370173715095105571e+01
1.366329590540894756e+01
1.355319545119828106e+01
1.354608908420478208e+01
1.353104140009928358e+01
1.351360749041242570e+01
1.349165517029263484e+01
1.346714310049968688e+01
1.341060162097174668e+01
1.338889915777177464e+01
1.336987202322135815e+01
1.336918164482450777e+01
1.336687978456502357e+01
1.332084523902561557e+01
1.328754843558040655e+01
1.321291872191654626e+01
1.316117759418697730e+01
1.312890977861936292e+01
1.305926269586194977e+01
1.304030015383916741e+01
1.303352541882642157e+01
