5.634817342863577494e+00
5.631470769457489034e+00
5.614788965050045100e+00
5.574969551828934833e+00
5.549923615850197223e+00
5.476829618257743171e+00
5.456847421656979336e+00
5.380752303106472567e+00
5.346752122803826168e+00
5.333629585527654093e+00
5.307101594188256222e+00
5.292591380458680383e+00
5.275696764421380358e+00
5.211475523284264000e+00
5.170525057221102117e+00
5.168252951754122471e+00
5.103995899808683845e+00
5.089449486464233452e+00
5.072791307104027148e+00
5.027301660309839271e+00
5.008662784521058953e+00
4.998701895351176816e+00
4.966785439091757404e+00
4.960705374263245204e+00
4.945928401130694319e+00
4.922988008328561982e+00
4.906420903027604474e+00
4.892064103699116373e+00
4.885130540755612039e+00
4.871430178909588626e+00
4.871056764344045220e+00
4.870557682346147388e+00
4.870501674270414583e+00
4.871205563107133152e+00
4.872757928360448076e+00
4.876701786700238017e+00
4.877677833729103796e+00
4.878217759170680345e+00
4.878232080018227279e+00
4.878277276865341960e+00
4.878455965702316099e+00
4.877926538365875864e+00
4.875823567933135649e+00
4.874545736723574940e+00
4.874335235062940086e+00
4.879051300376502809e+00
4.884933878262460283e+00
4.890137938650840788e+00
