7.515195298863000062e+01
7.504860038942443623e+01
7.454973820582038968e+01
7.344045665718047644e+01
7.278563665694052531e+01
7.099212248775708645e+01
7.051849412450437171e+01
6.868779392094505454e+01
6.780663544497451767e+01
6.744779486076637909e+01
6.668733323614890196e+01
6.625491525516682145e+01
6.574511450762652487e+01
6.392185185903757372e+01
6.291533857720779110e+01
6.286208876479823005e+01
6.139639851180638175e+01
6.106207298650819126e+01
6.067129820466915646e+01
5.952837849739957221e+01
5.901078126482488528e+01
5.871883193016643787e+01
5.773818868252572400e+01
5.755801932063649673e+01
5.715565825937103739e+01
5.663926170467910026e+01
5.633140067627784475e+01
5.609419975586397555e+01
5.598477484592233822e+01
5.573314660360729533e+01
5.571983067916500687e+01
5.569287601001589394e+01
5.566399267258042016e+01
5.563203173616605568e+01
5.560390284278356177e+01
5.557627063393663036e+01
5.557840602393952878e+01
5.558479815432797722e+01
5.558509950659315280e+01
5.558613697285181132e+01
5.561593321304421522e+01
5.564586398330643391e+01
5.573008418837269318e+01
5.579967024242187534e+01
5.584837106712873833e+01
5.598528721172614553e+01
5.605107713949263371e+01
5.609493949651014333e+01
