1.687074154615402222e+02
1.681120247810112573e+02
1.628699438548435694e+02
1.598886307964542652e+02
1.597200135600659507e+02
1.586397466307136881e+02
1.550893929849820267e+02
1.501499449407463658e+02
1.489371062797860077e+02
1.407770107028549091e+02
1.393076860185279315e+02
1.366671260519739519e+02
1.336971669484535710e+02
1.244777147352845788e+02
1.195446404524029447e+02
1.175578428552404660e+02
1.108059668046384303e+02
1.064739659456297716e+02
1.034654983160275208e+02
9.956319037113733827e+01
9.520885065291498961e+01
9.140592514554559500e+01
8.544950350764165137e+01
8.444329711056917631e+01
8.162844676025999036e+01
7.762877836911644636e+01
7.512928490596873132e+01
7.362055748258499932e+01
7.324578489320805375e+01
6.948162898660837072e+01
6.907753016805594370e+01
6.584209060216899445e+01
6.312718408533064007e+01
5.680021834112027790e+01
5.351203071124628963e+01
5.346417568793152242e+01
5.323507529487206114e+01
5.312215173663883405e+01
5.309760959040345796e+01
5.208976949969193271e+01
5.166863975837131306e+01
5.165564675884102996e+01
5.152293117341661599e+01
