2.639354897503253596e+02
2.638907793169877891e+02
2.636908903318897615e+02
2.632789180035895242e+02
2.630391665869394160e+02
2.623575833202619378e+02
2.621666633365947519e+02
2.613652931466240261e+02
2.609378449577240531e+02
2.607553027034413731e+02
2.603511040630507409e+02
2.601097625881199065e+02
2.598129314575637068e+02
2.586062567692441121e+02
2.578126917029132983e+02
2.577678389751824852e+02
2.564174589757737976e+02
2.560769800252231789e+02
2.556618530823364210e+02
2.543122261764229961e+02
2.536049485964059897e+02
2.531664173926384365e+02
2.513754437974603491e+02
2.509754848532128335e+02
2.499813548369907892e+02
2.484495113443422554e+02
2.473189326181988861e+02
2.462310361695064955e+02
2.456127587516596691e+02
2.435332131184048308e+02
2.433734204009742825e+02
2.430217168054759043e+02
2.425921078509384472e+02
2.420238526698142323e+02
2.413752751168291866e+02
2.399842472420089337e+02
2.395161551571478071e+02
2.391340139209032714e+02
2.391205955170343032e+02
2.390760681233166167e+02
2.382444800340783786e+02
2.376958293417260109e+02
2.365491500187537213e+02
2.357661292185802893e+02
2.352557845663543503e+02
2.339209450510276440e+02
2.333424232456209779e+02
2.329893662340940068e+02
