1.274836792911478511e+01
1.275246218480263138e+01
1.276468534722567583e+01
1.277288427389755654e+01
1.277272681316516412e+01
1.276867601813272302e+01
1.276871156518332739e+01
1.278249965781010111e+01
1.279930270742928933e+01
1.280799027465016238e+01
1.282899963934278631e+01
1.284184629669087307e+01
1.285700647747222902e+01
1.289969464244192743e+01
1.291057203604246517e+01
1.291092946508013739e+01
1.291862651865635669e+01
1.292140979591249739e+01
1.292606229131008888e+01
1.295288749063808531e+01
1.297365509490623481e+01
1.298804276162490012e+01
1.304565954630857405e+01
1.305584117259611254e+01
1.307438279001417136e+01
1.308587788887275671e+01
1.308675882830321768e+01
1.308748222230950020e+01
1.308971704197158203e+01
1.311569780734759583e+01
1.311898474769474277e+01
1.312676949278548300e+01
1.313713888114850903e+01
1.315180885555620627e+01
1.316888948167582285e+01
1.320103502766743553e+01
1.320911808218837891e+01
1.321442115440360965e+01
1.321458552306368084e+01
1.321512028787921089e+01
1.322215075332622725e+01
1.322397388679619112e+01
1.322298412361784159e+01
1.322155386145669453e+01
1.322196856875199344e+01
1.323668469119398061e+01
1.325340996731678267e+01
1.326803430952031526e+01
