3.271706558763980865e+00
3.295656040854534563e+00
3.527357601646660346e+00
3.668527715306640680e+00
3.676414922753890036e+00
3.726269571186760388e+00
3.878512515405159178e+00
4.058201758236739565e+00
4.097610823184726137e+00
4.332364928568713580e+00
4.370838784869397031e+00
4.438219128822197490e+00
4.512013708071244800e+00
4.735069846913873448e+00
4.854406085567066320e+00
4.902952603468500925e+00
5.071169040900780800e+00
5.182472761270339845e+00
5.261726532491202590e+00
5.367490890836093875e+00
5.490650347105296980e+00
5.604317214200453812e+00
5.799505850014393893e+00
5.835269960614186679e+00
5.940870066640031588e+00
6.107785326272845872e+00
6.223846898993593335e+00
6.298596962627737383e+00
6.317720583288552127e+00
6.522294275636559391e+00
6.545664740432086681e+00
6.744417460142619447e+00
6.931874348427015775e+00
7.499390047009256932e+00
7.685177994368384446e+00
7.683801095838641793e+00
7.675003714996927684e+00
7.669250290559080696e+00
7.667868803754151585e+00
7.559500618675468075e+00
7.474180678075511786e+00
7.471101517768750533e+00
7.438151756952718685e+00
