1.156706268791022012e+02
1.157581701908273288e+02
1.161168722462047498e+02
1.167691767713639308e+02
1.171242839279649530e+02
1.181029562069173693e+02
1.183750078624390056e+02
1.195193243690310538e+02
1.201289638798311756e+02
1.203879924695322927e+02
1.209563272475862874e+02
1.212907727184314552e+02
1.216952485940061450e+02
1.232264995872686910e+02
1.241157933845535126e+02
1.241633778483306116e+02
1.254907981797766041e+02
1.258009915946019817e+02
1.261704395540059096e+02
1.273304009348222934e+02
1.279247427517608031e+02
1.282901450129457430e+02
1.297441133180366251e+02
1.300560928051537530e+02
1.308061874669117799e+02
1.318969826565021037e+02
1.326672678460058705e+02
1.333962519722568345e+02
1.338096705197901031e+02
1.352124120561670964e+02
1.353210398146826776e+02
1.355602899337892495e+02
1.358525067342806381e+02
1.362380884027966204e+02
1.366752892226453753e+02
1.375950226323623156e+02
1.378975593665144572e+02
1.381417428807698968e+02
1.381502713417843893e+02
1.381785499208179431e+02
1.387005805489524732e+02
1.390390242429587317e+02
1.397334150147329979e+02
1.401997816635027903e+02
1.405014155192401972e+02
1.412864688345944160e+02
1.416271512966816317e+02
1.418358694935525364e+02
