6.806595635473786388e+01
6.806904995431830230e+01
6.806499627102498096e+01
6.800217969494380554e+01
6.794588127891421436e+01
6.774245847509936880e+01
6.767821291899811342e+01
6.739182911758820183e+01
6.723365981151955850e+01
6.716569014996774456e+01
6.701498092436810339e+01
6.692522885696629942e+01
6.681558678097577797e+01
6.639155256684612993e+01
6.614439363619685253e+01
6.613131649627908359e+01
6.578104351533860950e+01
6.570503570506087954e+01
6.561836295725338175e+01
6.537763365138553695e+01
6.527409092738407992e+01
6.521706449429289876e+01
6.503655104705531187e+01
6.500682645738608301e+01
6.494786704525103005e+01
6.489420937981535076e+01
6.487960475675291150e+01
6.488257653938872238e+01
6.489069213192315999e+01
6.494488538442335823e+01
6.495045917087193743e+01
6.496333839414420197e+01
6.498018503796855327e+01
6.500434134202488679e+01
6.503460386892051304e+01
6.511009649928841725e+01
6.513897352582321787e+01
6.516386155025229243e+01
6.516475661386620288e+01
6.516773695039005077e+01
6.522616547231906736e+01
6.526736429037300979e+01
6.535889207667004541e+01
6.542442215002634498e+01
6.546800191187838891e+01
6.558438951266997208e+01
6.563617508102620945e+01
6.566845618363286974e+01
