1.818875469020447389e+00
1.818793544502701698e+00
1.818817167935566026e+00
1.818858968979647051e+00
1.818790077500515467e+00
1.818808740438303762e+00
1.818860858436352812e+00
1.818796613556358244e+00
1.818802814850794425e+00
1.818867774035773044e+00
1.818810650639347770e+00
1.818807745270293763e+00
1.818884136949415531e+00
1.818833514419710085e+00
1.818827624150892275e+00
1.818915800008139794e+00
1.818860459911635807e+00
1.818868706117972245e+00
1.818959708116223872e+00
1.818826036398155876e+00
1.820109360948426014e+00
