1.546099430141912308e+02
1.546099429295857988e+02
1.546099439233406088e+02
1.546099483779495074e+02
1.546099508199511092e+02
1.546099538077998261e+02
1.546099534115821825e+02
1.546099464326636905e+02
1.546099397776407045e+02
1.546099364028333980e+02
1.546099278882998647e+02
1.546099221902933039e+02
1.546099146867144896e+02
1.546098833521636209e+02
1.546098672083822976e+02
1.546098664586075415e+02
1.546098509313632121e+02
1.546098486041543083e+02
1.546098462568721459e+02
1.546098406006337882e+02
1.546098384765716673e+02
1.546098375992649210e+02
1.546098399609083742e+02
1.546098419527004921e+02
1.546098486331295021e+02
1.546098614049735147e+02
1.546098716641285193e+02
1.546098826306340470e+02
1.546098896982930171e+02
1.546099194505638081e+02
1.546099220925472650e+02
1.546099280370270037e+02
1.546099354947641586e+02
1.546099455929603721e+02
1.546099573349215746e+02
1.546099833952586096e+02
1.546099926466110048e+02
1.546100004739255098e+02
1.546100007538068155e+02
1.546100016850459724e+02
1.546100198383236659e+02
1.546100326246620966e+02
1.546100610889996005e+02
1.546100813102089830e+02
1.546100945662492165e+02
1.546101293216342469e+02
1.546101451212448410e+02
1.546101554866174297e+02
