2.288244001567363739e+00
2.293150593574627472e+00
2.288568084342422093e+00
2.280318518766426994e+00
2.280199541580667955e+00
2.280427468563745563e+00
2.290507655567965095e+00
2.311586877877645829e+00
2.316071627615622575e+00
2.333953539015811263e+00
2.335407989772668724e+00
2.337380583074590401e+00
2.339294855627744418e+00
2.351511456924494592e+00
2.365927831051813257e+00
2.373518277007214294e+00
2.405036869348350592e+00
2.426748443396788968e+00
2.440442910381129593e+00
2.454402210579377019e+00
2.462698230907782282e+00
2.462810077372894035e+00
2.453119402013435479e+00
2.451246366164831603e+00
2.448106224386252361e+00
2.456757147237198513e+00
2.476419217953860663e+00
2.495414115293294266e+00
2.501029934574209523e+00
2.576829894807465493e+00
2.586894369018363893e+00
2.678144219311378471e+00
2.767256577724154010e+00
3.067224724057990848e+00
3.404453044677292262e+00
3.410157833077113843e+00
3.437634741804491689e+00
3.451290050796339326e+00
3.454268571651007758e+00
3.580359114452485336e+00
3.633851379920378655e+00
3.635471508042308120e+00
3.651827640260219887e+00
