5.208859614780958047e+00
5.210956180641602487e+00
5.217654733651276189e+00
5.223936881539622767e+00
5.225353581571707373e+00
5.227234203019619940e+00
5.228064754184289953e+00
5.236189391881284294e+00
5.243700197833542020e+00
5.247371583930728001e+00
5.255897351608392221e+00
5.260901418386515260e+00
5.266591245576708324e+00
5.280108758620816189e+00
5.280889184554021121e+00
5.280812260771101663e+00
5.276710993131925598e+00
5.275885740444318017e+00
5.275326419520497190e+00
5.277764745020962600e+00
5.281466455891224321e+00
5.284282305239264232e+00
5.294887208890555641e+00
5.296146452070000343e+00
5.296617212019120835e+00
5.290744101038669100e+00
5.283533241753286980e+00
5.276615015646179963e+00
5.273422311592161904e+00
5.270050201347076246e+00
5.270306965951023770e+00
5.271093906546688856e+00
5.272404406023256662e+00
5.274532963699302357e+00
5.277123486753430015e+00
5.281007065717560067e+00
5.281260945382068250e+00
5.280964655940707964e+00
5.280945748688400165e+00
5.280878849215211446e+00
5.278476805189281862e+00
5.275794900382907215e+00
5.268335919176591275e+00
5.262989510220172917e+00
5.260065502524336800e+00
5.257961699303549175e+00
5.261236316108117705e+00
5.265017877646315014e+00
