1.353856807448035937e+01
1.353627482558031581e+01
1.352166792237971471e+01
1.347890751575367752e+01
1.345018166797249393e+01
1.336600131314679096e+01
1.334367422945187975e+01
1.326422495374558785e+01
1.323213623052380150e+01
1.322019628452940410e+01
1.319613156736823179e+01
1.318248743100689069e+01
1.316553610882056091e+01
1.308410613819046375e+01
1.301984191708591254e+01
1.301610450844918709e+01
1.290671702279151845e+01
1.288144461726622758e+01
1.285241266901582158e+01
1.277205403071761403e+01
1.273730982414315172e+01
1.271741207733461287e+01
1.263731897475449095e+01
1.261762691649026458e+01
1.256377539779038699e+01
1.246855606997450749e+01
1.239326247839943207e+01
1.232159386013568358e+01
1.228276464820427627e+01
1.217001601059380356e+01
1.216261172502081678e+01
1.214687247888325317e+01
1.212854478614276843e+01
1.210537975897542395e+01
1.207954268249631902e+01
1.202093621103174392e+01
1.199890501573661439e+01
1.197976931725591498e+01
1.197907776976990668e+01
1.197677331106750920e+01
1.193104052327042552e+01
1.189827084275032121e+01
1.182529067891627150e+01
1.177476094074126323e+01
1.174313223590018929e+01
1.167364825881789514e+01
1.165361775289995983e+01
1.164570713125963763e+01
