1.205381728240288375e+01
1.206189847345677357e+01
1.211318491793004348e+01
1.212208095300337618e+01
1.212213736678230980e+01
1.212152628806467369e+01
1.211085635916651526e+01
1.208733091572537255e+01
1.208150281843867724e+01
1.204961038332999124e+01
1.204557657049693198e+01
1.203973487541402676e+01
1.203530986040500217e+01
1.203495844438991469e+01
1.204151533377463679e+01
1.204501881734994306e+01
1.205803370332271385e+01
1.206473893153457233e+01
1.206720335383805320e+01
1.206623269426995471e+01
1.205762528145269741e+01
1.204191077894755857e+01
1.199898566658830568e+01
1.198940236332914644e+01
1.195927303371279571e+01
1.191055245139879304e+01
1.188013524568012258e+01
1.186357196437156958e+01
1.185980242473004154e+01
1.183298579447317422e+01
1.183151891841082382e+01
1.183039583374544534e+01
1.184179914674711043e+01
1.182381551558801469e+01
1.151107353707445569e+01
1.150486187545757488e+01
1.147570218641875073e+01
1.146180424330764502e+01
1.145883602792073930e+01
1.136660932335082386e+01
1.135745159901600942e+01
1.135755155120242144e+01
1.135993783001597457e+01
