1.521201728372368962e+03
1.520895259415831561e+03
1.519589088211570015e+03
1.517071378857281616e+03
1.515658428571353170e+03
1.511724508562840356e+03
1.510633027225218029e+03
1.506074258299683379e+03
1.503658280929131934e+03
1.502631420056954312e+03
1.500372559467761448e+03
1.499036783764389838e+03
1.497411528566903144e+03
1.491093390690400611e+03
1.487238876219874783e+03
1.487027840890582183e+03
1.480942534400378463e+03
1.479471234047097823e+03
1.477700521123065073e+03
1.472059936083508774e+03
1.469148377292098075e+03
1.467355083379180996e+03
1.460158646706680429e+03
1.458589195514554604e+03
1.454758803873153283e+03
1.449037559893732123e+03
1.444916533388482321e+03
1.440993360124706669e+03
1.438770510470338877e+03
1.431278944482567340e+03
1.430701669630115930e+03
1.429430745702561808e+03
1.427878436814860606e+03
1.425827630575568037e+03
1.423494629860963414e+03
1.418540988871903437e+03
1.416894162629754646e+03
1.415558030543156292e+03
1.415511250516438849e+03
1.415356082793519590e+03
1.412476512638053237e+03
1.410594636499566832e+03
1.406699668426605740e+03
1.404061555111616372e+03
1.402347685813858789e+03
1.397869530863987848e+03
1.395924246034175212e+03
1.394734058122004399e+03
