1.607260416835953265e+01
1.607842102889005531e+01
1.609593558008386793e+01
1.610799754769319136e+01
1.610780253999384115e+01
1.610041920241045688e+01
1.609947114268861768e+01
1.611248934100603591e+01
1.613191034848750505e+01
1.614233997812335275e+01
1.616824322640882983e+01
1.618447908955115722e+01
1.620401820072826737e+01
1.626251581728278239e+01
1.628011202623277498e+01
1.628077201279717201e+01
1.629563471344769710e+01
1.630004838104504472e+01
1.630680377044964402e+01
1.634211045200700241e+01
1.636841639253806235e+01
1.638648648800612406e+01
1.645839952189766109e+01
1.647107193674845860e+01
1.649409282721308045e+01
1.650799509319959668e+01
1.650835851342534255e+01
1.650808411730814029e+01
1.650997542945615493e+01
1.653831739839982973e+01
1.654206182449195239e+01
1.655098492031072865e+01
1.656296350104104320e+01
1.658004477840341551e+01
1.660008758838871046e+01
1.663822236153977840e+01
1.664793033764861718e+01
1.665435462638563280e+01
1.665455484593318047e+01
1.665520684890628189e+01
1.666394680019174146e+01
1.666644661949775497e+01
1.666619801206327978e+01
1.666536473272168095e+01
1.666655941351688597e+01
1.668659946226462765e+01
1.670800987785160885e+01
1.672648824989095928e+01
