2.796197475662054899e+00
2.796117099796195049e+00
2.796195590024401767e+00
2.796298558380422072e+00
2.796227891778966690e+00
2.796288411536620444e+00
2.796397068583347245e+00
2.796323706240983142e+00
2.796355692537250359e+00
2.796475276184860359e+00
2.796404684161502452e+00
2.796415178195984286e+00
2.796545553532952422e+00
2.796478889522696853e+00
2.796479440370280845e+00
2.796623270051247001e+00
2.796545365316328802e+00
2.796564310894894767e+00
2.796709782726416460e+00
2.796509389868069739e+00
2.798487003662818218e+00
