1.369214573223143816e+01
1.369844601384797933e+01
1.374342483960673178e+01
1.377800338717637096e+01
1.378018416166035287e+01
1.379429872010240032e+01
1.383571315018366832e+01
1.386071592158424792e+01
1.386013800046155353e+01
1.380056863913969067e+01
1.378194776369708308e+01
1.374439878791085512e+01
1.369745686990811606e+01
1.353966839809893230e+01
1.345981288041959623e+01
1.343033735199560930e+01
1.334532340764271474e+01
1.330365826908528248e+01
1.327992238840877448e+01
1.325398956730581723e+01
1.322938494572116319e+01
1.321044237580084157e+01
1.318891907883122805e+01
1.318745984697664930e+01
1.319026271784712101e+01
1.322455981420426951e+01
1.327624182887803705e+01
1.332299096759495072e+01
1.333665451322556628e+01
1.352290748932951203e+01
1.354832261829848328e+01
1.378950672837783387e+01
1.404569980836683918e+01
1.500035569098520050e+01
1.602900729709835304e+01
1.604612425423930233e+01
1.612864663750125871e+01
1.616971977383560954e+01
1.617868523325860508e+01
1.656182175469509232e+01
1.672826999442334994e+01
1.673337383849949944e+01
1.678516048943981787e+01
