1.447122089507912612e+01
1.447569160316262327e+01
1.448882463718306468e+01
1.449672279355985438e+01
1.449575313279675726e+01
1.448893087744943564e+01
1.448834999699695736e+01
1.450142474804492032e+01
1.451916945276547821e+01
1.452847797183508227e+01
1.455113808612271953e+01
1.456503695952162403e+01
1.458143255412898043e+01
1.462689869761114281e+01
1.463751957012800986e+01
1.463783217661631575e+01
1.464391551714006212e+01
1.464643635497718677e+01
1.465094760542993946e+01
1.467892425377463006e+01
1.470121003583419217e+01
1.471674814444400958e+01
1.477902477935745473e+01
1.478992547911719768e+01
1.480942192518123868e+01
1.482029180383455191e+01
1.481980480191794847e+01
1.481925166379912007e+01
1.482102113454835290e+01
1.484796325601718792e+01
1.485150020476690536e+01
1.485991094776442800e+01
1.487116447425271204e+01
1.488714004942425895e+01
1.490576936604465885e+01
1.494068968002912534e+01
1.494935712237295533e+01
1.495496958978623958e+01
1.495514198805522099e+01
1.495570201156744794e+01
1.496281944194704927e+01
1.496433299492524327e+01
1.496207140228558252e+01
1.495967943650898313e+01
1.495964845648283159e+01
1.497501636918346613e+01
1.499340161327445564e+01
1.500962673417601145e+01
