7.992587427731020711e+00
7.994574298195900042e+00
7.999866749322020354e+00
8.000703780434129442e+00
7.998256353425917453e+00
7.989168380412494663e+00
7.987340501508705337e+00
7.988001538218878927e+00
7.994127953992317792e+00
7.997666142614723306e+00
8.006575246998334450e+00
8.012072976642704347e+00
8.018439509514994512e+00
8.032899732853190145e+00
8.032305699649587183e+00
8.032128182093892121e+00
8.025563463449778112e+00
8.024595840297738647e+00
8.024256744490246618e+00
8.030668273948100122e+00
8.038243936252701616e+00
8.043877886238249175e+00
8.066231901017985706e+00
8.069601822351692988e+00
8.073903103251694802e+00
8.070285039284856410e+00
8.063087179247041547e+00
8.056137159114422630e+00
8.053312245934964864e+00
8.055119801838314331e+00
8.056049887907825280e+00
8.058435461474784844e+00
8.061880014672748729e+00
8.067028747461639782e+00
8.073125330959843637e+00
8.083502981072248517e+00
8.085334207786099014e+00
8.086039889683798165e+00
8.086051359472088862e+00
8.086082916681386124e+00
8.084871119462768263e+00
8.082359312728709000e+00
8.074219526855674900e+00
8.068263864295074583e+00
8.065251114331557503e+00
8.065969444380989728e+00
8.072773012466365472e+00
8.079690140384130359e+00
