1.501506135177878605e+02
1.501720000847857079e+02
1.502620405651979922e+02
1.504310985255390563e+02
1.505235741181932383e+02
1.507722699386011413e+02
1.508390152113308318e+02
1.511075992938781383e+02
1.512435679516555354e+02
1.513000611847358243e+02
1.514215805840729558e+02
1.514916070296042960e+02
1.515748820358286935e+02
1.518768432735775207e+02
1.520436078050188939e+02
1.520523766785241833e+02
1.522910868561458244e+02
1.523451489686816842e+02
1.524085671452511974e+02
1.525997021182952835e+02
1.526924005273753835e+02
1.527476072879626940e+02
1.529558614920092623e+02
1.529987041366522647e+02
1.530998087203830096e+02
1.532422453194997161e+02
1.533386907449422552e+02
1.534258255157535871e+02
1.534732527391127519e+02
1.536239895399558861e+02
1.536350989036019996e+02
1.536593363064285143e+02
1.536885457201734653e+02
1.537265031703146008e+02
1.537688386347978167e+02
1.538557471574885938e+02
1.538837217452464756e+02
1.539060796038837111e+02
1.539068569261512209e+02
1.539094326556996464e+02
1.539565172047858255e+02
1.539865950224159690e+02
1.540473670170670175e+02
1.540876254738278988e+02
1.541134744084456827e+02
1.541799613745996567e+02
1.542082330281706959e+02
1.542252538889558480e+02
