2.844538998175230518e+02
2.843729752162325326e+02
2.840283047930953444e+02
2.833693401075308884e+02
2.830047427241113382e+02
2.820160904246704376e+02
2.817493981896412265e+02
2.806716457101067590e+02
2.801226866650368947e+02
2.798936975769108813e+02
2.793988355943325246e+02
2.791119436130062468e+02
2.787687601891531699e+02
2.774989058757192311e+02
2.767740953692102153e+02
2.767354211665899584e+02
2.756594190784078933e+02
2.754094745452740653e+02
2.751133980616812096e+02
2.742029146838524412e+02
2.737517191590057450e+02
2.734799569094277558e+02
2.724321381957760764e+02
2.722115764173942694e+02
2.716832615920843068e+02
2.709183025884970561e+02
2.703851301967749805e+02
2.698921012016515419e+02
2.696191323289800721e+02
2.687306055336404711e+02
2.686639141683024263e+02
2.685178531213696260e+02
2.683408009080422403e+02
2.681089907907514203e+02
2.678479760877787044e+02
2.673027199890528323e+02
2.671241080454220764e+02
2.669801612491583569e+02
2.669751370230755469e+02
2.669584793368171631e+02
2.666513932022383528e+02
2.664526928490760156e+02
2.660457306212593949e+02
2.657727485406452388e+02
2.655963257548434058e+02
2.651386849948618760e+02
2.649418907657338309e+02
2.648224068279961898e+02
