2.000000488883188154e+01
2.000436147399432230e+01
2.000948508588271579e+01
2.001543879927339731e+01
2.002228256608873380e+01
2.003007331112644351e+01
2.003886359926605110e+01
2.004870024642036697e+01
2.005962283820235825e+01
2.007166206191936908e+01
2.008483795688198370e+01
2.009915802330078805e+01
2.011461511083734877e+01
2.013118514440247964e+01
2.014882474382011424e+01
2.016746853994186495e+01
2.018702630184475311e+01
2.020737971330345317e+01
2.022837905958090232e+01
2.024983903875158830e+01
2.027153850876993602e+01
