4.454211505358489198e+00
4.460014000971657566e+00
4.480744898498488560e+00
4.508180597094397335e+00
4.519047230063954146e+00
4.541353538475121354e+00
4.546850556809364008e+00
4.573158969934980611e+00
4.591185395697708671e+00
4.599823098795134513e+00
4.620644927133731095e+00
4.633911613196902479e+00
4.650690771052426342e+00
4.716472476557685312e+00
4.752864613040937769e+00
4.754743052754124122e+00
4.804808387026887395e+00
4.816112064308373242e+00
4.829554512657439957e+00
4.872466281964128676e+00
4.895052261442484287e+00
4.909041535688992930e+00
4.963061818887025467e+00
4.973787675044324175e+00
4.997598887670441137e+00
5.026903928600730431e+00
5.044598281632366010e+00
5.060407274733123906e+00
5.069483288095378626e+00
5.103707987661711520e+00
5.106645167386296258e+00
5.113256136972444743e+00
5.121571169094375264e+00
5.132866517293548370e+00
5.145944534069998078e+00
5.173301369231437796e+00
5.181963773812591434e+00
5.188765097196142762e+00
5.188999334293055377e+00
5.189774381958162763e+00
5.203631581910618920e+00
5.212198652602209492e+00
5.229247596569955192e+00
5.240984977244039555e+00
5.249105568915729769e+00
5.274308511228381846e+00
5.288098178358562329e+00
5.297711816238884097e+00
