2.951312407775525948e+00
2.942718846495073315e+00
2.901776292415544578e+00
2.808703380536782923e+00
2.751295131033682395e+00
2.585369796797393871e+00
2.540426367725559409e+00
2.374769193637896514e+00
2.308178075488521497e+00
2.285116259421815954e+00
2.245431097054246372e+00
2.228757372955409544e+00
2.214578110858518745e+00
2.204412896590784321e+00
2.214594103692300919e+00
2.215222118025268472e+00
2.230580769340247294e+00
2.233079689849855942e+00
2.235519034912550662e+00
2.241519784124566428e+00
2.245539904023960531e+00
2.248964113161371348e+00
2.272772164361778646e+00
2.280037338937651814e+00
2.299786778252367103e+00
2.330903369742516773e+00
2.351599765656090746e+00
2.368578941430425022e+00
2.376882008512093858e+00
2.399260636249680001e+00
2.400773584834736241e+00
2.404085077487835065e+00
2.408157380385393953e+00
2.413732177914419630e+00
2.420564383332325153e+00
2.437628077568994023e+00
2.444164833536180748e+00
2.449769008924564062e+00
2.449969780066947322e+00
2.450637841156671382e+00
2.463554004814265674e+00
2.472387282651891560e+00
2.490869891677213843e+00
2.502829656631649247e+00
2.510020910715179632e+00
2.525211844960180141e+00
2.529563913244772255e+00
2.531375770048621909e+00
