8.116039445227130500e+00
8.117432658941620360e+00
8.120241999039720326e+00
8.116419087452781511e+00
8.111397919930542599e+00
8.095272920622853974e+00
8.091535779934455164e+00
8.084534387128906374e+00
8.086849789287025914e+00
8.088824135990961395e+00
8.094405464142964135e+00
8.098002769141654511e+00
8.102117684401905606e+00
8.108352944184050060e+00
8.103110772673055351e+00
8.102686903750585756e+00
8.089394384825938644e+00
8.086909164766360902e+00
8.084798216729421227e+00
8.085936968297371408e+00
8.090989993324441798e+00
8.095129303281980881e+00
8.111861700617209792e+00
8.114071654895360197e+00
8.115619567321255445e+00
8.108062837300639814e+00
8.098147794191429938e+00
8.088714400177080321e+00
8.084534375598368072e+00
8.082105490445169238e+00
8.082731675520507864e+00
8.084459292992836055e+00
8.087120040284011324e+00
8.091263601773805547e+00
8.096251792139799619e+00
8.104353564039669777e+00
8.105438253550000027e+00
8.105538345011600754e+00
8.105528597754533493e+00
8.105489768593196587e+00
8.102967823391098889e+00
8.099595310828888728e+00
8.089672046830354901e+00
8.082524649459161381e+00
8.078756251353878426e+00
8.077632704434330790e+00
8.083727443831643100e+00
8.090248048314279572e+00
