1.694870542502030730e+00
1.696329628837465187e+00
1.710190202888642652e+00
1.714860311297294659e+00
1.715016725075465098e+00
1.715785033207148036e+00
1.716531832677018921e+00
1.717567418484797104e+00
1.718277127104933077e+00
1.729062469258243029e+00
1.732062632721264928e+00
1.738171665642077590e+00
1.746051131455904182e+00
1.776073043492299552e+00
1.794785661533293775e+00
1.802707616312913652e+00
1.830843695904931456e+00
1.849574643665613971e+00
1.862753666153650567e+00
1.879924981160790320e+00
1.899002359078292068e+00
1.915399420521072926e+00
1.940105369960872350e+00
1.944121019312791132e+00
1.955099443445318386e+00
1.970330807606498924e+00
1.980193239921290704e+00
1.986631740240843103e+00
1.988320269004427487e+00
2.008343055602156646e+00
2.010921909593113899e+00
2.035650474221022410e+00
2.063302571527377172e+00
2.168456241737870105e+00
2.250579406147802608e+00
2.251682815526876436e+00
2.256921544574579386e+00
2.259480130633042538e+00
2.260034357683067263e+00
2.282205617551448018e+00
2.290731168573065801e+00
2.290979502759825426e+00
2.293451410326860618e+00
