2.658822334732321906e+02
2.659274192999437787e+02
2.661121482211755165e+02
2.664437032951039441e+02
2.666204536797856690e+02
2.670899228547530697e+02
2.672155213479753115e+02
2.677210888194840663e+02
2.679763514724583615e+02
2.680819854967201081e+02
2.683078524776935865e+02
2.684368854287180284e+02
2.685889163683027618e+02
2.691202307435569310e+02
2.693929430589761864e+02
2.694067470901901515e+02
2.697595069938789152e+02
2.698331700935578965e+02
2.699167899472249132e+02
2.701522350001429231e+02
2.702583424306060351e+02
2.703191190988202379e+02
2.705296748427797411e+02
2.705685254141207565e+02
2.706527225446969851e+02
2.707515150283510366e+02
2.708045720212877541e+02
2.708430398893882511e+02
2.708603517294980634e+02
2.708995846211558955e+02
2.709015654726978255e+02
2.709054546168721913e+02
2.709093391574497787e+02
2.709130226606077940e+02
2.709151833050405571e+02
2.709123168089943192e+02
2.709090623062223244e+02
2.709055866132451911e+02
2.709054516070922318e+02
2.709049974290955447e+02
2.708948531650427753e+02
2.708865916426397007e+02
2.708661335208313972e+02
2.708503400845227702e+02
2.708394966926033476e+02
2.708096219779067724e+02
2.707959555469127508e+02
2.707873058863683582e+02
