2.267828166081354269e+01
2.267621448236917203e+01
2.265925415183930980e+01
2.260210223842456756e+01
2.256220367713988750e+01
2.244453582569916605e+01
2.241369745703221383e+01
2.230795034134114729e+01
2.226836953234187177e+01
2.225428269020314431e+01
2.222672335476326566e+01
2.221124041652697656e+01
2.219165524568850856e+01
2.208818050177218240e+01
2.199997494397287667e+01
2.199477150266300995e+01
2.184190325033637237e+01
2.180691385851648789e+01
2.176713723240012399e+01
2.166083686694600630e+01
2.161721610081227851e+01
2.159279022213066312e+01
2.149295645003054389e+01
2.146701119430889548e+01
2.139316138077246876e+01
2.125594909955608003e+01
2.114452278414796638e+01
2.103762676186374847e+01
2.097972568904913260e+01
2.081329371116406435e+01
2.080250333577039257e+01
2.077962146438139612e+01
2.075304254399317827e+01
2.071944541233810000e+01
2.068173559938475492e+01
2.059407667343078074e+01
2.056027322550517766e+01
2.053059785433731221e+01
2.052952058115186773e+01
2.052592849547778897e+01
2.045402730085968201e+01
2.040196069482349017e+01
2.028507971246011721e+01
2.020383447724602988e+01
2.015301832336378141e+01
2.004239782385509017e+01
2.001152409131561782e+01
1.999999919373636814e+01
