2.827816576441624985e+00
2.820620028827056203e+00
2.815066197516202795e+00
2.810742153097585128e+00
2.807209917575718361e+00
2.804592194405388206e+00
2.802635275495901190e+00
2.800971407339381880e+00
2.799793986047419914e+00
2.798996797751222676e+00
2.798227967781991232e+00
2.797717183420348253e+00
2.797461367446517855e+00
2.797102785360521704e+00
2.796890854134173487e+00
2.796883549368791577e+00
2.796690063637396140e+00
2.796627987884763300e+00
2.796717758665495879e+00
2.796463841103877801e+00
2.798469128820461282e+00
