1.947794791778187573e+01
1.948326919997496987e+01
1.949810233245348101e+01
1.950359538545176008e+01
1.949950904818456365e+01
1.948270453673925573e+01
1.947981205624001433e+01
1.948854991023478078e+01
1.950771452946007400e+01
1.951823684544512361e+01
1.954432881252219900e+01
1.956043855768288608e+01
1.957936072195409238e+01
1.962861032523829152e+01
1.963595207126331488e+01
1.963600072039574584e+01
1.963381824401956166e+01
1.963479253638833910e+01
1.963798699145322146e+01
1.966663183877632903e+01
1.969202386487784651e+01
1.971011065237759041e+01
1.978269890386406971e+01
1.979496136631481207e+01
1.981540835228636155e+01
1.982160658732084357e+01
1.981499320250714646e+01
1.980861010401616795e+01
1.980779492923489116e+01
1.983322200555105042e+01
1.983714435025833112e+01
1.984661913538962708e+01
1.985951246050606755e+01
1.987804292264452144e+01
1.989974920088243593e+01
1.993967096586118615e+01
1.994900980774046317e+01
1.995468622196959885e+01
1.995485269007241769e+01
1.995538903772667894e+01
1.996095661592520898e+01
1.996039435104014714e+01
1.995202300552523411e+01
1.994523187570908362e+01
1.994288377019422498e+01
1.995758346737517641e+01
1.997974221945623441e+01
1.999999930059013664e+01
