1.527653181387832682e+00
1.531201336794042467e+00
1.544639446517980907e+00
1.565306649096731562e+00
1.575017247815989618e+00
1.598617151305862905e+00
1.604800011289315265e+00
1.631351444930972283e+00
1.646598456787896847e+00
1.653376201534501488e+00
1.668846789908368988e+00
1.678288182703357112e+00
1.689964900637005885e+00
1.735194266585440515e+00
1.761061314119918952e+00
1.762424964697138829e+00
1.799660278222637411e+00
1.808192303568722625e+00
1.818312180306761672e+00
1.849998032661509084e+00
1.866221041018117921e+00
1.876162184293451052e+00
1.914829504308777963e+00
1.922810236099570913e+00
1.941381447744008337e+00
1.966866041496724948e+00
1.984109979878586172e+00
2.000290344198081716e+00
2.009553013905532648e+00
2.042085732141059928e+00
2.044680237197201045e+00
2.050422936434160626e+00
2.057476210798113492e+00
2.066809348215259856e+00
2.077351119667837143e+00
2.098946849398171999e+00
2.105769666630565418e+00
2.111151273987723620e+00
2.111337142737008676e+00
2.111952426046267206e+00
2.123032798172765023e+00
2.129954525578836577e+00
2.143717758422935660e+00
2.152898709171897629e+00
2.158964647846161711e+00
2.176014263503978086e+00
2.184358004283764476e+00
2.189866579359944332e+00
