1.045952793166827178e+03
1.046018954226013420e+03
1.046291817992045253e+03
1.046791601387913715e+03
1.047063657521695632e+03
1.047807204683136888e+03
1.048011665687326968e+03
1.048860585252083411e+03
1.049306428506326711e+03
1.049494755048506931e+03
1.049906026501871793e+03
1.050146999513497803e+03
1.050437624741945228e+03
1.051534441390223037e+03
1.052173299237525271e+03
1.052207588168174880e+03
1.053168945385084498e+03
1.053394680413402284e+03
1.053663770946608793e+03
1.054507780693300447e+03
1.054938426828585534e+03
1.055202425780235899e+03
1.056249827867195108e+03
1.056474752246580238e+03
1.057017092537349981e+03
1.057810275963542153e+03
1.058372198765105850e+03
1.058903295713863145e+03
1.059203560459956634e+03
1.060215577750879220e+03
1.060293553308961009e+03
1.060465153131972329e+03
1.060674540159820026e+03
1.060950631295018184e+03
1.061263650423187300e+03
1.061923094212973865e+03
1.062140502340695548e+03
1.062316191829799209e+03
1.062322331612342850e+03
1.062342691578664244e+03
1.062719024093580174e+03
1.062963488591301484e+03
1.063466145015293023e+03
1.063804436235651337e+03
1.064023459229866830e+03
1.064593860956669687e+03
1.064841256154820940e+03
1.064992664751231814e+03
