1.950003482154063406e+01
1.950527297712571695e+01
1.951976977601200147e+01
1.952467015073988321e+01
1.952027184290354356e+01
1.950264382223812731e+01
1.949953034440886768e+01
1.950735860042127356e+01
1.952603954934689057e+01
1.953635400116010956e+01
1.956198180502541817e+01
1.957781202188787262e+01
1.959638905297449796e+01
1.964426958098284715e+01
1.965079718664967245e+01
1.965080259030980159e+01
1.964745582174223770e+01
1.964817459897084717e+01
1.965107475702642148e+01
1.967886531801178052e+01
1.970385276071678149e+01
1.972169728411470402e+01
1.979331832646458622e+01
1.980536360481905334e+01
1.982526359074410394e+01
1.983059859002584346e+01
1.982333546129308033e+01
1.981632041068141348e+01
1.981514427539001133e+01
1.983935508458377939e+01
1.984318407394044570e+01
1.985245345777735082e+01
1.986509595627651947e+01
1.988329450605925786e+01
1.990462112941991180e+01
1.994372140158304774e+01
1.995278054888750319e+01
1.995822725773982498e+01
1.995838563808954547e+01
1.995889513709169805e+01
1.996395864523410069e+01
1.996306181463899421e+01
1.995399178839172549e+01
1.994673054320861993e+01
1.994408273194562398e+01
1.995804222227625147e+01
1.997990896400616023e+01
1.999999929913987629e+01
