1.281220195683362384e+01
1.280948222503512746e+01
1.279343808686052064e+01
1.274907929596415279e+01
1.271986888109692515e+01
1.263503913084003649e+01
1.261259861007351724e+01
1.253259249729050495e+01
1.250016308161212031e+01
1.248810101280203000e+01
1.246389739687044518e+01
1.245030169174119017e+01
1.243358961606991109e+01
1.235550752064029822e+01
1.229514310372502983e+01
1.229165088571879672e+01
1.219018381910023763e+01
1.216696688987007491e+01
1.214043379170025538e+01
1.206811367583521921e+01
1.203760671387184189e+01
1.202039479283722656e+01
1.195224699508891675e+01
1.193550016062661001e+01
1.188941811691737804e+01
1.180719069380005060e+01
1.174199605354102793e+01
1.168023312579422601e+01
1.164705356612491549e+01
1.155312677541776445e+01
1.154715342516647425e+01
1.153455939660673657e+01
1.152007172534542967e+01
1.150200161418095490e+01
1.148204019257558173e+01
1.143649082278298756e+01
1.141905388888032391e+01
1.140375734368942240e+01
1.140320209138159946e+01
1.140135064121115605e+01
1.136428331699560701e+01
1.133743513101270928e+01
1.127725412807198602e+01
1.123565922913656934e+01
1.120986085966713475e+01
1.115524297307945645e+01
1.114128172720930543e+01
1.113690029928983982e+01
