3.578450771693715069e+02
3.576153687342323337e+02
3.566164851235397464e+02
3.546480846278720378e+02
3.535395732698592042e+02
3.504966008082062672e+02
3.496692783092985906e+02
3.463015794329323853e+02
3.445692146159905178e+02
3.438425061864707004e+02
3.422623448388474117e+02
3.413391339208027944e+02
3.402263514326311338e+02
3.359912001032950002e+02
3.334537106955611989e+02
3.333153452348818178e+02
3.293445695305459253e+02
3.283913622028740065e+02
3.272495161635358158e+02
3.236670781463755020e+02
3.218586005346507477e+02
3.207590569304419432e+02
3.164280817092514440e+02
3.154928923416536009e+02
3.132127142638348687e+02
3.098097895134514488e+02
3.073752066608365681e+02
3.050885148379530847e+02
3.038113564320685214e+02
2.996162880443752101e+02
2.992993934589962919e+02
2.986042746702065074e+02
2.977594350709495075e+02
2.966488980346933886e+02
2.953910125354909155e+02
2.927292825614567846e+02
2.918451317506007854e+02
2.911276459217693287e+02
2.911025216933568345e+02
2.910191832512462042e+02
2.894718140356974914e+02
2.884595410703632865e+02
2.863612682297242031e+02
2.849378430906724020e+02
2.840126496540262337e+02
2.815996400330976712e+02
2.805582095133426037e+02
2.799251032799728023e+02
