1.351809357772922215e+00
1.354015796217563627e+00
1.362516856271060561e+00
1.376267596306471663e+00
1.383154587182838569e+00
1.401429060123568160e+00
1.406566382952553429e+00
1.429450487791568802e+00
1.442611851007279622e+00
1.448376583268372597e+00
1.461268331866444559e+00
1.468937515333665678e+00
1.478210538388498474e+00
1.512172384731911512e+00
1.530690034882350226e+00
1.531661166533286433e+00
1.558603136246875964e+00
1.565014177543067708e+00
1.572789703908231917e+00
1.598457344417749004e+00
1.612323207321697538e+00
1.621010520405593347e+00
1.655569828117998243e+00
1.662745661485766080e+00
1.679348870766184110e+00
1.701747882473934714e+00
1.716653124470582714e+00
1.730575963062735312e+00
1.738573668273643458e+00
1.767097561889195312e+00
1.769405062996147526e+00
1.774527739454088815e+00
1.780845040659526868e+00
1.789238444739708722e+00
1.798747821286113213e+00
1.818221671294332875e+00
1.824343466887013543e+00
1.829153675913580024e+00
1.829319479891532874e+00
1.829868177497653070e+00
1.839703527547043915e+00
1.845803218116801814e+00
1.857866682024856608e+00
1.865931547149635383e+00
1.871308393211486898e+00
1.886803235568506931e+00
1.894638285105155528e+00
1.899903255440890559e+00
