2.094169763870337775e+01
2.094310108304980744e+01
2.094125122728517852e+01
2.091441657419025546e+01
2.089203670823258108e+01
2.082399804879501914e+01
2.080692666604206664e+01
2.075742127308319951e+01
2.074656606501997658e+01
2.074449310988057960e+01
2.074311876099425334e+01
2.074307282884837988e+01
2.074234782169878244e+01
2.071453262257790584e+01
2.067450404421822086e+01
2.067196707897288377e+01
2.059630992819936424e+01
2.057992929895006640e+01
2.056246849519763131e+01
2.052679050557672724e+01
2.051960138736414763e+01
2.051772726840830430e+01
2.051025301083781116e+01
2.050496904612499449e+01
2.048239740019011634e+01
2.042387760000997687e+01
2.037043769699043949e+01
2.031949005121478535e+01
2.029350952810046493e+01
2.023516234436442573e+01
2.023271514345901778e+01
2.022821128409729496e+01
2.022410816859722971e+01
2.022029088196696378e+01
2.021666536326507213e+01
2.020271694818649166e+01
2.019400355770613587e+01
2.018495011544227680e+01
2.018459939108258183e+01
2.018341949136989655e+01
2.015692715525111467e+01
2.013520558170194263e+01
2.008268673772623103e+01
2.004597486726086331e+01
2.002433273066290909e+01
1.998995308844982688e+01
1.999177516121477538e+01
1.999999925228692277e+01
