4.334919273084451561e+02
4.335731570326501014e+02
4.339102289817228097e+02
4.345355732269931082e+02
4.348799142326380434e+02
4.358333785817148396e+02
4.360984035104164036e+02
4.372101738692803110e+02
4.378009591776291813e+02
4.380519245221111646e+02
4.386029990876347142e+02
4.389278689318381339e+02
4.393216947964682504e+02
4.408281670509996957e+02
4.417193919767142916e+02
4.417674786049352633e+02
4.431247377458106484e+02
4.434457476688497195e+02
4.438294741795293135e+02
4.450402201659588854e+02
4.456618918229397650e+02
4.460441241274991739e+02
4.475664213836427621e+02
4.478939869891324292e+02
4.486840246059622928e+02
4.498396343799839201e+02
4.506590477010053633e+02
4.514349581808637595e+02
4.518745071685883090e+02
4.533610270171548677e+02
4.534758394620266131e+02
4.537286017825762201e+02
4.540371638496883975e+02
4.544441625475536171e+02
4.549056288349162855e+02
4.558771638158615929e+02
4.561971122270921342e+02
4.564555051580380791e+02
4.564645324496474359e+02
4.564944662722463136e+02
4.570473858947774488e+02
4.574061758607176102e+02
4.581429897892763847e+02
4.586382517296162291e+02
4.589586853229106964e+02
4.597926738131197908e+02
4.601543286232302421e+02
4.603757087755238899e+02
