2.472108366858446971e+01
2.475780475795983548e+01
2.490864005075042442e+01
2.518350409115713617e+01
2.533310529467771133e+01
2.574502719354480718e+01
2.585950125181131654e+01
2.634122173440721681e+01
2.659796853542745154e+01
2.670705142743471328e+01
2.694634198594673435e+01
2.708711905600199898e+01
2.725734303043412510e+01
2.790175676183293518e+01
2.827615227504382744e+01
2.829618747348304808e+01
2.885501623779728675e+01
2.898555643431048168e+01
2.914100310707850028e+01
2.962895913905716228e+01
2.987904919664837067e+01
3.003283968858604069e+01
3.064174928193777347e+01
3.076990236764972053e+01
3.106722792633979324e+01
3.144242961395570646e+01
3.163192468947563540e+01
3.172597329326744031e+01
3.173582840274673700e+01
3.152820939205836837e+01
3.149814245491063502e+01
3.142613635922521809e+01
3.132851845215196818e+01
3.118616417240974670e+01
3.101032937380692545e+01
3.060624413877303596e+01
3.046486921660329728e+01
3.034737367540331832e+01
3.034320978423045290e+01
3.032937258076344378e+01
3.006456258520403679e+01
2.988200826772718344e+01
2.947849024839298337e+01
2.919137866893713351e+01
2.900567802720750876e+01
2.858003997935882623e+01
2.845827811326911672e+01
2.841633318930982099e+01
