2.158498102799057961e+00
2.164409369712971376e+00
2.208201256904826160e+00
2.229490851397685436e+00
2.230658183658495108e+00
2.238053119087529019e+00
2.261129981263028554e+00
2.288916378585621469e+00
2.294851318948577745e+00
2.325699005709612521e+00
2.329650209053064192e+00
2.335598640674251492e+00
2.340590092691931634e+00
2.345707710807734880e+00
2.342953140751183660e+00
2.340986884623625031e+00
2.331666903580372097e+00
2.324418673799524271e+00
2.319219595214301766e+00
2.312604448824470804e+00
2.305685927017690595e+00
2.300155106736477606e+00
2.292302949980854709e+00
2.291038306618574882e+00
2.287543352859863877e+00
2.282704961206023953e+00
2.279950983344461779e+00
2.278539718566378269e+00
2.278232775585670389e+00
2.276584015750127588e+00
2.276602285129692316e+00
2.278512190554916828e+00
2.282956801396669455e+00
2.310275164194158570e+00
2.344357244933401141e+00
2.344898981347979472e+00
2.347484742530999480e+00
2.348754725909536933e+00
2.349030363920965758e+00
2.360246512227403670e+00
2.364807537007380667e+00
2.364945359662466107e+00
2.366339274299480877e+00
