4.889410724500776269e+02
4.891263376912733065e+02
4.898854479737444194e+02
4.912659028125634109e+02
4.920174090579641870e+02
4.940885638021779869e+02
4.946643066140399583e+02
4.970860340715552184e+02
4.983762267641568542e+02
4.989244158166380316e+02
5.001272008554528270e+02
5.008350004648714275e+02
5.016910099791809898e+02
5.049316798272236611e+02
5.068137536628718749e+02
5.069144602155859047e+02
5.097237895175907738e+02
5.103802803268315529e+02
5.111621783432975121e+02
5.136171250728282303e+02
5.148749980176988856e+02
5.156483420918485763e+02
5.187255606156069234e+02
5.193858452282743201e+02
5.209733763595022538e+02
5.232819898379494816e+02
5.249122667576780259e+02
5.264551365195869721e+02
5.273301246083775595e+02
5.302989961519176632e+02
5.305289051054617175e+02
5.310352745921629776e+02
5.316537479503441546e+02
5.324698279727981571e+02
5.333951608098979023e+02
5.353417753613155128e+02
5.359820952716429474e+02
5.364989108993984246e+02
5.365169614392497124e+02
5.365768132223652174e+02
5.376816952798599232e+02
5.383980151695651557e+02
5.398677035066417602e+02
5.408547770845259492e+02
5.414931913651640798e+02
5.431547758941562734e+02
5.438758402749477909e+02
5.443175989117565905e+02
