8.660929558717031185e+00
8.662149601344419025e+00
8.664067018335067871e+00
8.658077660449610136e+00
8.651712903362126283e+00
8.631870639150756475e+00
8.627190362001320167e+00
8.617025214682218603e+00
8.618218566602251940e+00
8.619818424768800114e+00
8.624739977985383277e+00
8.628021598866157049e+00
8.631791350829184140e+00
8.636629068296858946e+00
8.630376677440926514e+00
8.629897338980891064e+00
8.615289069356524720e+00
8.612627960214801703e+00
8.610407427662519098e+00
8.612013773060434474e+00
8.617767043879643651e+00
8.622456537319614256e+00
8.641742102371988921e+00
8.644473287331619460e+00
8.647107314183037019e+00
8.640668904628066471e+00
8.631362852479654180e+00
8.622589841036839786e+00
8.618898059924273269e+00
8.619087970344347482e+00
8.619981996106877986e+00
8.622327834790025847e+00
8.625789581761381442e+00
8.631047066345521657e+00
8.637336924449840581e+00
8.648078920662335634e+00
8.649943603650108059e+00
8.650627337467959421e+00
8.650637184115291589e+00
8.650662934580195085e+00
8.649224983352418406e+00
8.646451790999275744e+00
8.637589467241310714e+00
8.631147959015104121e+00
8.627905035710380588e+00
8.628777727887406712e+00
8.636202632302035553e+00
8.643732276266463899e+00
