9.976119797031060443e+01
9.981003607182469750e+01
1.000142859889748479e+02
1.003963374909593682e+02
1.006066189003009441e+02
1.011829436694575577e+02
1.013410105116538915e+02
1.019930377102795944e+02
1.023327020660678244e+02
1.024757157172110453e+02
1.027873602349094284e+02
1.029697079544549894e+02
1.031896042537287599e+02
1.040237044916928397e+02
1.045164234987100400e+02
1.045430588141442740e+02
1.052972581779303596e+02
1.054759878569989127e+02
1.056894767550847689e+02
1.063593326793703113e+02
1.066997893027927944e+02
1.069078292006108342e+02
1.077300233230488544e+02
1.079065797513935081e+02
1.083333441667145820e+02
1.089605227010017501e+02
1.094056314407903443e+02
1.098250031735777696e+02
1.100609393034602306e+02
1.108479861960614983e+02
1.109081250633944791e+02
1.110402662478019096e+02
1.112011722051467473e+02
1.114129051429647888e+02
1.116525768744239571e+02
1.121571639004404801e+02
1.123236181036454866e+02
1.124582037538250603e+02
1.124629083584809734e+02
1.124785097976744765e+02
1.127670592258388353e+02
1.129546644358707823e+02
1.133406886274763821e+02
1.136005361164098275e+02
1.137686958117681826e+02
1.142057523325902650e+02
1.143945534968970890e+02
1.145097374810357138e+02
