2.804208295875541808e+02
2.804175907693895624e+02
2.804021615161012164e+02
2.803673741836630029e+02
2.803459604018452751e+02
2.802819490422299964e+02
2.802633389563241622e+02
2.801824763620336967e+02
2.801376303377429622e+02
2.801181186140434534e+02
2.800741326812120064e+02
2.800473477801807007e+02
2.800138671092714162e+02
2.798721428904419213e+02
2.797751628103299595e+02
2.797696186754818086e+02
2.796005051417745335e+02
2.795573213217641069e+02
2.795044169390378102e+02
2.793306079412391227e+02
2.792385126028065088e+02
2.791811320195454300e+02
2.789458563657161676e+02
2.788933867668509947e+02
2.787634413462908469e+02
2.785645450955931324e+02
2.784182989020825403e+02
2.782774320031087427e+02
2.781971366397119141e+02
2.779252143401937474e+02
2.779042115865020151e+02
2.778579509142127790e+02
2.778014036477645163e+02
2.777266037433571455e+02
2.776413406028078157e+02
2.774594622183543606e+02
2.773986938471282429e+02
2.773492725588565690e+02
2.773475403536974113e+02
2.773417937850716726e+02
2.772349083717699614e+02
2.771648329445024501e+02
2.770193964355505045e+02
2.769207337544086158e+02
2.768566350586024782e+02
2.766893693116822988e+02
2.766168702080414619e+02
2.765725679304675850e+02
