7.463236532727241865e+02
7.464451559032174828e+02
7.469446461593081494e+02
7.478566847246507905e+02
7.483537819623095402e+02
7.497225952829031712e+02
7.501026262498422739e+02
7.516995064919608467e+02
7.525495646678108415e+02
7.529106312112871819e+02
7.537026262299023074e+02
7.541685782225515595e+02
7.547320709571038151e+02
7.568680006410202168e+02
7.581134295667134211e+02
7.581802084931234731e+02
7.600480268385354066e+02
7.604854662480662455e+02
7.610066475495963232e+02
7.626427510320789906e+02
7.634804598094190169e+02
7.639953406617661358e+02
7.660446858695984247e+02
7.664847537015705257e+02
7.675432603551546435e+02
7.690827078070252583e+02
7.701690830411523621e+02
7.711963494566161899e+02
7.717785643713878017e+02
7.737522083369149186e+02
7.739049202462757648e+02
7.742411912361717441e+02
7.746517642244784838e+02
7.751932649540023021e+02
7.758069124146165905e+02
7.770968521133806917e+02
7.775209884754644918e+02
7.778632990798001856e+02
7.778752547428744037e+02
7.779148972385596608e+02
7.786467480109183725e+02
7.791212892922628726e+02
7.800950466210679224e+02
7.807489734154198686e+02
7.811717760955132235e+02
7.822712395885608885e+02
7.827478614004020301e+02
7.830397426662827911e+02
