9.550468637227495492e+02
9.552107606736494745e+02
9.558823513454798331e+02
9.571037091367817311e+02
9.577686077511041276e+02
9.596010566229062988e+02
9.601104420710648810e+02
9.622530568337964496e+02
9.633945518053511705e+02
9.638795606957501150e+02
9.649437214317068765e+02
9.655699450276273410e+02
9.663272967807236000e+02
9.691944662039867353e+02
9.708596208513990860e+02
9.709487204359132875e+02
9.734342622040981041e+02
9.740150899937016220e+02
9.747068711240467564e+02
9.768788722823645685e+02
9.779917681201058031e+02
9.786759805037504520e+02
9.813985417132175826e+02
9.819827276206397073e+02
9.833872935280196543e+02
9.854298243978900018e+02
9.868721403785127677e+02
9.882369651688478598e+02
9.890108486095130047e+02
9.916354540848852821e+02
9.918386074652221396e+02
9.922859972052825697e+02
9.928323402523428740e+02
9.935530971488550449e+02
9.943701675933377828e+02
9.960885495089806909e+02
9.966536740620795172e+02
9.971097526234955239e+02
9.971256810352707589e+02
9.971784958902022709e+02
9.981533470327724444e+02
9.987852063124621509e+02
1.000081063868201795e+03
1.000950877779291773e+03
1.001513203101831436e+03
1.002975808741880201e+03
1.003610100261342836e+03
1.003998564580027846e+03
