2.955870279413647950e+02
2.956798736343225187e+02
2.960603199646303665e+02
2.967521988676308524e+02
2.971288526307361622e+02
2.981669025645060174e+02
2.984554601798117233e+02
2.996692128971274656e+02
3.003158493203661124e+02
3.005905979797989289e+02
3.011934250053766959e+02
3.015481685803010805e+02
3.019771936145112363e+02
3.036013918092355652e+02
3.045446724019018347e+02
3.045951457068325681e+02
3.060031578296525936e+02
3.063321853811881965e+02
3.067240659615187610e+02
3.079544642415240787e+02
3.085848994183004947e+02
3.089724929718167914e+02
3.105147708582426844e+02
3.108457006243918386e+02
3.116413592141520326e+02
3.127984173394206096e+02
3.136154986988072437e+02
3.143887735137449226e+02
3.148273115419968349e+02
3.163152854522248276e+02
3.164305128298274212e+02
3.166842973343181598e+02
3.169942631994482554e+02
3.174032566513177471e+02
3.178669846788807263e+02
3.188423940517306505e+02
3.191631818420700597e+02
3.194220638780086574e+02
3.194311051230815224e+02
3.194610836867972807e+02
3.200144061090816763e+02
3.203730327218785305e+02
3.211085322949730880e+02
3.216022611592243265e+02
3.219214814026425415e+02
3.227518675173944303e+02
3.231119888138888427e+02
3.233325241869378601e+02
