4.970988339930772781e+01
4.979857185815852461e+01
5.066153503782147283e+01
5.118806109655365333e+01
5.121725138634842267e+01
5.140083080928044978e+01
5.194819996539671081e+01
5.256361630748925506e+01
5.269451623935441376e+01
5.345680149206967258e+01
5.358048156595382494e+01
5.379710532991921212e+01
5.403455876173439520e+01
5.474812244595144506e+01
5.511774677976654147e+01
5.526331061053536331e+01
5.573769198566706251e+01
5.602154760163804781e+01
5.620853168334159733e+01
5.644005041583601923e+01
5.668810877388504821e+01
5.690157139821632626e+01
5.724078563780452100e+01
5.729867538322293541e+01
5.745815707216486601e+01
5.765687188277101427e+01
5.773649044158713650e+01
5.775459642374242719e+01
5.775460055555009120e+01
5.762842797782508342e+01
5.759916836579340327e+01
5.723436850696209177e+01
5.671623217362291314e+01
5.375530811678871146e+01
4.827239520896546310e+01
4.815953164045441071e+01
4.760637766084301603e+01
4.732561222251315058e+01
4.726385605357834407e+01
4.448069487125246013e+01
4.319533713597500224e+01
4.315530281255029621e+01
4.274713590783488115e+01
