2.368387002337622107e+02
2.368064028211893230e+02
2.366635568799144664e+02
2.363737642192724593e+02
2.362068134667702850e+02
2.357366493523232123e+02
2.356059547714225744e+02
2.350617539120003414e+02
2.347742708544046479e+02
2.346520867941306676e+02
2.343828350952890389e+02
2.342229785786899470e+02
2.340273961718091016e+02
2.332460246035594480e+02
2.327447964345514322e+02
2.327167407184228693e+02
2.318830437689308326e+02
2.316755690689280129e+02
2.314237569095707556e+02
2.306122581086932257e+02
2.301907628149896539e+02
2.299306701920066303e+02
2.288790094687498424e+02
2.286466049840081496e+02
2.280728216758836027e+02
2.271985818397090782e+02
2.265597964538041822e+02
2.259492116271604232e+02
2.256036547635393106e+02
2.244473514079526808e+02
2.243588377806612471e+02
2.241641913515716169e+02
2.239267677073326865e+02
2.236133534124823825e+02
2.232566481875636271e+02
2.224960260847244626e+02
2.222416109227613390e+02
2.220345198568222145e+02
2.220272580879021120e+02
2.220031656407037985e+02
2.215545667101386584e+02
2.212599451074062529e+02
2.206472373049139435e+02
2.202308044955364323e+02
2.199600566931391938e+02
2.192537436572279432e+02
2.189482885113862949e+02
2.187620647923090473e+02
