6.483495992306965938e+00
6.483905882243927721e+00
6.483080718927979547e+00
6.473762166892763403e+00
6.466030990360343012e+00
6.442048593998487505e+00
6.435803359347396224e+00
6.415869898357462908e+00
6.409683802970599587e+00
6.407752686250563379e+00
6.404279045796113401e+00
6.402308155611510010e+00
6.399527973802077163e+00
6.378846953272621967e+00
6.357291069521632032e+00
6.355965117256322294e+00
6.315335299525384194e+00
6.305656932411872972e+00
6.294487243040310709e+00
6.263543848896614641e+00
6.250192468235775678e+00
6.242505695495180085e+00
6.210290453524486942e+00
6.201964912948044528e+00
6.178593368394206919e+00
6.136075270109349056e+00
6.102035211168408857e+00
6.069612544664972020e+00
6.052121497240226411e+00
6.002192899787149649e+00
5.998988429321707727e+00
5.992218012411569816e+00
5.984406386964242763e+00
5.974634879960884604e+00
5.963825590589585168e+00
5.939252713153759800e+00
5.929902153666209763e+00
5.921721388657656959e+00
5.921424760743700944e+00
5.920435824816445702e+00
5.900673696650109434e+00
5.886383821023388307e+00
5.854326488323236433e+00
5.832060587331441504e+00
5.818151200586368255e+00
5.788020867883171050e+00
5.779748231701296035e+00
5.776752232405654830e+00
