1.818185841083606702e+00
1.818266914113471966e+00
1.818482340303504641e+00
1.818747207255470233e+00
1.818935030571191325e+00
1.819246296573514332e+00
1.819629110702606800e+00
1.819935627972435910e+00
1.820354319873854099e+00
1.820874929689298094e+00
1.821317619646831698e+00
1.821859143871017217e+00
1.822524558592834909e+00
1.823106829742063617e+00
1.823776120285063529e+00
1.824579397337267705e+00
1.825275649118402566e+00
1.826067304382609224e+00
1.826967707144388831e+00
1.827661989661019115e+00
1.829783431786164760e+00
