1.536662726956369340e+01
1.537177927277322276e+01
1.538710689759288286e+01
1.539700418838533125e+01
1.539634898258505658e+01
1.538903500459141149e+01
1.538822327387602940e+01
1.540117616989393667e+01
1.541977776074767803e+01
1.542966527931771203e+01
1.545399919308940717e+01
1.546909899884684236e+01
1.548710088491962722e+01
1.553908861357410309e+01
1.555309114095014955e+01
1.555357008649873940e+01
1.556382468498738625e+01
1.556724980965387672e+01
1.557284392108309845e+01
1.560446082902897302e+01
1.562880029299483731e+01
1.564564437315280720e+01
1.571290702714038012e+01
1.572471425127516298e+01
1.574597936955150423e+01
1.575826218742952278e+01
1.575807580621533610e+01
1.575754529403301873e+01
1.575932394471777442e+01
1.578693143296618118e+01
1.579057912989045676e+01
1.579926560935441060e+01
1.581091205699477520e+01
1.582748804787863683e+01
1.584688146860981206e+01
1.588350193896708440e+01
1.589270197895240955e+01
1.589872143587356490e+01
1.589890763163465692e+01
1.589951319578367439e+01
1.590741325025202357e+01
1.590938211536983182e+01
1.590801841663214233e+01
1.590633164905512764e+01
1.590687805618204465e+01
1.592460330640319022e+01
1.594459386944932966e+01
1.596203729316635922e+01
