9.970438972652240217e-01
9.980594640204436541e-01
1.003748607845559970e+00
1.004581526668947733e+00
1.004591906243135879e+00
1.004597877393901051e+00
1.004289677419882842e+00
1.004270797058099740e+00
1.004429825232540097e+00
1.007212121801287719e+00
1.007994778078020293e+00
1.009581992404481099e+00
1.011612299728843256e+00
1.019077337214916668e+00
1.023385031656254274e+00
1.025092498262589746e+00
1.030406225137511678e+00
1.033131870557751242e+00
1.034588262749170040e+00
1.035869103630830290e+00
1.036469222863419359e+00
1.036368193285637007e+00
1.035708347958991693e+00
1.035660751156704418e+00
1.035935189873382845e+00
1.038437873539964640e+00
1.042322256845400030e+00
1.045943150821184053e+00
1.047018049246420279e+00
1.062301176209129672e+00
1.064468535310903352e+00
1.085876591231630162e+00
1.110015402688329988e+00
1.202596525300120733e+00
1.279529540067488647e+00
1.280620637773374204e+00
1.285874280953589022e+00
1.288493677532023707e+00
1.289066575929502800e+00
1.314746104723604203e+00
1.327232769440703786e+00
1.327633289839341257e+00
1.331761332892236860e+00
