1.102561450308032764e+00
1.103485411898967206e+00
1.109053898932567783e+00
1.110008961907898328e+00
1.110020621559599796e+00
1.110009502444663676e+00
1.109265415671796706e+00
1.107668368095306555e+00
1.107296677875393875e+00
1.105468135010897690e+00
1.105268967662413226e+00
1.105001162658003189e+00
1.104823254722136827e+00
1.104832670338264267e+00
1.104939591611980410e+00
1.104946012730265492e+00
1.104559230081013865e+00
1.103766948232424161e+00
1.102861450693081169e+00
1.101158264399830999e+00
1.098443113540621630e+00
1.095288458493909101e+00
1.088804246595208136e+00
1.087532241503500696e+00
1.083759810084539810e+00
1.078158908000673044e+00
1.074884988561829680e+00
1.073164309555713070e+00
1.072779112544763436e+00
1.070151558358355404e+00
1.070023865541033681e+00
1.070189487621516333e+00
1.071935423557919931e+00
1.080616352696647908e+00
1.087692571809597331e+00
1.087946345695607331e+00
1.089323238891012791e+00
1.090111782470855273e+00
1.090293742851267789e+00
1.102123260986676456e+00
1.110249113690526812e+00
1.110530589722884764e+00
1.113497911529582662e+00
