4.847231154309260326e+00
4.844169460733811938e+00
4.829540251568680276e+00
4.796590977121800492e+00
4.776654271521474371e+00
4.721068755409223883e+00
4.706575581260626251e+00
4.655266813116283764e+00
4.635325401957576474e+00
4.628366254440451577e+00
4.615865627978156027e+00
4.610011522398064443e+00
4.604081382855320648e+00
4.587893846930347408e+00
4.580454263224362776e+00
4.580092937666607966e+00
4.573182589067905646e+00
4.572902328488659407e+00
4.573477852356203854e+00
4.582493658283341986e+00
4.591189493751818063e+00
4.597607101799618512e+00
4.626559077521124941e+00
4.632569699015392395e+00
4.645514626409990910e+00
4.659865532642835539e+00
4.667795571696551349e+00
4.675367838868175419e+00
4.680335343268531290e+00
4.703934552795565160e+00
4.706237564820180630e+00
4.711520070084840306e+00
4.718311919705356239e+00
4.727688584776141845e+00
4.738576004002478470e+00
4.760488881754294077e+00
4.766913541589907766e+00
4.771698344366729572e+00
4.771858555375644961e+00
4.772386374428237765e+00
4.781179701988679476e+00
4.785959525463808539e+00
4.794166362822929628e+00
4.799434634947290945e+00
4.803317489662225270e+00
4.818225525570210444e+00
4.828336357821823910e+00
4.836073965969030830e+00
