1.129686717710398725e+01
1.129807364203713149e+01
1.129888919109310841e+01
1.128760245425447906e+01
1.127721115165812371e+01
1.124496470256568337e+01
1.123695261294948367e+01
1.121510650782898466e+01
1.121173136212436283e+01
1.121164482128704520e+01
1.121311927956376486e+01
1.121436645141137056e+01
1.121547996743639075e+01
1.120579213068346114e+01
1.118696946735236430e+01
1.118574196832431156e+01
1.114856209374636009e+01
1.114049217901783706e+01
1.113194773844764640e+01
1.111520779355392818e+01
1.111249889497663546e+01
1.111217794189058417e+01
1.111075805419148743e+01
1.110845371425444306e+01
1.109758700719530999e+01
1.106793497386473213e+01
1.104047704292020882e+01
1.101430434151553328e+01
1.100103903992179077e+01
1.097215150129036410e+01
1.097103539626938229e+01
1.096905754518201448e+01
1.096740072487467366e+01
1.096608509745864879e+01
1.096498673195495499e+01
1.095932255067043215e+01
1.095525184848608546e+01
1.095088262434277837e+01
1.095071150170407925e+01
1.095013498744452463e+01
1.093696350758897573e+01
1.092598308445725763e+01
1.089918349963640409e+01
1.088041348938945063e+01
1.086940532288497607e+01
1.085256485105815294e+01
1.085426491656296299e+01
1.085913100101004325e+01
