1.013954102848614269e+01
1.014023129707981674e+01
1.013922499895133278e+01
1.012544557609367324e+01
1.011390070100310723e+01
1.007818127895888694e+01
1.006897128083175019e+01
1.004047411713900750e+01
1.003255717406146807e+01
1.003038853280775733e+01
1.002711039033199114e+01
1.002551781654395668e+01
1.002323524238478569e+01
1.000204724379585031e+01
9.977768849007114582e+00
9.976267931611438655e+00
9.931584472321727475e+00
9.921655791801711644e+00
9.910776662284360938e+00
9.885693795760067459e+00
9.878203988601351071e+00
9.874867155283132192e+00
9.862131496717941204e+00
9.857769133661312466e+00
9.842753593725332095e+00
9.809083403569120563e+00
9.779809797941380722e+00
9.752144673984137313e+00
9.737944339852379727e+00
9.704580565720334562e+00
9.703026420924370399e+00
9.700048020870791987e+00
9.697118034565775702e+00
9.694082173342133402e+00
9.691067192974074374e+00
9.682002875299414058e+00
9.677129966100260106e+00
9.672256533100958009e+00
9.672070206386669255e+00
9.671444453321360157e+00
9.657686681451435717e+00
9.646634044733268354e+00
9.620224649369204073e+00
9.601829779909035523e+00
9.590941334058831202e+00
9.573076251879600207e+00
9.573306320484526566e+00
9.576835930813906828e+00
