7.067274389682279434e+01
7.057061252901321780e+01
7.007826221771929909e+01
6.898526592534511792e+01
6.834108926107963100e+01
6.658312311421151719e+01
6.612119733912781783e+01
6.434905753917036009e+01
6.350456380486693320e+01
6.316222397646708231e+01
6.243973358273286323e+01
6.203090300064389595e+01
6.155123282234381321e+01
5.987198223805047093e+01
5.898638852364820906e+01
5.894060290158473947e+01
5.772297173396169256e+01
5.745593804606240695e+01
5.714831240357467834e+01
5.627560962356781715e+01
5.589545669578740927e+01
5.568660704422005381e+01
5.503052862610913110e+01
5.492048073062474600e+01
5.468968565426769857e+01
5.442817948632442437e+01
5.429742201585190031e+01
5.421900523926654358e+01
5.419425810109319741e+01
5.419917685511980920e+01
5.420398189138720824e+01
5.421622863618145516e+01
5.423402481412038156e+01
5.426189804255122340e+01
5.429950970683034939e+01
5.440351486863255559e+01
5.444690459400445093e+01
5.448579368151908398e+01
5.448721673994371173e+01
5.449196707492689740e+01
5.458848620863722800e+01
5.465983240599855719e+01
5.482480788202806821e+01
5.494589714076264642e+01
5.502692262496439923e+01
5.524425865001131797e+01
5.534263674888632067e+01
5.540537825909954961e+01
