1.403259611488938390e+02
1.403343535498727022e+02
1.403723194436776396e+02
1.404520521854796016e+02
1.404990451129032749e+02
1.406339725527122084e+02
1.406719632056765192e+02
1.408316183551034442e+02
1.409167610814107263e+02
1.409531306886330810e+02
1.410337500595198890e+02
1.410819809656202324e+02
1.411414286804232177e+02
1.413843838485966842e+02
1.415444150238164696e+02
1.415534466988243594e+02
1.418242624370621741e+02
1.418921972294092484e+02
1.419748555107634616e+02
1.422424606923725889e+02
1.423820214928983887e+02
1.424682616123025127e+02
1.428169314198972017e+02
1.428937817037788989e+02
1.430829746382163421e+02
1.433698138520798295e+02
1.435787132981045602e+02
1.437782760290366753e+02
1.438912876684230469e+02
1.442701442368846187e+02
1.442991776123826355e+02
1.443630236470918362e+02
1.444408844439666666e+02
1.445435938677483136e+02
1.446603141147087115e+02
1.449081909508802539e+02
1.449907090964099154e+02
1.450577153122892469e+02
1.450600622172666476e+02
1.450678472590938100e+02
1.452124316701331566e+02
1.453070085519863994e+02
1.455027928235060983e+02
1.456352518129412772e+02
1.457211593492304473e+02
1.459447676033498169e+02
1.460413929785495952e+02
1.461003287119225149e+02
