5.355295100031992384e+00
5.358290359846416884e+00
5.368597911701274761e+00
5.381252706101974148e+00
5.386109683537267045e+00
5.397733008613241346e+00
5.401407985757096242e+00
5.422516885837347367e+00
5.437747161535915197e+00
5.444881749754563849e+00
5.461391864400000351e+00
5.471338096869034828e+00
5.483237567447579508e+00
5.522355980935518716e+00
5.539326669354005084e+00
5.540140444110775775e+00
5.561815054257251312e+00
5.567261618654172572e+00
5.574289731615301058e+00
5.601335960045462414e+00
5.618063746046219720e+00
5.629008181089014684e+00
5.672638773339418350e+00
5.681083386792570522e+00
5.698908867675155143e+00
5.718387169597163755e+00
5.729133530820242015e+00
5.739264784476650227e+00
5.745773859264021510e+00
5.775540461667027614e+00
5.778377535675326193e+00
5.784853507991496002e+00
5.793122121047265871e+00
5.804443755448763120e+00
5.817465836866693607e+00
5.843272153800405100e+00
5.850718385579316561e+00
5.856217535338709368e+00
5.856400877061131105e+00
5.857004511504639410e+00
5.866958468366734181e+00
5.872266490682934048e+00
5.881170858071201657e+00
5.886820762649927374e+00
5.891028553859121608e+00
5.907646967987560060e+00
5.919161009960014930e+00
5.928037748042439326e+00
