6.720583250327035785e+01
6.726137385801695245e+01
6.748895405228877564e+01
6.790281822050400251e+01
6.812812166184990303e+01
6.874905477907266516e+01
6.892166193578115951e+01
6.964769164551387348e+01
7.003448778836232691e+01
7.019883293697859017e+01
7.055942279045304133e+01
7.077161757415413490e+01
7.102824446784991608e+01
7.199977525413409296e+01
7.256400530266417093e+01
7.259419622349034285e+01
7.343640538177021426e+01
7.363321415303282436e+01
7.386761830523118988e+01
7.460358110916000385e+01
7.498067455838162232e+01
7.521251232413862908e+01
7.613501669667277838e+01
7.633295960607109976e+01
7.680887534797831506e+01
7.750095693849196721e+01
7.798968354025089411e+01
7.845220617708235977e+01
7.871451033265809372e+01
7.960451614623151784e+01
7.967343781886820864e+01
7.982523619782740809e+01
8.001064065145978077e+01
8.025528289643588664e+01
8.053267638276392404e+01
8.111622583582966683e+01
8.130817847196723847e+01
8.146310734860917080e+01
8.146851846339683334e+01
8.148646057867944137e+01
8.181767715723631795e+01
8.203241189921017451e+01
8.247298441680273129e+01
8.276887415305911588e+01
8.296023919050388429e+01
8.345821479573434942e+01
8.367423945060141932e+01
8.380654615020664266e+01
