2.000000796623498900e+01
2.005604835435406130e+01
2.012029000318398175e+01
2.019184352510819735e+01
2.026946789161956985e+01
2.035166780896543059e+01
2.043675663504109252e+01
2.052293185776397877e+01
2.060835070993925910e+01
2.069120578094043594e+01
2.076979585261324246e+01
2.084259240763276466e+01
2.090830175067640084e+01
2.096592187344685954e+01
2.101479386227401847e+01
2.105465289083804237e+01
2.108567624049283040e+01
2.110852794943821209e+01
2.112440163298742846e+01
2.113505897880531847e+01
2.114282193824692513e+01
