5.019008349122595973e+02
5.020926210261702067e+02
5.028784496387182799e+02
5.043074906050357527e+02
5.050854459045531257e+02
5.072294918082902768e+02
5.078254963649753222e+02
5.103324470988068242e+02
5.116680412117110563e+02
5.122355204644941296e+02
5.134806295039053339e+02
5.142133349326738880e+02
5.150994649774894469e+02
5.184541604999120636e+02
5.204024538259217252e+02
5.205067036143940413e+02
5.234148737355617413e+02
5.240944613804923620e+02
5.249038681020178956e+02
5.274451831000874336e+02
5.287473088413365758e+02
5.295478594207995684e+02
5.327333339482684096e+02
5.334168469726969306e+02
5.350602261567972846e+02
5.374500540746206525e+02
5.391376819630605723e+02
5.407348276775065870e+02
5.416405965723507734e+02
5.447139087973472442e+02
5.449519056392498442e+02
5.454760885400598909e+02
5.461163190140800907e+02
5.469611077671900148e+02
5.479189928260906299e+02
5.499340876455657963e+02
5.505969336275570640e+02
5.511319305881262380e+02
5.511506161367119603e+02
5.512125734812610744e+02
5.523563249891084297e+02
5.530978449793745995e+02
5.546192373336311903e+02
5.556410367896149864e+02
5.563019110631346393e+02
5.580219523032790221e+02
5.587683849822340107e+02
5.592256855550523369e+02
