2.634122192637769331e+02
2.633836665955418539e+02
2.632568498436683058e+02
2.629976154190918010e+02
2.628473157908101712e+02
2.624207095424130785e+02
2.623012730715798853e+02
2.618000893991873568e+02
2.615329030465373421e+02
2.614188504931002512e+02
2.611664731693718977e+02
2.610159448474895498e+02
2.608310604867968436e+02
2.600845829547026256e+02
2.595998370529057411e+02
2.595725912770412833e+02
2.587586066458280243e+02
2.585548987570614372e+02
2.583071136715250873e+02
2.575046589320869543e+02
2.570855342771958476e+02
2.568261465290120213e+02
2.557724367984149012e+02
2.555387787044205083e+02
2.549610687904218480e+02
2.540788519945939186e+02
2.534324710814479431e+02
2.528128221896027128e+02
2.524612335391477700e+02
2.512797893363252228e+02
2.511890594029536032e+02
2.509894151982633161e+02
2.507456845647199373e+02
2.504236392683467898e+02
2.500567686320369774e+02
2.492736214297487436e+02
2.490114899775769857e+02
2.487980669838430856e+02
2.487905824304535258e+02
2.487657504700401603e+02
2.483032906651036456e+02
2.479994824657160564e+02
2.473674945481257623e+02
2.469378298054642471e+02
2.466584113935382447e+02
2.459290357811069043e+02
2.456132480973415966e+02
2.454205472089948330e+02
