1.212805107276539829e+01
1.213212384644696229e+01
1.214446189412179677e+01
1.215348718453879151e+01
1.215397708055840731e+01
1.215182910903352109e+01
1.215233067261590527e+01
1.216743655201799257e+01
1.218451648125696707e+01
1.219325657170913679e+01
1.221430917670326366e+01
1.222717215350576048e+01
1.224238347720928211e+01
1.228606874030026219e+01
1.229821661572498925e+01
1.229865232629275340e+01
1.230859191062407021e+01
1.231183373686932470e+01
1.231695799354388754e+01
1.234461242550720605e+01
1.236544008403653372e+01
1.237978284829913100e+01
1.243722410407868573e+01
1.244748547092682855e+01
1.246653195298223160e+01
1.247957938362113417e+01
1.248195157629525376e+01
1.248411726087877049e+01
1.248708973532751543e+01
1.251471004450102953e+01
1.251806359088958231e+01
1.252596929857800312e+01
1.253644604462838963e+01
1.255121230257973508e+01
1.256838428633802529e+01
1.260092071998985830e+01
1.260925769106702710e+01
1.261482637752346214e+01
1.261500105553074391e+01
1.261557051048860423e+01
1.262338130994750252e+01
1.262584413565941155e+01
1.262639299686008876e+01
1.262602477492489861e+01
1.262705473291358338e+01
1.264267200237310895e+01
1.265926302235689960e+01
1.267358376413230658e+01
