7.548743997755082091e+01
7.550140701447521963e+01
7.555755788231451220e+01
7.565289529484961406e+01
7.570000744274400972e+01
7.581008778517498570e+01
7.583565222763478175e+01
7.592283329098845002e+01
7.595799949650090355e+01
7.597081265135025774e+01
7.599428954140132930e+01
7.600480721128472794e+01
7.601371078779251889e+01
7.599682327807011006e+01
7.594006297846918585e+01
7.593595211268561229e+01
7.577987493406698150e+01
7.573324356675954050e+01
7.567373384794068158e+01
7.546591046357191601e+01
7.535074362123607727e+01
7.527763693041023885e+01
7.496709573513459191e+01
7.489534440165273566e+01
7.471380491560415749e+01
7.442728891309191397e+01
7.421280353789929052e+01
7.400591854830629757e+01
7.388877266285395251e+01
7.350107958197880009e+01
7.347181517097163805e+01
7.340767949195094388e+01
7.332982249704390654e+01
7.322754887419905856e+01
7.311154736425881140e+01
7.286365924905857128e+01
7.278007171574235201e+01
7.271166691194868292e+01
7.270926192463809912e+01
7.270127973012483835e+01
7.255176905220956485e+01
7.245270726133969674e+01
7.224499461255383892e+01
7.210306984852982737e+01
7.201070986299416177e+01
7.176998549608376265e+01
7.166590219847303445e+01
7.160232817335692346e+01
