4.166002123479847796e+01
4.176150604861482662e+01
4.274020620209296339e+01
4.333621036191715348e+01
4.336951336242380961e+01
4.358001253681144505e+01
4.422249569716424844e+01
4.497963051598780027e+01
4.514550605917458626e+01
4.613288674637649933e+01
4.629467256058657654e+01
4.657803182813002252e+01
4.688840552443917886e+01
4.782673947542325976e+01
4.832872642958556497e+01
4.853291234354713879e+01
4.924033127652781161e+01
4.970837822219863966e+01
5.004166279252505944e+01
5.048645789540903195e+01
5.100443877000274284e+01
5.148252253851793370e+01
5.230361132435604787e+01
5.245406974327553229e+01
5.289821831495679305e+01
5.359867262891965112e+01
5.408239021534497937e+01
5.439115109246599644e+01
5.446967603086687149e+01
5.529386874439398269e+01
5.538589883850975326e+01
5.615008969506421010e+01
5.684768592675342092e+01
5.918417703869504720e+01
6.161361622799725524e+01
6.165381873435734406e+01
6.184760721153256213e+01
6.194403022247218615e+01
6.196507367122598708e+01
6.286020239282536437e+01
6.324275050575207047e+01
6.325437141252727713e+01
6.337183675294765806e+01
