1.947857707436360286e+01
1.948389637793151863e+01
1.949872228149264330e+01
1.950420551277149883e+01
1.950011540161251133e+01
1.948330477589976795e+01
1.948041137254703870e+01
1.948914652886870158e+01
1.950830917672939080e+01
1.951883030588578549e+01
1.954491868297500901e+01
1.956102559360490289e+01
1.957994356392640611e+01
1.962917030739459179e+01
1.963649552330714698e+01
1.963654326777248826e+01
1.963433664859730499e+01
1.963530594011541908e+01
1.963849490230071382e+01
1.966712606745024772e+01
1.969251301902026796e+01
1.971059717915611031e+01
1.978317656961938908e+01
1.979543705463684233e+01
1.981587856939290049e+01
1.982206616212502226e+01
1.981544284216052176e+01
1.980904818864806671e+01
1.980822539675151006e+01
1.983361924345520677e+01
1.983753842936580369e+01
1.984700590126785968e+01
1.985988958665549831e+01
1.987840603657183536e+01
1.990009448903907341e+01
1.993997138093658705e+01
1.994929318526671125e+01
1.995495503219992628e+01
1.995512097858063427e+01
1.995565559014412926e+01
1.996118947583057235e+01
1.996060382679637613e+01
1.995218148346011589e+01
1.994535459486087348e+01
1.994298310942816954e+01
1.995762284858302849e+01
1.997975680454753444e+01
1.999999930050711683e+01
