1.872523051401367411e+01
1.872991807001445608e+01
1.874245061263157908e+01
1.874468458431913831e+01
1.873913823241030485e+01
1.871861922827911684e+01
1.871464004749946497e+01
1.871801178866607529e+01
1.873374579576100629e+01
1.874271434715030793e+01
1.876527330433363261e+01
1.877927153217836675e+01
1.879566143082911367e+01
1.883625854313802961e+01
1.883951731652696182e+01
1.883936442415247114e+01
1.883186859761774556e+01
1.883159294546162243e+01
1.883324320595929890e+01
1.885646092341822211e+01
1.887871995870042596e+01
1.889479786540313100e+01
1.895940520783542027e+01
1.897008231431764003e+01
1.898705749428365408e+01
1.898909318359982379e+01
1.897995666716182939e+01
1.897119290004601311e+01
1.896892240801733109e+01
1.898834119723145264e+01
1.899172350897471517e+01
1.899997652538175785e+01
1.901132607610065506e+01
1.902775914524054812e+01
1.904705651155533985e+01
1.908211290523417958e+01
1.908999129685774676e+01
1.909455862806631643e+01
1.909468755511322513e+01
1.909510001334237828e+01
1.909854460451659364e+01
1.909676523474529830e+01
1.908618006219952790e+01
1.907795962424997072e+01
1.907461795124750381e+01
1.908598486460591559e+01
1.910612276914392282e+01
1.912489687011136041e+01
