7.826590078262094075e+00
7.828788058525987026e+00
7.835024352090539601e+00
7.837830736299434164e+00
7.836546972638353203e+00
7.830795759710073689e+00
7.829896277975874952e+00
7.834335199941380168e+00
7.842379958730967715e+00
7.846719824041727520e+00
7.857380205831477227e+00
7.863916159443784970e+00
7.871560477621128982e+00
7.891288141466759498e+00
7.894164251081319250e+00
7.894180890914292092e+00
7.893300118571071167e+00
7.893713318809840729e+00
7.895031855612892890e+00
7.906680944268712707e+00
7.916942968805048331e+00
7.924232460477577789e+00
7.953308840657005163e+00
7.958171779880986563e+00
7.966165043131227641e+00
7.968176003322378520e+00
7.965089976359720936e+00
7.962066385675035995e+00
7.961458742907503883e+00
7.970616609074587799e+00
7.972102760675037203e+00
7.975707247952207979e+00
7.980631434482497788e+00
7.987722437403961706e+00
7.996018152309143368e+00
8.011076781615805942e+00
8.014481595895851740e+00
8.016474009938013623e+00
8.016530707714785819e+00
8.016712373297103511e+00
8.018311624334081955e+00
8.017662253960800456e+00
8.013423438918026775e+00
8.010118383871093428e+00
8.008814767209404550e+00
8.013863958667259979e+00
8.022445968237402525e+00
8.030407605764175116e+00
