5.430205879282584647e+01
5.436992009924328784e+01
5.464797656852120156e+01
5.515362520229733434e+01
5.542889391310017544e+01
5.618752946346987187e+01
5.639841456392261421e+01
5.728544645256879875e+01
5.775801455791602734e+01
5.795880272755677254e+01
5.839935131651817812e+01
5.865859847042568731e+01
5.897212953609803066e+01
6.015907978628066388e+01
6.084841295164763153e+01
6.088529781994458290e+01
6.191423839156890807e+01
6.215468184863589585e+01
6.244105551481352734e+01
6.334018458678879426e+01
6.380087939858835711e+01
6.408411475700090421e+01
6.521112982116997614e+01
6.545295384900602187e+01
6.603437212015059288e+01
6.687987367717703080e+01
6.747693831329750935e+01
6.804198819772653906e+01
6.836243642371469775e+01
6.944972369557370939e+01
6.953392259388849084e+01
6.971936861275608521e+01
6.994586963701834748e+01
7.024473866551448964e+01
7.058361790459122176e+01
7.129651213433238865e+01
7.153101085919853119e+01
7.172027937067149139e+01
7.172688984394085310e+01
7.174880877773684063e+01
7.215343821894512644e+01
7.241576786922173881e+01
7.295399336399520962e+01
7.331547574714312532e+01
7.354927294409827709e+01
7.415776891921866820e+01
7.442183194329268758e+01
7.458360931137006844e+01
