1.196028306221797344e+01
1.196432851588883572e+01
1.197661401768292144e+01
1.198572631055705351e+01
1.198632332952422175e+01
1.198451489858148911e+01
1.198509485305335431e+01
1.200034887306205711e+01
1.201738264106525378e+01
1.202608276939255916e+01
1.204702231618864161e+01
1.205981265648636480e+01
1.207494142001795723e+01
1.211851148510112886e+01
1.213077802313427256e+01
1.213122307120332621e+01
1.214145329647729099e+01
1.214474991085104527e+01
1.214992160427878787e+01
1.217756207039298921e+01
1.219828869108431491e+01
1.221254752955373135e+01
1.226964707913403885e+01
1.227986344131883634e+01
1.229887973271667612e+01
1.231208732539796280e+01
1.231466871775748650e+01
1.231703464768358458e+01
1.232009700718278111e+01
1.234778151764949605e+01
1.235112331323991874e+01
1.235899597797477867e+01
1.236942105044111173e+01
1.238410613966950535e+01
1.240118019441845121e+01
1.243356027278892739e+01
1.244187851334517525e+01
1.244744811399220730e+01
1.244762309769003217e+01
1.244819370080046639e+01
1.245606300006219413e+01
1.245859964426711208e+01
1.245936191971484241e+01
1.245914683898741870e+01
1.246025807466717694e+01
1.247590678530986885e+01
1.249237503848600461e+01
1.250656283373787048e+01
