1.777617085742829772e+01
1.778178759658329611e+01
1.779813047031620599e+01
1.780712051963202214e+01
1.780505362520800006e+01
1.779306235601656283e+01
1.779115524603831844e+01
1.780208516706297317e+01
1.782143437258025997e+01
1.783194515797504209e+01
1.785804576841204749e+01
1.787429712923434622e+01
1.789364034593281261e+01
1.794808142512837534e+01
1.796093348022972691e+01
1.796130838224037518e+01
1.796819313645654503e+01
1.797100135141722177e+01
1.797610426164777664e+01
1.800842644851521968e+01
1.803442640405913266e+01
1.805259183614770180e+01
1.812517123947873543e+01
1.813770883048625393e+01
1.815961177441900176e+01
1.816989791806690846e+01
1.816691792297529773e+01
1.816369904548582426e+01
1.816428564554460223e+01
1.819126849310720573e+01
1.819510657353331951e+01
1.820431533384068956e+01
1.821676313102359757e+01
1.823458647925132681e+01
1.825548702716382721e+01
1.829461025973097676e+01
1.830418130638643603e+01
1.831027705117904958e+01
1.831046209632847876e+01
1.831106196949905396e+01
1.831833668355088918e+01
1.831939965513710433e+01
1.831531759383960889e+01
1.831167842478177477e+01
1.831121846851576862e+01
1.832889079040086955e+01
1.835079670079757008e+01
1.837023295663593814e+01
