1.535202804496114126e+00
1.538799254842974529e+00
1.552417173513777282e+00
1.573341082049906969e+00
1.583156891958940271e+00
1.606945576040191170e+00
1.613160718390329595e+00
1.639799904421233023e+00
1.655088476820072652e+00
1.661887770310691126e+00
1.677419555079794122e+00
1.686908096428850090e+00
1.698654410414097482e+00
1.744269224360522008e+00
1.770420010223754392e+00
1.771799244751304236e+00
1.809449197018801581e+00
1.818065912838287890e+00
1.828277682663969728e+00
1.860182526159188887e+00
1.876480085789378860e+00
1.886457701483019944e+00
1.925243462918544202e+00
1.933252111789503402e+00
1.951904204647924024e+00
1.977545324022211393e+00
1.994917041870048591e+00
2.011213703498784700e+00
2.020533291487962124e+00
2.053166959324177032e+00
2.055762018252357937e+00
2.061502071045837603e+00
2.068545090720788515e+00
2.077853744830709726e+00
2.088354992866439996e+00
2.109840015972648253e+00
2.116625621816376146e+00
2.121979359248331143e+00
2.122164305364079961e+00
2.122776557833731648e+00
2.133810966801457987e+00
2.140716429593281678e+00
2.154493505419366350e+00
2.163728243302687204e+00
2.169851065402981671e+00
2.187138297595548231e+00
2.195627383700339941e+00
2.201237832213137846e+00
