1.540616590596677270e+03
1.540530788257909990e+03
1.540164007665953704e+03
1.539452127923240369e+03
1.539049795930934124e+03
1.537918816124918749e+03
1.537602208109069124e+03
1.536267146160898619e+03
1.535551778329263698e+03
1.535246177848793195e+03
1.534570786193205549e+03
1.534169410562321900e+03
1.533679119544415698e+03
1.531754565506934796e+03
1.530568247242421421e+03
1.530503076777985370e+03
1.528615381073003391e+03
1.528156630030285214e+03
1.527603311503061150e+03
1.525831705544990655e+03
1.524912022227372972e+03
1.524344044629024893e+03
1.522057826139234294e+03
1.521558773844148391e+03
1.520341441958824134e+03
1.518525161605074118e+03
1.517216771974646235e+03
1.515969166267813762e+03
1.515260864485848288e+03
1.512865225495177128e+03
1.512680178902093758e+03
1.512272650234209095e+03
1.511774735273719671e+03
1.511116876311918759e+03
1.510368800672871430e+03
1.508783287382929075e+03
1.508257437594125577e+03
1.507831334915880461e+03
1.507816425456037223e+03
1.507766975673048364e+03
1.506850546253137509e+03
1.506252916794468774e+03
1.505019051770701935e+03
1.504185438732941975e+03
1.503644632901825844e+03
1.502233522194439729e+03
1.501620965032802133e+03
1.501246150054103282e+03
