9.391282434500855203e+00
9.395957738201513365e+00
9.411191102435115141e+00
9.426485825598488688e+00
9.430479155672184532e+00
9.436516546515330006e+00
9.438678220424941756e+00
9.457533612065592621e+00
9.475035708437021142e+00
9.483823361448903810e+00
9.505073801937790279e+00
9.518301766869349478e+00
9.534387138480477475e+00
9.587444948335368977e+00
9.609172070741731631e+00
9.610171413452253120e+00
9.635723740125399672e+00
9.642126703616165528e+00
9.650552232364118410e+00
9.684694973152979003e+00
9.706709559628503570e+00
9.721284562697375620e+00
9.779032613391246187e+00
9.789797473014564488e+00
9.811336744055569881e+00
9.831198500618290481e+00
9.839587544376705353e+00
9.846991860852348566e+00
9.852291539230279227e+00
9.882572590350653385e+00
9.885797332531053527e+00
9.893287738609407356e+00
9.903059764489601235e+00
9.916700451203922739e+00
9.932588196284962478e+00
9.963880736751313805e+00
9.972614734224634958e+00
9.978881931628079016e+00
9.979087416264748711e+00
9.979762163405073494e+00
9.990388382393836864e+00
9.995522494491055454e+00
1.000311197943081076e+01
1.000791823703471550e+01
1.001205172844521840e+01
1.003259067481678457e+01
1.004880717207984908e+01
1.006181442881830890e+01
