1.076726642154302681e+03
1.076889581931830890e+03
1.077562768903209871e+03
1.078800094849861580e+03
1.079476218049891713e+03
1.081337687537181637e+03
1.081854032923474733e+03
1.084022478732508944e+03
1.085176775697667836e+03
1.085667130452733772e+03
1.086742809044281557e+03
1.087375703820016270e+03
1.088141160070267233e+03
1.091046008522403554e+03
1.092745699481255997e+03
1.092837006815851737e+03
1.095397364116593508e+03
1.095998336625494403e+03
1.096714668117660494e+03
1.098963688499940417e+03
1.100114842117373883e+03
1.100822334727399948e+03
1.103640375705550696e+03
1.104246255181135894e+03
1.105704656755797032e+03
1.107827109670202162e+03
1.109324818246473797e+03
1.110740642221402823e+03
1.111542960654348008e+03
1.114262691089530335e+03
1.114473133957251775e+03
1.114936520389717771e+03
1.115502272085378763e+03
1.116248376750243779e+03
1.117093792765701664e+03
1.118870764937273407e+03
1.119455107347025660e+03
1.119926791771351191e+03
1.119943267506033180e+03
1.119997898493429830e+03
1.121006713348147514e+03
1.121661139703954404e+03
1.123004744273041524e+03
1.123907411224942052e+03
1.124491076422159495e+03
1.126008542274750880e+03
1.126666199416751624e+03
1.127068957716649948e+03
