3.109017504155635834e+02
3.111986760540499972e+02
3.141216586711258287e+02
3.159088287311470253e+02
3.160066155994649648e+02
3.166159445482836645e+02
3.183432635673691493e+02
3.200209389588205227e+02
3.203297415942575412e+02
3.217674180318562662e+02
3.219486595579983828e+02
3.222393395944822032e+02
3.225264513070349608e+02
3.232727052081960437e+02
3.236226261267992186e+02
3.237546210005591547e+02
3.241464145492698776e+02
3.243311867966802993e+02
3.244190783614771476e+02
3.244773678474290932e+02
3.244653078484794264e+02
3.243896844346913895e+02
3.241486497520660919e+02
3.240905694682331841e+02
3.238893145677508869e+02
3.234438976142282058e+02
3.229970033688900912e+02
3.226308056490834133e+02
3.225261295469460947e+02
3.211068841293704850e+02
3.209097962135700755e+02
3.189691875319481369e+02
3.167610009651838823e+02
3.071388602878315055e+02
2.933849860405274512e+02
2.931241336467419387e+02
2.918557255600304643e+02
2.912182654917552895e+02
2.910786230658718523e+02
2.849978101564767030e+02
2.823263629003952815e+02
2.822444648411169510e+02
2.814137708091864170e+02
