4.796353440995153505e+01
4.801044588600605323e+01
4.820265368809530315e+01
4.855217184218948034e+01
4.874244525919873183e+01
4.926684464914635697e+01
4.941261853060841958e+01
5.002577967533968462e+01
5.035244419096994761e+01
5.049124034310192144e+01
5.079577373984712807e+01
5.097498159535476958e+01
5.119171475421194373e+01
5.201222949686060559e+01
5.248877058955848440e+01
5.251426960700256785e+01
5.322558119784860509e+01
5.339179948114753671e+01
5.358977677551640539e+01
5.421161420273732290e+01
5.453060344430659256e+01
5.472694856129491825e+01
5.551090572201534457e+01
5.567979624996714705e+01
5.608684349649790590e+01
5.668064404414819535e+01
5.710047562573083013e+01
5.749750892532973978e+01
5.772237929165790149e+01
5.848323678438520545e+01
5.854201849034200933e+01
5.867142080590043207e+01
5.882936238690984254e+01
5.903760983169014764e+01
5.927356987434519908e+01
5.976971214725643478e+01
5.993295034585025149e+01
6.006475491341726780e+01
6.006935945067326088e+01
6.008462770004314280e+01
6.036667197057816736e+01
6.054975887888659258e+01
6.092606227191438961e+01
6.117922669800729096e+01
6.134304818221384892e+01
6.176880034350132576e+01
6.195267314795339786e+01
6.206482481398147399e+01
