6.437397758615406929e+01
6.438127009403713430e+01
6.441585755502082122e+01
6.449282984364300830e+01
6.453943043661341505e+01
6.467453943672484229e+01
6.471251462541030719e+01
6.487031032893442273e+01
6.495305562565364710e+01
6.498813360418543539e+01
6.506547236634193609e+01
6.511157399534944545e+01
6.516836525071975927e+01
6.540262406488830038e+01
6.556015929709555223e+01
6.556912367422795285e+01
6.584017593623899245e+01
6.590848407219898775e+01
6.599154252335681292e+01
6.625879576689386852e+01
6.639662220445588048e+01
6.648120296008337959e+01
6.681975472197248678e+01
6.689398129204838028e+01
6.707660240593369849e+01
6.735320311563677365e+01
6.755369699583822296e+01
6.774358259459116027e+01
6.785012859623353165e+01
6.820118360085220388e+01
6.822770656415882229e+01
6.828586700138212962e+01
6.835651472937956896e+01
6.844931277193501273e+01
6.855435026447932501e+01
6.877656754992700883e+01
6.885042308205451889e+01
6.891037821061627255e+01
6.891247796491619226e+01
6.891944310212819857e+01
6.904878352359486371e+01
6.913337014334734931e+01
6.930836637620419083e+01
6.942658888247866855e+01
6.950313214652854299e+01
6.970153472488753721e+01
6.978669111441533346e+01
6.983838344784184926e+01
