1.047929897835335566e+01
1.047885112222764725e+01
1.047350440692822460e+01
1.045321766300304311e+01
1.043891077778899934e+01
1.039849808108605167e+01
1.038874195103844222e+01
1.036141111315402163e+01
1.035626080794079762e+01
1.035568634799611054e+01
1.035673515791179788e+01
1.035820175119385667e+01
1.036011091959875507e+01
1.035962474636758834e+01
1.035103410864803131e+01
1.035045322906458942e+01
1.033486846861918274e+01
1.033269533380551941e+01
1.033150728248782535e+01
1.033972999763675382e+01
1.035067401846921520e+01
1.035899800063266163e+01
1.039395392624638248e+01
1.039991102396583500e+01
1.040963255721895919e+01
1.041169581859252524e+01
1.040766632124003621e+01
1.040414376881317793e+01
1.040381864450700355e+01
1.041874411323780869e+01
1.042100064358912981e+01
1.042644126553632589e+01
1.043383225077496412e+01
1.044445040869754138e+01
1.045691415721435291e+01
1.048012803289451078e+01
1.048572681899162795e+01
1.048924122792498714e+01
1.048934680716777201e+01
1.048968844668572942e+01
1.049365529044150591e+01
1.049397738014173420e+01
1.049077680987810268e+01
1.048805933917570776e+01
1.048745312211753955e+01
1.049739168095535291e+01
1.051040018998832615e+01
1.052204509686215950e+01
