1.092112680291274174e+00
1.091978561813794268e+00
1.089919468690801363e+00
1.087507638086061768e+00
1.087341093885832111e+00
1.086209166304531015e+00
1.081947347392605563e+00
1.075695096791055239e+00
1.074218643514554650e+00
1.065474733676962105e+00
1.064147536658538451e+00
1.061962243491111568e+00
1.059815230818620835e+00
1.055270051519929808e+00
1.054124633998442917e+00
1.053896711508196971e+00
1.053954056035728337e+00
1.054463334368753058e+00
1.054903243024322146e+00
1.055428233456762177e+00
1.055742353887524576e+00
1.055596468360403772e+00
1.054278071723189658e+00
1.053916074305042860e+00
1.052734469446903409e+00
1.050961466319729531e+00
1.050249137881698935e+00
1.050191522962877544e+00
1.050238020548899476e+00
1.052526817543766535e+00
1.053005367136836012e+00
1.058753150893217976e+00
1.066395485157706657e+00
1.093444257418961341e+00
1.093906514474733749e+00
1.093752016705135333e+00
1.093052075780953425e+00
1.092744539988726782e+00
1.092682144628551288e+00
1.092911545142699392e+00
1.095802507927220670e+00
1.095926887882761491e+00
1.097319055413357614e+00
