1.403082630145248721e+01
1.403352561613036897e+01
1.403958835633274660e+01
1.403522476264011587e+01
1.402778951496681614e+01
1.400340155271562104e+01
1.399792051606053889e+01
1.398995925328653733e+01
1.399617658015714206e+01
1.400053204898295611e+01
1.401225274243171448e+01
1.401969512923039751e+01
1.402829480495689474e+01
1.404480541380542924e+01
1.403918706426141050e+01
1.403864154656027985e+01
1.402101567586912090e+01
1.401800630122938607e+01
1.401590638310020331e+01
1.402284142962310298e+01
1.403416856270126800e+01
1.404292903976607043e+01
1.407829171031501936e+01
1.408349957527967611e+01
1.408951657474928076e+01
1.408132550534755190e+01
1.406764005295056741e+01
1.405461665892463508e+01
1.404926017567838237e+01
1.405143955148758650e+01
1.405301771456767845e+01
1.405709652566300072e+01
1.406303104263413672e+01
1.407195610401657326e+01
1.408257715174754487e+01
1.410078171671802849e+01
1.410403633580585847e+01
1.410532225944382922e+01
1.410534427192387241e+01
1.410540600525249033e+01
1.410342472404599157e+01
1.409913717535101263e+01
1.408515427033654177e+01
1.407493876013894685e+01
1.406981551504200745e+01
1.407153153005831392e+01
1.408367721620594715e+01
1.409594373033517911e+01
