4.332519369988887981e+00
4.327962614631977623e+00
4.285350277653820150e+00
4.255383646414841792e+00
4.253523499794324536e+00
4.241213314909908050e+00
4.196893895387352913e+00
4.129707618824705051e+00
4.112715867468543784e+00
3.995499334513207934e+00
3.973896246562774071e+00
3.934656536268423377e+00
3.889827637940567850e+00
3.745237160423379397e+00
3.664102344465867578e+00
3.630647043794226203e+00
3.513634379385461859e+00
3.435897601849932759e+00
3.380672019930077710e+00
3.307420089600065616e+00
3.223235362187123698e+00
3.147214248881132548e+00
3.022714899997520632e+00
3.001043936767432196e+00
2.939773434359929549e+00
2.853250350181346207e+00
2.802371785882874278e+00
2.774242962792501821e+00
2.767660744058081601e+00
2.713129749766924004e+00
2.708701748683491228e+00
2.684149621050400114e+00
2.678192193798957899e+00
2.699685951058901079e+00
2.662419928407601777e+00
2.661586802246408201e+00
2.657936220976238495e+00
2.656395906197950740e+00
2.656088475077996947e+00
2.657611062716182193e+00
2.671082620780662165e+00
2.671651705823371525e+00
2.677986208605373175e+00
