3.509487281441688538e+02
3.504692998738163965e+02
3.460828206812336134e+02
3.434574497597652112e+02
3.433068201976922751e+02
3.423381696672337284e+02
3.391358077933392678e+02
3.347169729407139016e+02
3.336455090062750628e+02
3.265868485112651456e+02
3.253415826618086157e+02
3.231207769958170957e+02
3.206463594065748453e+02
3.130756653452096998e+02
3.090508784485422780e+02
3.074254310395891139e+02
3.018413182490480722e+02
2.981761224417631411e+02
2.955764964007085496e+02
2.921227344236260137e+02
2.881374413644830952e+02
2.845163817397007051e+02
2.784772412172564486e+02
2.773961047950119223e+02
2.742388253526927997e+02
2.692829239909804073e+02
2.657751447203830821e+02
2.634522665358038012e+02
2.628476015789307212e+02
2.560584394043776229e+02
2.552426142055421110e+02
2.479653705614759929e+02
2.405481596007167866e+02
2.115984448239719029e+02
1.749985287751807164e+02
1.743076021467091152e+02
1.709248100925434244e+02
1.692079828877276100e+02
1.688302072132698299e+02
1.515769535366703735e+02
1.433474548223919669e+02
1.430877328598990630e+02
1.404275014732762088e+02
