1.472230184586660471e+03
1.472387995372135947e+03
1.473035645407470611e+03
1.474212794575677663e+03
1.474850747128653438e+03
1.476590575794927872e+03
1.477068681767579392e+03
1.479053011531225366e+03
1.480093764213766008e+03
1.480532813894630408e+03
1.481489945879435254e+03
1.482049400706617917e+03
1.482722457755259938e+03
1.485239200795242596e+03
1.486681842869164711e+03
1.486758700387951649e+03
1.488889368274803701e+03
1.489383285647683351e+03
1.489969305400190024e+03
1.491791317884032651e+03
1.492713599606671323e+03
1.493276932336194704e+03
1.495496009192723932e+03
1.495968731208999998e+03
1.497102088729307297e+03
1.498742767783033059e+03
1.499894237536120727e+03
1.500976186970199478e+03
1.501585810908861731e+03
1.503632581957879211e+03
1.503789842410319579e+03
1.504135698844127546e+03
1.504557280708989765e+03
1.505112390862787834e+03
1.505740604711310652e+03
1.507059793780040081e+03
1.507493413624447385e+03
1.507843370922688109e+03
1.507855593642309032e+03
1.507896121662046880e+03
1.508644332440022481e+03
1.509129511668036230e+03
1.510125320071573015e+03
1.510794401065407328e+03
1.511227223860187905e+03
1.512353501318975987e+03
1.512841765665599723e+03
1.513140580352991492e+03
