1.082292319418264093e+01
1.082336414629141075e+01
1.082112937951155907e+01
1.080452605650517484e+01
1.079128585139150864e+01
1.075099622149314982e+01
1.074064032890472831e+01
1.070817973396265366e+01
1.069861422000436768e+01
1.069578929346741170e+01
1.069104854972968965e+01
1.068851631302009331e+01
1.068494873730981531e+01
1.065647977389573064e+01
1.062580692698501750e+01
1.062391940108440913e+01
1.056693353477595032e+01
1.055378240184949590e+01
1.053893177950248550e+01
1.050052763883916640e+01
1.048565891082131962e+01
1.047754430912583423e+01
1.044324873329517800e+01
1.043360296850790370e+01
1.040480536247683041e+01
1.034847666777434050e+01
1.030169642326964485e+01
1.025673844025355663e+01
1.023255559118060631e+01
1.016498193687906060e+01
1.016076257414163386e+01
1.015189853595604497e+01
1.014173961167530180e+01
1.012906407396797803e+01
1.011491400339851943e+01
1.008132389505129645e+01
1.006795417717965258e+01
1.005604194736102741e+01
1.005560675482707467e+01
1.005415433441606510e+01
1.002472202851873284e+01
1.000308971093014065e+01
9.954043912901555657e+00
9.919903305183092712e+00
9.898697709080511942e+00
9.854021769283496823e+00
9.842896578921308759e+00
9.839633581847646582e+00
