2.615253741405394976e+02
2.616150012614363618e+02
2.619822577426755856e+02
2.626501469291465014e+02
2.630137404364584768e+02
2.640157960838720328e+02
2.642943477572567303e+02
2.654660109009212761e+02
2.660902225725224639e+02
2.663554429934474115e+02
2.669373636937160654e+02
2.672798043606799752e+02
2.676939500782054324e+02
2.692618154007678868e+02
2.701723772718655709e+02
2.702210998062915905e+02
2.715802704739690512e+02
2.718978842462962007e+02
2.722761705261647194e+02
2.734638848651096055e+02
2.740724484334484146e+02
2.744465948694034410e+02
2.759353628162007226e+02
2.762548104604023820e+02
2.770228618685552533e+02
2.781397712105654136e+02
2.789284988086329804e+02
2.796749386989304753e+02
2.800982577114648961e+02
2.815345945091019644e+02
2.816458239198908018e+02
2.818908041504145672e+02
2.821900197460706750e+02
2.825848367344611347e+02
2.830325100441394852e+02
2.839742777410075973e+02
2.842840632603559357e+02
2.845340975947166839e+02
2.845428304077854023e+02
2.845717865707256919e+02
2.851063258431415193e+02
2.854528793375533269e+02
2.861639068731753355e+02
2.866414353773674861e+02
2.869502716693436355e+02
2.877538809860656102e+02
2.881024256993158588e+02
2.883158554760197489e+02
