9.119434972576939913e+00
9.121902057177218026e+00
9.128795959226948753e+00
9.131443701325936857e+00
9.129641667020258922e+00
9.122228381650993256e+00
9.121019392950584503e+00
9.125707693676861965e+00
9.134958704072261071e+00
9.139993161726447823e+00
9.152429484871749565e+00
9.160095635391760638e+00
9.169105755931681756e+00
9.192905207704914261e+00
9.197038117618509645e+00
9.197105719506167176e+00
9.197680935387220202e+00
9.198606343820081577e+00
9.200704596215896203e+00
9.216264884950145841e+00
9.229361908097544642e+00
9.238593940196111021e+00
9.275666869394855851e+00
9.282066762043980290e+00
9.293207820937810837e+00
9.298359341369765829e+00
9.296849802520155137e+00
9.295377843225704595e+00
9.295865613018159834e+00
9.310761769151152834e+00
9.312830886285334842e+00
9.317778894601367767e+00
9.324438928717466268e+00
9.333932296274317864e+00
9.345011845684476626e+00
9.365584829881198559e+00
9.370561355912435886e+00
9.373701794843396939e+00
9.373796525745698105e+00
9.374103286256097789e+00
9.377730259415157477e+00
9.378124835952775129e+00
9.375566019786656824e+00
9.373327417919174565e+00
9.372857605640954048e+00
9.381497648078864771e+00
9.392707198739213226e+00
9.402729901066544826e+00
