8.959552352416540089e+01
8.950184007226422978e+01
8.904039124183141496e+01
8.799686217303775493e+01
8.737771433242052410e+01
8.566947551372653891e+01
8.521217465799132640e+01
8.339602638902935894e+01
8.248691738890288150e+01
8.210995563935362895e+01
8.129865870747194379e+01
8.082936107138057480e+01
8.026680017415672808e+01
7.808985168033385094e+01
7.666890172403759607e+01
7.658746095687513389e+01
7.407023639597952069e+01
7.342159410776984885e+01
7.262918388215577181e+01
7.008775924995087792e+01
6.879886117261726497e+01
6.801540610612477167e+01
6.484896451622886104e+01
6.412437463424799944e+01
6.226039479334362170e+01
5.920918829952674400e+01
5.686903099888318280e+01
5.461103828599556209e+01
5.334647186043991951e+01
4.929923139788203912e+01
4.900345712246615903e+01
4.835958970304180582e+01
4.758506855202465147e+01
4.657652605265219847e+01
4.543849336090942614e+01
4.298479269989117313e+01
4.213737029902915765e+01
4.143199301604715856e+01
4.140697249025453175e+01
4.132381530864201125e+01
3.973043632463791397e+01
3.863172501123964508e+01
3.619411292506689648e+01
3.441077174513351622e+01
3.319522177945616193e+01
2.982680906721236269e+01
2.829226008457382591e+01
2.733823194401198364e+01
