1.643093669414520264e+01
1.646742998759950183e+01
1.679574865413545126e+01
1.698711957200280054e+01
1.699771833964819123e+01
1.706439484805364160e+01
1.726208778610418548e+01
1.747124899346488291e+01
1.751151266180110611e+01
1.769061580119315380e+01
1.770826837751738125e+01
1.773024518176189090e+01
1.774080441547678788e+01
1.768533435949528254e+01
1.760415350754150765e+01
1.756186173546474194e+01
1.737967596837106043e+01
1.723438703581066989e+01
1.712215599229445218e+01
1.696453493782356148e+01
1.677472763150690582e+01
1.659835287592957442e+01
1.630308871552836081e+01
1.625078079045065138e+01
1.610023884050186638e+01
1.587430805557644220e+01
1.572517851169271097e+01
1.563219081268780286e+01
1.560876418134032306e+01
1.536736622174824696e+01
1.534092340495817552e+01
1.512748521107798894e+01
1.494979510339558360e+01
1.466732733072126926e+01
1.506217798102544769e+01
1.507232645074590138e+01
1.512181057664098738e+01
1.514671112258205099e+01
1.515216461400968129e+01
1.538634162315937104e+01
1.548637204533492095e+01
1.548941517015206237e+01
1.552022273866346325e+01
