1.137762176625983557e+02
1.138567128960393831e+02
1.141865356646549117e+02
1.147863218311356803e+02
1.151128381907538198e+02
1.160127132250543696e+02
1.162628604680609499e+02
1.173150400226133030e+02
1.178755921815928218e+02
1.181137639432947850e+02
1.186363363517209422e+02
1.189438519966851828e+02
1.193157589006168564e+02
1.207237090562494899e+02
1.215413927007678723e+02
1.215851454070664914e+02
1.228056735647597435e+02
1.230908879642068570e+02
1.234305851620464978e+02
1.244971366638513928e+02
1.250436165418887242e+02
1.253795930514749841e+02
1.267164725887622154e+02
1.270033280144697869e+02
1.276930164413653443e+02
1.286959676879235133e+02
1.294042198988239818e+02
1.300744969041412560e+02
1.304546216251870874e+02
1.317443958940683046e+02
1.318442754965363690e+02
1.320642580005973059e+02
1.323329415941664422e+02
1.326874710579358521e+02
1.330894626009844899e+02
1.339351267444344558e+02
1.342132991770714341e+02
1.344378177791909650e+02
1.344456594155170137e+02
1.344716606268803218e+02
1.349516504253577409e+02
1.352628381752622886e+02
1.359013075465815632e+02
1.363301163505402940e+02
1.366074588032970496e+02
1.373292897878516214e+02
1.376425363209377792e+02
1.378344460019036148e+02
