5.185327714791085008e+00
5.186472989328333227e+00
5.189435108214612846e+00
5.189566440259156366e+00
5.187971097546763666e+00
5.182727035183781084e+00
5.181877850149421150e+00
5.184380568376708354e+00
5.189889113521419794e+00
5.192932365102479686e+00
5.200572714233434368e+00
5.205388111046612920e+00
5.211197250477024312e+00
5.228906553125303169e+00
5.235021707373145539e+00
5.235291584605871407e+00
5.243293743499481074e+00
5.245936511993788187e+00
5.249794360657069170e+00
5.267875166308890300e+00
5.280448769028720513e+00
5.288944715265322394e+00
5.323386545175619489e+00
5.329949418617571766e+00
5.343364720309522475e+00
5.356719598292185580e+00
5.363345895060712465e+00
5.369713095645082923e+00
5.374132947205221278e+00
5.396935184181330669e+00
5.399235261739632641e+00
5.404527560263398200e+00
5.411347746455160923e+00
5.420752189077595595e+00
5.431591656705316851e+00
5.452788319706440845e+00
5.458720161616010813e+00
5.463000916803653517e+00
5.463141789909062851e+00
5.463604654409913053e+00
5.470976147146400237e+00
5.474631508159903959e+00
5.480219709838261899e+00
5.483712257788157629e+00
5.486559100841686742e+00
5.499772760913552716e+00
5.509873040834627922e+00
5.517902738042931077e+00
