6.293031936389154701e+00
6.295234011516390282e+00
6.301857412462905650e+00
6.306348849947261748e+00
6.306171843733218374e+00
6.302658013103894064e+00
6.301933095555999564e+00
6.304103696609804963e+00
6.308942479261773428e+00
6.311557481301195871e+00
6.317830782013094115e+00
6.321488750786357969e+00
6.325458352233262360e+00
6.330577361164714034e+00
6.324772444362898760e+00
6.324311946971960197e+00
6.308790479152844632e+00
6.305231313453762532e+00
6.301456634539810864e+00
6.294346083185176077e+00
6.293484405367903101e+00
6.293550349525141918e+00
6.292683349459081477e+00
6.291185587772924137e+00
6.284367057383612121e+00
6.266173922821374198e+00
6.249341671317542257e+00
6.233062989939248233e+00
6.224608854202837271e+00
6.204373097510464063e+00
6.203396328317562158e+00
6.201495182474324075e+00
6.199563255606179268e+00
6.197443626433775776e+00
6.195182146276765778e+00
6.188280963473630436e+00
6.184696496863000270e+00
6.181167883407218788e+00
6.181033800417138124e+00
6.180583880550957865e+00
6.170797466866309477e+00
6.163017111043535223e+00
6.144474079928124333e+00
6.131426798428771363e+00
6.123542526523110929e+00
6.109294749670680424e+00
6.107980334185636906e+00
6.109257446381323398e+00
