1.151454627253580121e+01
1.151675086877446574e+01
1.152154188086220188e+01
1.151708080849707549e+01
1.151022776551447713e+01
1.148725832186668327e+01
1.148172620638748320e+01
1.146990391638888696e+01
1.147157047441291766e+01
1.147354883449493990e+01
1.147936196572257650e+01
1.148302220847591215e+01
1.148689726511783071e+01
1.148587830899105811e+01
1.147071386103639945e+01
1.146965444499540610e+01
1.143614797177151132e+01
1.142868228937487274e+01
1.142074742799772658e+01
1.140520408666752594e+01
1.140269700712823742e+01
1.140235497437856260e+01
1.139962266614510256e+01
1.139675715619156371e+01
1.138411755702710515e+01
1.135087388210484960e+01
1.132027298007584548e+01
1.129078996826038228e+01
1.127554319279706796e+01
1.123956471867258955e+01
1.123787904887837996e+01
1.123463525462470081e+01
1.123140842593133826e+01
1.122797387115603307e+01
1.122439315459829778e+01
1.121314318594064829e+01
1.120710499839838903e+01
1.120109563487734050e+01
1.120086636874472497e+01
1.120009664539127670e+01
1.118324327387009021e+01
1.116976194979880610e+01
1.113758700552171810e+01
1.111507174509841356e+01
1.110161247496824721e+01
1.107843706723590493e+01
1.107748046473222203e+01
1.108076866669917493e+01
