1.408776380992319901e+03
1.409019222563124231e+03
1.410014320196630251e+03
1.411824043981727527e+03
1.412809246125758136e+03
1.415524432160380911e+03
1.416279200111399405e+03
1.419453966509202928e+03
1.421145350110016352e+03
1.421864000138935126e+03
1.423440792339547215e+03
1.424368681740720376e+03
1.425490866338974911e+03
1.429739219925723319e+03
1.432206521416375381e+03
1.432338542395865261e+03
1.436021423026407319e+03
1.436882047354348060e+03
1.437907073865828352e+03
1.441125376882501314e+03
1.442774380285537973e+03
1.443788193132017341e+03
1.447822272424073844e+03
1.448687873883737439e+03
1.450769049456053608e+03
1.453795521137957621e+03
1.455932728893291824e+03
1.457955355897888467e+03
1.459102424661572513e+03
1.462994471010141751e+03
1.463295869499880382e+03
1.463959692770236870e+03
1.464770477853573993e+03
1.465840314935667948e+03
1.467053378536102628e+03
1.469605299333184121e+03
1.470444730914462752e+03
1.471122254086388239e+03
1.471145917574576288e+03
1.471224380711878212e+03
1.472672833902075581e+03
1.473611896732618789e+03
1.475538550100641032e+03
1.476832403443220983e+03
1.477669083391727781e+03
1.479845188598487994e+03
1.480788133694511316e+03
1.481365086654762990e+03
