2.826906297653513320e+02
2.826791029013137972e+02
2.826272624792021588e+02
2.825191290271032472e+02
2.824555087802068556e+02
2.822721645368150689e+02
2.822201950528106522e+02
2.819994257798254012e+02
2.818800565713728474e+02
2.818287573264890398e+02
2.817145095957988019e+02
2.816458879797967825e+02
2.815611202523957672e+02
2.812139863565265046e+02
2.809854037660906556e+02
2.809725043539639842e+02
2.805852945525446671e+02
2.804879167826625235e+02
2.803692321343669960e+02
2.799830672913359422e+02
2.797803016011682189e+02
2.796544962767365519e+02
2.791420880736083063e+02
2.790284280860756780e+02
2.787477019723041849e+02
2.783198584360673067e+02
2.780065900841324265e+02
2.777058889730768669e+02
2.775349379074298781e+02
2.769582031255210950e+02
2.769137776342562347e+02
2.768159746105682757e+02
2.766965053846073488e+02
2.765385885087992506e+02
2.763587064659978410e+02
2.759752726128787117e+02
2.758472102005987949e+02
2.757430695846849744e+02
2.757394195863450364e+02
2.757273107921409405e+02
2.755020951383460215e+02
2.753544398327219369e+02
2.750479633646871775e+02
2.748400225798220617e+02
2.747049189629077546e+02
2.743524009467244582e+02
2.741996818320121747e+02
2.741064074073126449e+02
