6.819182144414139835e+00
6.823012587395919759e+00
6.835918025848377155e+00
6.850589106018097674e+00
6.855521452305194607e+00
6.865718320648870332e+00
6.868933423955531303e+00
6.889527097861568805e+00
6.905831656492275705e+00
6.913713009896639505e+00
6.932370579345105810e+00
6.943831825379231049e+00
6.957715259635025795e+00
7.004259937477712583e+00
7.024574821349929721e+00
7.025543177462345135e+00
7.050933994015365691e+00
7.057209055657125418e+00
7.065280159395265436e+00
7.096316128194863460e+00
7.115551653443350055e+00
7.128143403064814088e+00
7.178093503774419126e+00
7.187630975911768694e+00
7.207411859048506564e+00
7.227896466902556050e+00
7.238335587829715756e+00
7.247901391734388632e+00
7.254160962376216659e+00
7.284488135588399693e+00
7.287481680087290137e+00
7.294357167495883587e+00
7.303206330010962866e+00
7.315417726944169807e+00
7.329550785747685815e+00
7.357625868528902657e+00
7.365686091523770074e+00
7.371606267212942321e+00
7.371803015698397132e+00
7.372450462554608563e+00
7.383035417113192445e+00
7.388585756566333984e+00
7.397756500066332563e+00
7.403662438378296962e+00
7.408218544579712628e+00
7.427200007453564012e+00
7.440773856019591292e+00
7.451337880566343941e+00
