1.818876076094888772e+00
1.818794083760407077e+00
1.818817680405211856e+00
1.818859477681160852e+00
1.818790596314886709e+00
1.818809278673883201e+00
1.818861420557382536e+00
1.818797200579780338e+00
1.818803425769425663e+00
1.818868405008350564e+00
1.818811295426285390e+00
1.818808396478841516e+00
1.818884785428861450e+00
1.818834149278025780e+00
1.818828233975579467e+00
1.818916372543266657e+00
1.818860982100497514e+00
1.818869165928107989e+00
1.818960094796140847e+00
1.818826340757564441e+00
1.820109580337745614e+00
