1.853438066409726162e+02
1.854020460851382666e+02
1.856464695965547662e+02
1.861082709465395624e+02
1.863653796296355267e+02
1.870813611066832038e+02
1.872805986244745498e+02
1.881148729532222887e+02
1.885572514756887585e+02
1.887451383729352301e+02
1.891580147117852846e+02
1.894018261536465104e+02
1.896980260205522768e+02
1.908405175333675174e+02
1.915247760759575897e+02
1.915618697261018895e+02
1.926149317021073557e+02
1.928653481955725226e+02
1.931651340695084116e+02
1.941128135060248212e+02
1.945997670218950475e+02
1.948991658913828076e+02
1.960918463403527880e+02
1.963487136567686377e+02
1.969688674921438576e+02
1.978777229743800206e+02
1.985230601609518430e+02
1.991342805659044757e+02
1.994804225911065316e+02
2.006498103076753523e+02
2.007400493199662321e+02
2.009386832004855137e+02
2.011811247577656729e+02
2.015008695748836942e+02
2.018634048572874065e+02
2.026269139124803758e+02
2.028784821323117171e+02
2.030817058411164169e+02
2.030888066370859804e+02
2.031123527864656921e+02
2.035474044084908201e+02
2.038298278306783118e+02
2.044100629321530675e+02
2.048002165246513471e+02
2.050526777670000058e+02
2.057097282855194749e+02
2.059945611179775540e+02
2.061688589325173666e+02
