4.201829388613750105e+00
4.203339091765935898e+00
4.207059259531567896e+00
4.206309602437654505e+00
4.203474503474764035e+00
4.193940619480598819e+00
4.191939231472680660e+00
4.190486857451242386e+00
4.194198786221400077e+00
4.196403171648944053e+00
4.201746395504162734e+00
4.204751480724061352e+00
4.207739049489524596e+00
4.206203896367643580e+00
4.194067575477800958e+00
4.193220122155024931e+00
4.165270045021362222e+00
4.158409408188283862e+00
4.150518332909983954e+00
4.128908872270904418e+00
4.119290340459869526e+00
4.113323378153492804e+00
4.081392968229034857e+00
4.071389009849592178e+00
4.041025690260792835e+00
3.980782334368183850e+00
3.929408532749494309e+00
3.877811805377679111e+00
3.848595950575352642e+00
3.756163311324518084e+00
3.749521963644179223e+00
3.735087749530189072e+00
3.717698636759222630e+00
3.694786730288913468e+00
3.668067822492587560e+00
3.604069640906240934e+00
3.579093612457022289e+00
3.557002910419514663e+00
3.556197196747176825e+00
3.553508424516316211e+00
3.498773881674063890e+00
3.457614368107363667e+00
3.357607095398324137e+00
3.278179503685675122e+00
3.221605806113283066e+00
3.056660069028052096e+00
2.978135076528867664e+00
2.928321201101936833e+00
