1.051203651044243088e+02
1.051808552672386270e+02
1.054295210263889260e+02
1.058833953580448082e+02
1.061306561726798918e+02
1.068113534288749236e+02
1.070003850846414366e+02
1.077954591651521952e+02
1.082193947238024521e+02
1.083996387049219834e+02
1.087954103555431686e+02
1.090285437612814547e+02
1.093108046946720293e+02
1.103845474277442662e+02
1.110135779321961280e+02
1.110473599671483242e+02
1.119937693348049805e+02
1.122156882559701074e+02
1.124801542802916856e+02
1.133106947917097642e+02
1.137362163552267305e+02
1.139979083176863668e+02
1.150411008397521329e+02
1.152654679112336993e+02
1.158056081798376056e+02
1.165921576779718691e+02
1.171478067324885046e+02
1.176735583058446935e+02
1.179716099411493531e+02
1.189816362237686320e+02
1.190597327813079858e+02
1.192316656395636727e+02
1.194415256588898018e+02
1.197182227141661741e+02
1.200317302493249088e+02
1.206910689339539147e+02
1.209081199942806819e+02
1.210834371189702381e+02
1.210895627855446008e+02
1.211098754655074003e+02
1.214852293252463085e+02
1.217289784157462975e+02
1.222299247720033861e+02
1.225667170769447978e+02
1.227845310185207381e+02
1.233508165799498641e+02
1.235962192614121591e+02
1.237465124955205766e+02
