9.225245466588253507e+00
9.227694826423093133e+00
9.234476249049329510e+00
9.236795728009811413e+00
9.234773513283109025e+00
9.226716038940672604e+00
9.225336442085266597e+00
9.229418509542218985e+00
9.238424879937808143e+00
9.243368239220631111e+00
9.255620591683067389e+00
9.263182104072232192e+00
9.272061845134166091e+00
9.295231930624503036e+00
9.298867973251633501e+00
9.298906711346724308e+00
9.298639802268596100e+00
9.299371674277910671e+00
9.301248310050304724e+00
9.316201240363652047e+00
9.329039908934447567e+00
9.338125473137374399e+00
9.374615922799884871e+00
9.380872846747195126e+00
9.391621569302936123e+00
9.396075458588311946e+00
9.394013114363874095e+00
9.392016135722929704e+00
9.392220722029518853e+00
9.406305867364245898e+00
9.408322654052263090e+00
9.413159931642324452e+00
9.419691913532687977e+00
9.429024699688861588e+00
9.439926320560124040e+00
9.460095924824182489e+00
9.464919928984395270e+00
9.467927442850823994e+00
9.468017362995094999e+00
9.468308089297508445e+00
9.471616067926838411e+00
9.471781616019889327e+00
9.468714100943884660e+00
9.466127100915249670e+00
9.465442523115454421e+00
9.473632972413927433e+00
9.484730706796204558e+00
9.494720247661161849e+00
