4.268097873188053200e+02
4.268667139878103853e+02
4.271051967574207993e+02
4.275538781390824852e+02
4.278027121138068196e+02
4.284930815863658609e+02
4.286847875338179961e+02
4.294871355384100298e+02
4.299126489259209052e+02
4.300933549523883244e+02
4.304902454941384917e+02
4.307243839570248269e+02
4.310085023422496420e+02
4.321006129534521278e+02
4.327529940584124120e+02
4.327883600203760466e+02
4.337935678814047264e+02
4.340330425071009017e+02
4.343199340599060747e+02
4.352277271128489247e+02
4.356943114990564823e+02
4.359811677323071990e+02
4.371245662893296071e+02
4.373712459640958059e+02
4.379678854726122381e+02
4.388452076769388555e+02
4.394696676463136100e+02
4.400614410726024630e+02
4.403964583230728067e+02
4.415268941037044783e+02
4.416140517201915827e+02
4.418058860984562557e+02
4.420400181725878497e+02
4.423488383082076325e+02
4.426991167676891905e+02
4.434376103452798361e+02
4.436812313394567582e+02
4.438781485643403926e+02
4.438850308339021922e+02
4.439078532323667332e+02
4.443297700579597063e+02
4.446038974653640707e+02
4.451676023962425575e+02
4.455469847080776162e+02
4.457926018374928390e+02
4.464321738579071734e+02
4.467094922649881710e+02
4.468791735269576293e+02
