1.410292386353467009e+02
1.410618055002042581e+02
1.412001226427543941e+02
1.414644037830559853e+02
1.416112516561105963e+02
1.420137877786114871e+02
1.421236900207911731e+02
1.425738873651712311e+02
1.428067631724308910e+02
1.429045884740862107e+02
1.431174386183187437e+02
1.432418263122132487e+02
1.433917178532509809e+02
1.439598413930592073e+02
1.442959271243843205e+02
1.443141208880570048e+02
1.448305073228141282e+02
1.449531289872015520e+02
1.450996130394103147e+02
1.455583604688216894e+02
1.457904577850790702e+02
1.459318394510006840e+02
1.464881180737709769e+02
1.466073617027622618e+02
1.468957774578092597e+02
1.473202597266496525e+02
1.476213282966008080e+02
1.479040263775780488e+02
1.480624284061718186e+02
1.485869688486665439e+02
1.486268301916225880e+02
1.487143336127421662e+02
1.488207547548006460e+02
1.489606291201569945e+02
1.491188187674377730e+02
1.494516760003280922e+02
1.495614692513154580e+02
1.496502421176671476e+02
1.496533452779236484e+02
1.496636359869652608e+02
1.498539601386025026e+02
1.499776974689812050e+02
1.502322938253409177e+02
1.504036682658599489e+02
1.505145646358784290e+02
1.508026059735460649e+02
1.509268038785148178e+02
1.510024352833939929e+02
