1.125675830240508901e+01
1.125829715126191566e+01
1.126052876123655011e+01
1.125200616819252275e+01
1.124319979252140911e+01
1.121550654524579826e+01
1.120878934608257005e+01
1.119243437634888494e+01
1.119198917054777809e+01
1.119314763817091674e+01
1.119735914379414687e+01
1.120022480340020365e+01
1.120330947934216503e+01
1.120133397974944067e+01
1.118725534107995756e+01
1.118628805854149633e+01
1.115662119832823862e+01
1.115037096605675515e+01
1.114401970412566634e+01
1.113430233178741524e+01
1.113524161418476588e+01
1.113717175595369469e+01
1.114472714702889888e+01
1.114434852000205467e+01
1.113811028694479965e+01
1.111518619769953808e+01
1.109247401442831027e+01
1.107078022801954731e+01
1.106004553836555537e+01
1.103966308790720241e+01
1.103919928136246575e+01
1.103865466362287862e+01
1.103874202985775277e+01
1.103971767211772459e+01
1.104120477901361852e+01
1.104094933589290406e+01
1.103865371919732752e+01
1.103571754479120237e+01
1.103559649070824378e+01
1.103518600441775099e+01
1.102508411260491705e+01
1.101610097855874315e+01
1.099342687284294229e+01
1.097745442697737062e+01
1.096826903729589908e+01
1.095622619014673127e+01
1.096003292009713626e+01
1.096619694130876965e+01
