2.012228886729099031e+02
2.012555798728203342e+02
2.013943557634019612e+02
2.016599015475295857e+02
2.018079953810778591e+02
2.022169170384823360e+02
2.023294308184210877e+02
2.027944654320954783e+02
2.030376098668394889e+02
2.031402717452176603e+02
2.033647295752694788e+02
2.034966052256176567e+02
2.036562332298749993e+02
2.042685345722188686e+02
2.046359041086535342e+02
2.046558890992000954e+02
2.052268781861887703e+02
2.053635031309214867e+02
2.055272516270674430e+02
2.060441501316421977e+02
2.063082095840971704e+02
2.064699098890620519e+02
2.071115029078146961e+02
2.072498911059248883e+02
2.075854602355282452e+02
2.080813742371292108e+02
2.084350302996630262e+02
2.087691716573751535e+02
2.089574485424882084e+02
2.095866662168928372e+02
2.096348188579179350e+02
2.097406653301698043e+02
2.098696364113440893e+02
2.100394992287279194e+02
2.102320010185240164e+02
2.106380911716671847e+02
2.107722850208108412e+02
2.108808637321432400e+02
2.108846604217391985e+02
2.108972515900518374e+02
2.111302738353481061e+02
2.112819164961071294e+02
2.115942532213370555e+02
2.118047251821839154e+02
2.119410308091121919e+02
2.122956857597072826e+02
2.124490728048177175e+02
2.125427054010658026e+02
