1.147786122746765614e+00
1.149405948281175149e+00
1.164729099698466497e+00
1.170655338556880753e+00
1.170898350711400582e+00
1.172261041693984041e+00
1.175349972837469448e+00
1.180031762430282072e+00
1.181616305262626287e+00
1.197381227384996638e+00
1.201058030066661786e+00
1.208184688969890841e+00
1.216886531554169926e+00
1.247119760587546589e+00
1.264444235992985721e+00
1.271519454179623088e+00
1.295659864353623680e+00
1.311057328008113476e+00
1.321649625351198898e+00
1.335213113340210533e+00
1.350010328127112746e+00
1.362488256612534920e+00
1.380659012300889277e+00
1.383503255489269224e+00
1.391051475826039496e+00
1.400870214564121419e+00
1.406906417034014867e+00
1.410833437148548919e+00
1.411872860961170151e+00
1.424803669237835635e+00
1.426560327785154625e+00
1.444330840104468106e+00
1.465789661427339796e+00
1.562742398563557344e+00
1.676819550934384617e+00
1.678718343915126310e+00
1.687837581454554758e+00
1.692349685960810035e+00
1.693331777771729385e+00
1.733798746631656673e+00
1.750024438121740467e+00
1.750505418101354849e+00
1.755326993467279273e+00
