1.520980888923449736e+00
1.524481319740669472e+00
1.537741064862931495e+00
1.558151152272694961e+00
1.567755108746961445e+00
1.591160131318960058e+00
1.597308884306184007e+00
1.623766723419053148e+00
1.638971127297703223e+00
1.645727399691553572e+00
1.661138022865419561e+00
1.670533610439727035e+00
1.682142855663175229e+00
1.726996947903107538e+00
1.752584999711523706e+00
1.753933253586987373e+00
1.790755691724086551e+00
1.799202484419415438e+00
1.809229432502848622e+00
1.840691457260784203e+00
1.856837489479813641e+00
1.866741035565494977e+00
1.905290532809730930e+00
1.913244773979481339e+00
1.931740343486658684e+00
1.957079165744279425e+00
1.974203190752985337e+00
1.990273051981014341e+00
1.999480772665525929e+00
2.031908593524629048e+00
2.034501435901294286e+00
2.040243903094563382e+00
2.047303099962856532e+00
2.056653647021940756e+00
2.067226127915668510e+00
2.088906454594020357e+00
2.095756575237801567e+00
2.101157695173105910e+00
2.101344189627448955e+00
2.101961516988561929e+00
2.113069129735194451e+00
2.119994652573546468e+00
2.133718435028319149e+00
2.142828940912097302e+00
2.148827672446205650e+00
2.165615206327583309e+00
2.173804326305754486e+00
2.179205806526995470e+00
