9.896752396647709560e+00
9.896676448146543237e+00
9.892735079423363942e+00
9.874371440656023680e+00
9.860681693375235923e+00
9.820059784687009241e+00
9.809703330521838183e+00
9.777195924233220481e+00
9.767627164712688881e+00
9.764857956886134005e+00
9.760485265094077434e+00
9.758400316548380360e+00
9.755682605082480308e+00
9.734565536966815813e+00
9.711583992102466922e+00
9.710176424474253665e+00
9.668905403688224709e+00
9.659956398698982483e+00
9.650308816937352319e+00
9.629415742930676814e+00
9.624201037207086529e+00
9.622296782123006764e+00
9.615550847831251247e+00
9.612547669791567273e+00
9.600926219206636247e+00
9.572496269494275012e+00
9.547077232533855096e+00
9.523095762331546865e+00
9.510971225784826899e+00
9.484434800979204994e+00
9.483392877022446044e+00
9.481535110426499102e+00
9.479961684395822985e+00
9.478701181564886724e+00
9.477691245187367386e+00
9.472892718868070716e+00
9.469457917141193448e+00
9.465763259963091869e+00
9.465618418863138928e+00
9.465130380161323131e+00
9.453959628844975427e+00
9.444629925091959421e+00
9.421851975329399664e+00
9.405939783662415010e+00
9.396657136579626979e+00
9.382869844956475802e+00
9.384773589056701226e+00
9.389284360921795525e+00
