1.218336037137354921e+01
1.218744234860453446e+01
1.219979845949333885e+01
1.220879615175531541e+01
1.220925119143898563e+01
1.220699215466751575e+01
1.220746803727468333e+01
1.222252556865939255e+01
1.223962096112945375e+01
1.224837434915155399e+01
1.226946456474868619e+01
1.228235174274380270e+01
1.229759065770833182e+01
1.234131600291131114e+01
1.235342639399433295e+01
1.235385911884686827e+01
1.236370549223701154e+01
1.236692983178489058e+01
1.237203909754032871e+01
1.239969980880118250e+01
1.242056139585582564e+01
1.243493213141502629e+01
1.249248682994770121e+01
1.250276316212385375e+01
1.252181993531145920e+01
1.253481530882610429e+01
1.253711935724330040e+01
1.253922007832528784e+01
1.254216363617631735e+01
1.256976578197057037e+01
1.257312346593296937e+01
1.258104066039712343e+01
1.259153518813161021e+01
1.260632922092643149e+01
1.262353467508701321e+01
1.265612522661649919e+01
1.266446923118497203e+01
1.267003831089845534e+01
1.267021291240079961e+01
1.267078206932977835e+01
1.267857506737431805e+01
1.268101451505917510e+01
1.268149496142573085e+01
1.268107753064054322e+01
1.268208150456926120e+01
1.269769044599275354e+01
1.271432278235253044e+01
1.272868785535560399e+01
