1.584408950159963752e+02
1.582975481870445265e+02
1.576492143961141323e+02
1.563109583105026559e+02
1.555447548435305976e+02
1.534521935011829328e+02
1.528917651467328369e+02
1.506602277996717305e+02
1.495416606761622518e+02
1.490775941061148160e+02
1.480780477318804458e+02
1.474996899287132237e+02
1.468076240371130439e+02
1.442093920928102762e+02
1.426581783780600858e+02
1.425733102677034481e+02
1.401209717099492309e+02
1.395289703422130856e+02
1.388199953288745689e+02
1.366133637648411252e+02
1.355188981668605095e+02
1.348613522705688013e+02
1.323136593369504510e+02
1.317666882101266310e+02
1.304287485621847225e+02
1.284187813744232187e+02
1.269828193011811237e+02
1.256501224206565865e+02
1.249168153752382580e+02
1.225772204286452762e+02
1.224046506899665445e+02
1.220278355737462874e+02
1.215727247816326013e+02
1.209784941304218648e+02
1.203097483455949543e+02
1.189054396955729089e+02
1.184415930106174812e+02
1.180660849504317156e+02
1.180529503827596614e+02
1.180093893809196288e+02
1.172025429795610876e+02
1.166766880784091995e+02
1.155913350207019477e+02
1.148585700907664204e+02
1.143841062923663401e+02
1.131582264669998068e+02
1.126385480485681398e+02
1.123273456673775428e+02
