1.325944317768094152e+02
1.325252005506725368e+02
1.322102455917878672e+02
1.315535852391999470e+02
1.311743896682748414e+02
1.301267779110269771e+02
1.298430036247108887e+02
1.286987184163707809e+02
1.281165129969239445e+02
1.278732350994682605e+02
1.273453593695533073e+02
1.270370665417455598e+02
1.266647216908760782e+02
1.252180006427505248e+02
1.243065922652770894e+02
1.242556522630053450e+02
1.227415721608338544e+02
1.223654371296492513e+02
1.219103023467092726e+02
1.204627621412219298e+02
1.197268514869794558e+02
1.192784437335346297e+02
1.174925197676072059e+02
1.170989430903527477e+02
1.161220372341062586e+02
1.146186256778856460e+02
1.135183219211942287e+02
1.124767425781980279e+02
1.118950897379422145e+02
1.100013291329392473e+02
1.098595802503269283e+02
1.095491689035067395e+02
1.091726299765852133e+02
1.086782177414924604e+02
1.081176580645933853e+02
1.069225320612259793e+02
1.065212293922917297e+02
1.061936586619041520e+02
1.061821560521949550e+02
1.061439855436336757e+02
1.054309004907267422e+02
1.049600900174601463e+02
1.039750639694870671e+02
1.033020020244064909e+02
1.028636003406061263e+02
1.017223808498631570e+02
1.012334390037428022e+02
1.009380797139903905e+02
