5.380797649245583791e+00
5.383510484749751690e+00
5.391276645635310061e+00
5.380714143589163001e+00
5.379815543290950686e+00
5.373435875299092501e+00
5.347204506948653346e+00
5.305945254046233295e+00
5.295807149867492569e+00
5.230652664475091029e+00
5.219514571870385922e+00
5.199884996665659287e+00
5.178307407782734906e+00
5.113249545904313464e+00
5.078496724898771575e+00
5.064278234553058589e+00
5.014030988380422826e+00
4.979371974286888047e+00
4.953720924841059414e+00
4.918001924718714335e+00
4.874098277313253291e+00
4.831419541833533060e+00
4.754228534494778557e+00
4.739716301006562382e+00
4.696565699667521798e+00
4.628515712915721281e+00
4.582149169853863668e+00
4.552903247137133569e+00
4.545501768052172764e+00
4.467874567178994560e+00
4.459090180821700500e+00
4.382828094450052170e+00
4.303193479012492162e+00
3.872080846753319872e+00
3.054829260426017434e+00
3.039045250792865360e+00
2.962585358508341926e+00
2.924373715442968091e+00
2.916025032801296657e+00
2.563992167714321369e+00
2.420273551777146093e+00
2.416016651507676638e+00
2.373407749245029397e+00
