2.850196446353911597e+02
2.849160112876787707e+02
2.844659290038646873e+02
2.835794981665196701e+02
2.830797252499215233e+02
2.817035227565574473e+02
2.813280973299976608e+02
2.797943457192940855e+02
2.790021637172492888e+02
2.786692137486280103e+02
2.779438152265052508e+02
2.775189754913676552e+02
2.770057285950796313e+02
2.750379899974440718e+02
2.738472412997682000e+02
2.737820741474569104e+02
2.719028800745172703e+02
2.714493825608366819e+02
2.709049755613816615e+02
2.691884250202060116e+02
2.683167094829313442e+02
2.677850058684346664e+02
2.656800896012005069e+02
2.652239344519226165e+02
2.641101884688472410e+02
2.624442149613620359e+02
2.612484809208720549e+02
2.601212260516196579e+02
2.594895558266342164e+02
2.574039669885776789e+02
2.572458319695368232e+02
2.568987317610119021e+02
2.564765047776573965e+02
2.559210040977318954e+02
2.552913206309210921e+02
2.539580158875097879e+02
2.535150396671112389e+02
2.531555806898301455e+02
2.531429940642564418e+02
2.531012438347828777e+02
2.523262010325114204e+02
2.518194127672478260e+02
2.507699386298144191e+02
2.500590471300725142e+02
2.495974960939499567e+02
2.483952355497266069e+02
2.478765349432679557e+02
2.475610125945540574e+02
