1.329928755631497594e+01
1.330252200598451040e+01
1.331106294156977299e+01
1.331209784731898615e+01
1.330790493225068971e+01
1.329275629469029063e+01
1.328979386392997242e+01
1.329168185092269461e+01
1.330261636838619488e+01
1.330888930936909631e+01
1.332471186288912435e+01
1.333454667663548854e+01
1.334607086434900936e+01
1.337466106726041737e+01
1.337703835284837517e+01
1.337693823662242032e+01
1.337207289082500772e+01
1.337204508584320628e+01
1.337344507518616510e+01
1.339081993901912959e+01
1.340715941654643473e+01
1.341892255447113236e+01
1.346625749028423868e+01
1.347416101150711931e+01
1.348699574281973490e+01
1.348959930196402901e+01
1.348395674632990193e+01
1.347856411688754896e+01
1.347743792408470931e+01
1.349295333164820931e+01
1.349549276410925280e+01
1.350165774653738637e+01
1.351009092825179003e+01
1.352225523658420769e+01
1.353652008640067805e+01
1.356258655927287826e+01
1.356856250663570052e+01
1.357211205289571687e+01
1.357221427721458262e+01
1.357254254307839680e+01
1.357563931739492880e+01
1.357479679289130026e+01
1.356815125698807023e+01
1.356291398487093858e+01
1.356094058320699958e+01
1.357011722514940288e+01
1.358493645706230524e+01
1.359860106000614088e+01
