7.278078624160116306e+01
7.285670891567734486e+01
7.316779712649982059e+01
7.373351734673522628e+01
7.404148962277281498e+01
7.489026010447874171e+01
7.512620202921155510e+01
7.611863424612225515e+01
7.664735807295835457e+01
7.687200678617620042e+01
7.736490910442616098e+01
7.765496544273264590e+01
7.800575770228221018e+01
7.933377782649689891e+01
8.010504447158194807e+01
8.014631355122372725e+01
8.129756034743651583e+01
8.156658551977935190e+01
8.188700119285408618e+01
8.289301574869713818e+01
8.340847842649890254e+01
8.372538571224323789e+01
8.498638817495712772e+01
8.525696274351169279e+01
8.590750713229773794e+01
8.685353487994913735e+01
8.752158939841679341e+01
8.815382377646396606e+01
8.851237375713105848e+01
8.972894304640190910e+01
8.982315358485529089e+01
9.003065004843955421e+01
9.028408325070040519e+01
9.061848953823511010e+01
9.099766365153492131e+01
9.179532596762886953e+01
9.205770833833642541e+01
9.226948232023616470e+01
9.227687882974741740e+01
9.230140409391894707e+01
9.275414715755023565e+01
9.304766991226847495e+01
9.364989479673211292e+01
9.405436036885102169e+01
9.431595793331759126e+01
9.499680890345044304e+01
9.529227107703981403e+01
9.547328500906321835e+01
