7.077955952589545632e+02
7.078968748493272187e+02
7.083176794227979371e+02
7.090969843089700362e+02
7.095241767776715278e+02
7.107006876348938249e+02
7.110268604957985872e+02
7.123964015712859918e+02
7.131257785687538444e+02
7.134357430933205251e+02
7.141159337227883270e+02
7.145162747982118390e+02
7.150006248975972767e+02
7.168419463837942658e+02
7.179239386303264610e+02
7.179821895137517913e+02
7.196204279930133225e+02
7.200059979382979236e+02
7.204658613677053154e+02
7.219103780616704853e+02
7.226497663241324290e+02
7.231042367872383920e+02
7.249162796742011778e+02
7.253064583100486971e+02
7.262465191065941781e+02
7.276160381861543556e+02
7.285827409281629343e+02
7.294965587902938751e+02
7.300143981987237112e+02
7.317700185619182776e+02
7.319058768135963646e+02
7.322050330980279114e+02
7.325702736204208350e+02
7.330519351138080992e+02
7.335976884138408423e+02
7.347448592601489281e+02
7.351221911744571571e+02
7.354268416423969938e+02
7.354374842385349211e+02
7.354727739818374630e+02
7.361246345483242521e+02
7.365477253391729846e+02
7.374169052282937855e+02
7.380011214957274888e+02
7.383789164383434809e+02
7.393610018429291131e+02
7.397865444891388051e+02
7.400471664254312145e+02
