1.253480895866724509e+01
1.254600648860308709e+01
1.263098222782400804e+01
1.266260096769590326e+01
1.266395784860983653e+01
1.267162380741110006e+01
1.268667664094550851e+01
1.269403947977856895e+01
1.269504823401177340e+01
1.270456785837282609e+01
1.270747669323992390e+01
1.271393495427732390e+01
1.272321196689615874e+01
1.276596548577448687e+01
1.279665575489638130e+01
1.281017021501246056e+01
1.285853962036676634e+01
1.288897396871998602e+01
1.290835343215182540e+01
1.292981712300058561e+01
1.294690983128808526e+01
1.295432547508541887e+01
1.294957453764719446e+01
1.294678210432103072e+01
1.293640277086386980e+01
1.291828633222076483e+01
1.290901396170867699e+01
1.290612238398369982e+01
1.290586359878100531e+01
1.291706293900528379e+01
1.291999772653124801e+01
1.295678949523903789e+01
1.300475155158294172e+01
1.311030574710883911e+01
1.289531282741283036e+01
1.289043248216178483e+01
1.286763843877484703e+01
1.285688569571220086e+01
1.285460278208334195e+01
1.279218107198111731e+01
1.279700890647976230e+01
1.279755388975748964e+01
1.280451702169972172e+01
