1.141781132776165464e+01
1.142169025840702012e+01
1.143350610529491718e+01
1.144243012932193082e+01
1.144315215087062754e+01
1.144191941313528638e+01
1.144262283524853885e+01
1.145783117316118371e+01
1.147442858169235969e+01
1.148287253394881446e+01
1.150315495283481404e+01
1.151553008359519126e+01
1.153016551844469539e+01
1.157245475048078909e+01
1.158458322887766379e+01
1.158503155388287986e+01
1.159551972503349404e+01
1.159885720382482788e+01
1.160403241342019065e+01
1.163123938810173286e+01
1.165147879913274132e+01
1.166537567199777925e+01
1.172102171768731438e+01
1.173101186578624322e+01
1.174971721920858236e+01
1.176307384154600300e+01
1.176602994003403069e+01
1.176873261279481220e+01
1.177190124242071079e+01
1.179914064173036614e+01
1.180239266533438425e+01
1.181004392592691765e+01
1.182016099247780083e+01
1.183439587500919998e+01
1.185093757829488048e+01
1.188234655926308569e+01
1.189044727495541132e+01
1.189589179623426318e+01
1.189606327594282220e+01
1.189662268606701190e+01
1.190440366299916164e+01
1.190699744569893603e+01
1.190807773731042296e+01
1.190811303410020372e+01
1.190933343280369527e+01
1.192471328617349435e+01
1.194064262806515764e+01
1.195432090278985271e+01
