5.169961697862980543e+00
5.171212609527302995e+00
5.174630580741061081e+00
5.175671340459132352e+00
5.174605082741573270e+00
5.170895024763436432e+00
5.170482983383545950e+00
5.174825501802149397e+00
5.181297400187435009e+00
5.184744483511054547e+00
5.193259157869960063e+00
5.198582169747205661e+00
5.204999660782942961e+00
5.224986929769493749e+00
5.232430701942973883e+00
5.232772036230191048e+00
5.242778071084048364e+00
5.245889190588531648e+00
5.250302532853620363e+00
5.270092425503015043e+00
5.283509322377857309e+00
5.292509693596755049e+00
5.328842668735441102e+00
5.335787889029068864e+00
5.350093738497751161e+00
5.364688261934011493e+00
5.372164978541550617e+00
5.379326231061455132e+00
5.384193132438795715e+00
5.408494404067413441e+00
5.410909106414386827e+00
5.416452911283612615e+00
5.423578346693858521e+00
5.433381933607829950e+00
5.444668420346237880e+00
5.466784075443816171e+00
5.473011611249103403e+00
5.477528671595047527e+00
5.477677760663270945e+00
5.478167849750256835e+00
5.486037153773984265e+00
5.490010735440171707e+00
5.496242401278080614e+00
5.500161498101769020e+00
5.503282513359645911e+00
5.517206316776990249e+00
5.527614405335101289e+00
5.535832893608879424e+00
