1.121388242449957495e+01
1.121561918326869467e+01
1.121871925869019648e+01
1.121198050198480978e+01
1.120423527527711194e+01
1.117969977823153549e+01
1.117390542588108282e+01
1.116158182018469347e+01
1.116337723800571879e+01
1.116551059563984261e+01
1.117192023131521950e+01
1.117612482386885020e+01
1.118088295834858137e+01
1.118593844465296172e+01
1.117656089639468853e+01
1.117585917349409108e+01
1.115417183507941878e+01
1.114993886782244026e+01
1.114605980369625904e+01
1.114454822762057518e+01
1.114992132257044766e+01
1.115464544836830285e+01
1.117378166906622816e+01
1.117597870217143807e+01
1.117605798755071689e+01
1.116262024712897372e+01
1.114680014193348967e+01
1.113175339850540446e+01
1.112483360242159058e+01
1.111758285065475960e+01
1.111814601254363488e+01
1.111986783059197137e+01
1.112273184295375650e+01
1.112738575305181676e+01
1.113306468922631431e+01
1.114171314952426606e+01
1.114237635617297606e+01
1.114184078181370374e+01
1.114180378377897185e+01
1.114167211428350690e+01
1.113674744297255081e+01
1.113115333815274077e+01
1.111551929771199454e+01
1.110434338814737387e+01
1.109828979931059401e+01
1.109450344961320312e+01
1.110193776885072303e+01
1.111033646147523157e+01
