2.818062767393130343e+02
2.817981203927673164e+02
2.817631490864047805e+02
2.816952800181724683e+02
2.816571512776646955e+02
2.815515260906158801e+02
2.815224393536310004e+02
2.814021987355356487e+02
2.813392693932283919e+02
2.813126724864887933e+02
2.812544462434757975e+02
2.812201774782267307e+02
2.811786247190786412e+02
2.810181740104740129e+02
2.809207710516807310e+02
2.809154437236679769e+02
2.807620487089914718e+02
2.807250498437872466e+02
2.806805934854900215e+02
2.805397216745121227e+02
2.804675733701690206e+02
2.804233481656377762e+02
2.802473135074169477e+02
2.802091556678791449e+02
2.801162494740566444e+02
2.799779750251476571e+02
2.798788401132162562e+02
2.797849927667074894e+02
2.797321008549331509e+02
2.795555035418130387e+02
2.795419986419336169e+02
2.795123131105429479e+02
2.794761372815116829e+02
2.794284700031076909e+02
2.793743974106407677e+02
2.792600415534711260e+02
2.792221460599084821e+02
2.791914422206347695e+02
2.791903679100350359e+02
2.791868047898176997e+02
2.791207721856513899e+02
2.790777111521564393e+02
2.789888194353395647e+02
2.789287914481399753e+02
2.788898745886860411e+02
2.787885331636431374e+02
2.787447044188313043e+02
2.787179639674566261e+02
