2.804363789036870003e+00
2.809519178162369180e+00
2.805157858976214946e+00
2.796220435314345387e+00
2.796065498285919215e+00
2.796093359154274705e+00
2.806027554105956057e+00
2.828191675768556124e+00
2.833109852553921559e+00
2.854799456856277562e+00
2.857035138344178105e+00
2.860449229560008799e+00
2.864027368778148563e+00
2.881645195208069055e+00
2.899175322617913331e+00
2.908095738103379180e+00
2.944638195073526976e+00
2.970146182948623537e+00
2.986826007767567681e+00
3.005166412497191519e+00
3.019137931152379828e+00
3.024988026684367615e+00
3.025997907153932687e+00
3.026163948200039755e+00
3.029116750780452616e+00
3.047440572647416968e+00
3.073721865025242472e+00
3.096891755858281581e+00
3.103562340800948061e+00
3.190259652251135947e+00
3.201522272408122483e+00
3.302597332815812248e+00
3.400509417513399413e+00
3.729116635797084189e+00
4.098837299732173811e+00
4.105147799667651753e+00
4.135577582076495062e+00
4.150721697774099717e+00
4.154026758075452186e+00
4.294387884510649123e+00
4.354026408424394923e+00
4.355831548979983481e+00
4.374048533485940915e+00
