1.678930928007348911e+01
1.679507983646701064e+01
1.681223649645983897e+01
1.682317846402344941e+01
1.682225720672508018e+01
1.681302460641488139e+01
1.681168537914778582e+01
1.682387024592290459e+01
1.684330464196058941e+01
1.685379477793599534e+01
1.687985844792403967e+01
1.689615966181522921e+01
1.691570062401565977e+01
1.697291715956550462e+01
1.698880552951388268e+01
1.698936106833308912e+01
1.700127705277120072e+01
1.700510099675056352e+01
1.701125696453129166e+01
1.704556500711924016e+01
1.707185244213741271e+01
1.709002551066141606e+01
1.716245271781770754e+01
1.717511783973828088e+01
1.719778734267224962e+01
1.721033452939079922e+01
1.720939377882597654e+01
1.720795823402244551e+01
1.720933481585088742e+01
1.723717272305432857e+01
1.724095961883094219e+01
1.725000921900581119e+01
1.726219268844798904e+01
1.727959710806160132e+01
1.730001719672038973e+01
1.733862923597233419e+01
1.734831077760869533e+01
1.735462661974724696e+01
1.735482157184515728e+01
1.735545538292778289e+01
1.736365823643826545e+01
1.736561514077905954e+01
1.736390126241024845e+01
1.736199743008900853e+01
1.736256875368175301e+01
1.738179310684476420e+01
1.740347903981731648e+01
1.742239593538990405e+01
