7.465262241168924895e+00
7.473705669888844660e+00
7.542558459323161379e+00
7.573988833803974252e+00
7.575541673179990276e+00
7.584919093910695409e+00
7.609696200587239723e+00
7.634734975694221326e+00
7.640103544862101970e+00
7.675225943204492474e+00
7.681859027446639843e+00
7.694260558137991701e+00
7.709055189447202139e+00
7.761204109159793418e+00
7.792564056995860966e+00
7.805655728777397329e+00
7.850699931259056186e+00
7.878638644944903291e+00
7.896835099804745184e+00
7.918250609731289025e+00
7.938453873662662197e+00
7.952477173237824992e+00
7.968036692214739425e+00
7.970113041381904573e+00
7.975804583490304189e+00
7.986610035188030920e+00
7.998245826755613130e+00
8.008464433118584580e+00
8.011469521136183047e+00
8.054196722389908913e+00
8.060285553375141632e+00
8.120448300150327370e+00
8.186967472108156230e+00
8.392069556018981302e+00
8.427995761814850439e+00
8.427885909332099246e+00
8.427809566594653745e+00
8.428131348820055990e+00
8.428240183942751429e+00
8.453529555219391867e+00
8.482929678952231711e+00
8.484056714986749625e+00
8.496301839959560454e+00
