8.353743194593989756e+02
8.355181912901103942e+02
8.361077409327039049e+02
8.371799243776418962e+02
8.377636149205436595e+02
8.393722470735675643e+02
8.398194149086297102e+02
8.417003298279007595e+02
8.427024040468452313e+02
8.431281743571512379e+02
8.440623585223445389e+02
8.446120947453949839e+02
8.452769429799544696e+02
8.477939190537181275e+02
8.492556955142209745e+02
8.493339126350006154e+02
8.515158724364956697e+02
8.520257582933505773e+02
8.526330460470749131e+02
8.545397641359203362e+02
8.555167342571904783e+02
8.561173790061659474e+02
8.585074168103843704e+02
8.590202530148972073e+02
8.602532711483895582e+02
8.620463414107621247e+02
8.633125570445247376e+02
8.645108892821823474e+02
8.651904858089516210e+02
8.674963762125562425e+02
8.676749426196929562e+02
8.680682304918071850e+02
8.685485861531770979e+02
8.691824175651616997e+02
8.699011028449583591e+02
8.714129989607721427e+02
8.719103239810336845e+02
8.723117257088352972e+02
8.723257452507715470e+02
8.723722310982345789e+02
8.732303735069241384e+02
8.737867249373807681e+02
8.749281820692195879e+02
8.756947502377216779e+02
8.761904776333165046e+02
8.774799868247398535e+02
8.780389062788137835e+02
8.783809615150037189e+02
