3.732667501492139994e+00
3.737605949443615128e+00
3.776818693041015695e+00
3.794245974221977846e+00
3.795105293126060708e+00
3.800303336932633336e+00
3.814257557054995473e+00
3.829135281836959948e+00
3.832462955442683672e+00
3.855037024496909215e+00
3.859373388513217762e+00
3.867487200394807534e+00
3.877150528888742009e+00
3.910883346679321804e+00
3.930910492527036837e+00
3.939222265791615829e+00
3.967645945091747173e+00
3.985171955179179548e+00
3.996555100264368221e+00
4.009919582591930265e+00
4.022461418926110532e+00
4.031029566726495261e+00
4.039796776755282259e+00
4.040777612075287628e+00
4.043021117679492349e+00
4.046182388990574808e+00
4.049572060520705286e+00
4.052781499976203961e+00
4.053759849461198606e+00
4.068724405498636898e+00
4.070964127859215687e+00
4.093842496846907153e+00
4.120020561122863079e+00
4.201084385758361961e+00
4.209660509143446916e+00
4.209564703543827058e+00
4.209362986161344189e+00
4.209460958799662755e+00
4.209503083737938134e+00
4.221873042780885932e+00
4.236412691347984705e+00
4.236969052305493477e+00
4.243009138329012941e+00
