2.778089892119169235e+00
2.781146048437369345e+00
2.752132798212806986e+00
2.729868318724340437e+00
2.729078042039054353e+00
2.725389849228933237e+00
2.727121561561808072e+00
2.744406908462480921e+00
2.748679108793044890e+00
2.767330667858259652e+00
2.769023868025395796e+00
2.771391435576330942e+00
2.773682109814580521e+00
2.786886078916282372e+00
2.802088274774985788e+00
2.810112935951902369e+00
2.843732063075105287e+00
2.867280993627076224e+00
2.882426685875497885e+00
2.898419896846499810e+00
2.909148902299365957e+00
2.911587646971943943e+00
2.906466880094391581e+00
2.905567816754310417e+00
2.905634043867582061e+00
2.920390952354733560e+00
2.944866937039939181e+00
2.967057993873171373e+00
2.973489850557129888e+00
3.057535506055457653e+00
3.068454993663110031e+00
3.166137154923493124e+00
3.260370663718854090e+00
3.581824653685175441e+00
3.943574441616729764e+00
3.949641797977292867e+00
3.978902886308379294e+00
3.993474919269122125e+00
3.996656568361569128e+00
4.132733597111212909e+00
4.191166720813466640e+00
4.192937335001382770e+00
4.210798956553018613e+00
