1.999999868566908390e+01
2.000001970883369040e+01
2.000004261655030291e+01
2.000006923597740638e+01
2.000009982061868641e+01
2.000013469797758603e+01
2.000017419931430140e+01
2.000021863874621886e+01
2.000026827424221665e+01
2.000032332399996449e+01
2.000038397700600967e+01
2.000045036618931249e+01
2.000052255792959954e+01
2.000060052527447851e+01
2.000068415562617474e+01
2.000077324228826114e+01
2.000086745532735222e+01
2.000096632924788764e+01
2.000106922748352645e+01
2.000117542776322921e+01
2.000128246242644536e+01
