2.724910214804112911e+02
2.726389071004254561e+02
2.740675542315969437e+02
2.749378451328612982e+02
2.749863765878577055e+02
2.752927070545579795e+02
2.762210346391560165e+02
2.772956305855517485e+02
2.775275773089974223e+02
2.788800825208109586e+02
2.790971488270952818e+02
2.794743977569548861e+02
2.798834901279516316e+02
2.810957794204993547e+02
2.817297457616556358e+02
2.819846623854987229e+02
2.828539561783966292e+02
2.834166137584512626e+02
2.838109378157984679e+02
2.843288951774553084e+02
2.849202877172048716e+02
2.854553404749503898e+02
2.863519381733948990e+02
2.865133699114629735e+02
2.869850190792080866e+02
2.877145422402724648e+02
2.882085682805983424e+02
2.885199670453709473e+02
2.885986965047154058e+02
2.894147665442454809e+02
2.895048533821376964e+02
2.902467021831224088e+02
2.909163789235017816e+02
2.930918207104674025e+02
2.951132507957141229e+02
2.951448365357944681e+02
2.952967396544407848e+02
2.953721486059795325e+02
2.953885940065890736e+02
2.960867576993878174e+02
2.963848416647528552e+02
2.963938828674875481e+02
2.964851841125775991e+02
