2.412810600013472140e+01
2.427036063135846078e+01
2.564224535746568279e+01
2.647769534864993091e+01
2.652437837872593818e+01
2.681945082477766107e+01
2.772009097555312351e+01
2.878150227588605148e+01
2.901404638693906435e+01
3.039830621310023062e+01
3.062512516751426972e+01
3.102238738736168244e+01
3.145752382501427036e+01
3.277304731319669884e+01
3.347682373742166106e+01
3.376308920465851315e+01
3.475488242046905185e+01
3.541108092487561265e+01
3.587834415663001408e+01
3.650194502189540202e+01
3.722815244396970513e+01
3.789842474532139960e+01
3.904959095075277986e+01
3.926053384084165288e+01
3.988323093227792526e+01
4.086526889635231896e+01
4.154344061896737372e+01
4.197632249827024964e+01
4.208641415500069627e+01
4.324192720943597834e+01
4.337095264106189774e+01
4.444234072530809243e+01
4.542036186217795546e+01
4.869610326241270570e+01
5.210231538969726728e+01
5.215868243404636218e+01
5.243038878996334518e+01
5.256558113356146578e+01
5.259508562474582050e+01
5.385011825836832600e+01
5.438647461357005852e+01
5.440276782050838023e+01
5.456746110772163405e+01
