8.661645397543907166e+01
8.653460765071270089e+01
8.568438652681842882e+01
8.512127000422746903e+01
8.508758836527333358e+01
8.486657468019915029e+01
8.407306233850810884e+01
8.281356175017594978e+01
8.248263495436297887e+01
8.011700203069013071e+01
7.967357974780041729e+01
7.886849376873499295e+01
7.795353454118196623e+01
7.507944085448193050e+01
7.353158110639698464e+01
7.290661171344066815e+01
7.077136299899429162e+01
6.938608914155462060e+01
6.841366827509898485e+01
6.713683815966588497e+01
6.568891289565414127e+01
6.440292483875170149e+01
6.234309680552483002e+01
6.198806370321789672e+01
6.097806062604842481e+01
5.947028535106375102e+01
5.844600990744468305e+01
5.777737308997176768e+01
5.760376435601438772e+01
5.564089489953966705e+01
5.540157828822900399e+01
5.322369998995952756e+01
5.093508027177271202e+01
4.193733454461749233e+01
3.166183272428485296e+01
3.147960063426581101e+01
3.059179535422481777e+01
3.014384288206050400e+01
3.004549651490041740e+01
2.561979882490927451e+01
2.353687810034294614e+01
2.347126466712515835e+01
2.279940551465480780e+01
