1.069043345177211449e+03
1.069205291080048710e+03
1.069874260235486418e+03
1.071103545002189549e+03
1.071775197514979936e+03
1.073624275820361618e+03
1.074137174480618114e+03
1.076291080274105298e+03
1.077437579345388713e+03
1.077924609616032512e+03
1.078992976204526713e+03
1.079621559792022481e+03
1.080381795646760793e+03
1.083266762653398700e+03
1.084954721225461071e+03
1.085045395391663078e+03
1.087587886037015096e+03
1.088184641354334872e+03
1.088895940274155237e+03
1.091129144426454332e+03
1.092272196384262998e+03
1.092974704142305654e+03
1.095772805844731010e+03
1.096374378552804046e+03
1.097822393496339146e+03
1.099929713708340842e+03
1.101416747100006432e+03
1.102822474707347737e+03
1.103619064092586996e+03
1.106319311001961296e+03
1.106528242727441238e+03
1.106988300753427666e+03
1.107549987480830396e+03
1.108290730854576623e+03
1.109130073212397065e+03
1.110894286095371172e+03
1.111474433024414111e+03
1.111942729854528352e+03
1.111959087263353467e+03
1.112013325784363360e+03
1.113014889702142227e+03
1.113664607252143924e+03
1.114998532552937377e+03
1.115894692604622605e+03
1.116474151549697126e+03
1.117980693299561608e+03
1.118633619105502021e+03
1.119033477801578556e+03
