8.503353310360733275e+00
8.506508153512424286e+00
8.516418946370137633e+00
8.525150493328562007e+00
8.526844800295016569e+00
8.529125116694052267e+00
8.530529096526118238e+00
8.545457761161951993e+00
8.559659377678729086e+00
8.566714073731326096e+00
8.583472276994976724e+00
8.593647661742231492e+00
8.605699542115015532e+00
8.641595748199222271e+00
8.653310641187532681e+00
8.653792021857904970e+00
8.665898697671600814e+00
8.669437246569698274e+00
8.674566937244238218e+00
8.698949410283800532e+00
8.716173889565968835e+00
8.727850303223963380e+00
8.774541999893971322e+00
8.783095321886671414e+00
8.799679771312801435e+00
8.813438428528234780e+00
8.818311222142753536e+00
8.822846156754897251e+00
8.826635185638490810e+00
8.851756973027091746e+00
8.854551453270689265e+00
8.861068659282890891e+00
8.869600201436698583e+00
8.881510313059207462e+00
8.895303032998315373e+00
8.921753543523267993e+00
8.928780966251707696e+00
8.933634787461047111e+00
8.933790352121555145e+00
8.934299311565265356e+00
8.941793663566922845e+00
8.944824332052386140e+00
8.947889352512241601e+00
8.949449669749331093e+00
8.951363007606065736e+00
8.965500424847894223e+00
8.978569544280883719e+00
8.989510382138526268e+00
