5.373450340372361467e+00
5.374516772276406229e+00
5.376976290631715116e+00
5.375564410186995268e+00
5.372858247262906950e+00
5.363884013427894004e+00
5.361875456140642981e+00
5.359124177783492371e+00
5.361596321762393202e+00
5.363286979728041359e+00
5.367790387094840021e+00
5.370626583578919977e+00
5.373880751651352483e+00
5.379846709102499958e+00
5.377352783362652211e+00
5.377123070352592293e+00
5.369699392513449077e+00
5.368364406861815930e+00
5.367330559161304748e+00
5.369175893698052704e+00
5.373043130411459423e+00
5.376089147144250902e+00
5.388250892099096134e+00
5.389917801968533873e+00
5.391392363149570599e+00
5.386953501030838254e+00
5.380736270249482089e+00
5.374789689372936330e+00
5.372181111009735943e+00
5.371058532897685645e+00
5.371506988682730466e+00
5.372723252861028698e+00
5.374569089929082999e+00
5.377415759873493961e+00
5.380823666998330701e+00
5.386363514934878083e+00
5.387125098250424848e+00
5.387221163596633389e+00
5.387215666806589809e+00
5.387193090688588093e+00
5.385570362242612319e+00
5.383357656774201416e+00
5.376807960931400565e+00
5.372077967802514564e+00
5.369581760096564516e+00
5.368835734171075735e+00
5.372875321247607694e+00
5.377198173554128324e+00
