2.267449181458505336e+01
2.273497029690889448e+01
2.298277652116350112e+01
2.343341464152366171e+01
2.367873572674804450e+01
2.435483329168991773e+01
2.454277382516539774e+01
2.533329259697686453e+01
2.575444122400370262e+01
2.593338149239108859e+01
2.632599279018297267e+01
2.655702999090983951e+01
2.683644366578512930e+01
2.789422907050570899e+01
2.850854503766253245e+01
2.854141581034333441e+01
2.945837613060761129e+01
2.967265114491047129e+01
2.992785719703121927e+01
3.072912636485705207e+01
3.113967820212985771e+01
3.139208508916968654e+01
3.239642717047320986e+01
3.261192836511409610e+01
3.313005737911360882e+01
3.388352040818812583e+01
3.441558843880535790e+01
3.491912524202867729e+01
3.520468778687796174e+01
3.617360349649364792e+01
3.624863552751920537e+01
3.641389162245074118e+01
3.661573274387740895e+01
3.688206254745303170e+01
3.718404594629916460e+01
3.781932126138125483e+01
3.802828756917661934e+01
3.819694817598725933e+01
3.820283888560889807e+01
3.822237123380618584e+01
3.858294324567837208e+01
3.881670913236420972e+01
3.929632891744748235e+01
3.961844983730064484e+01
3.982678876341779528e+01
4.036902416597740739e+01
4.060433217805849182e+01
4.074849270385438160e+01
