5.606905193629245332e+02
5.603302197712689576e+02
5.587838762681730032e+02
5.557889298058425993e+02
5.541152936021635469e+02
5.495250511132333031e+02
5.482735396489435971e+02
5.431526143543005674e+02
5.405024045286803585e+02
5.393880387650993953e+02
5.369607517913866559e+02
5.355406005587856271e+02
5.338276942497760729e+02
5.273159584251362730e+02
5.234389523263342880e+02
5.232283186757103977e+02
5.172150175273449122e+02
5.157781086492424265e+02
5.140581848116275978e+02
5.086569372439644212e+02
5.059194894738328117e+02
5.042503087886840376e+02
4.976502321739982904e+02
4.962236093385778872e+02
4.927489534924145573e+02
4.875732480115535736e+02
4.838679313936365247e+02
4.803743594595603668e+02
4.784140090990797489e+02
4.719160102029787822e+02
4.714214779115563374e+02
4.703351156973146203e+02
4.690120724533837233e+02
4.672690862914884065e+02
4.652905961023591317e+02
4.610937039793714689e+02
4.596973194049123208e+02
4.585634448600258679e+02
4.585237287195529916e+02
4.583919826438620362e+02
4.559443273495081712e+02
4.543415786545746187e+02
4.510154605892228687e+02
4.487558217026088414e+02
4.472853538256411525e+02
4.434400732101374274e+02
4.417730963268656410e+02
4.407562528392766126e+02
