3.145928584679204505e+02
3.146876622078779064e+02
3.150761314976869016e+02
3.157826002513178878e+02
3.161671966191662477e+02
3.172271367530973976e+02
3.175217795120146889e+02
3.187611280683929635e+02
3.194214009404871604e+02
3.197019436225763798e+02
3.203174834566896720e+02
3.206797081704131074e+02
3.211177808978007420e+02
3.227762316951908588e+02
3.237394050478557119e+02
3.237909427873145773e+02
3.252286490266902206e+02
3.255646156651393994e+02
3.259647608935660514e+02
3.272211078274404485e+02
3.278648386677177200e+02
3.282606064990602590e+02
3.298354113803681571e+02
3.301733206108277159e+02
3.309857600280668066e+02
3.321672213995542506e+02
3.330015361854846674e+02
3.337911207629521186e+02
3.342389083758330344e+02
3.357582705423494076e+02
3.358759294474496642e+02
3.361350701946994377e+02
3.364515800816728870e+02
3.368692126784180800e+02
3.373427436750483821e+02
3.383388038296492368e+02
3.386663917249894098e+02
3.389307637275699676e+02
3.389399967294411908e+02
3.389706111225978020e+02
3.395356701466271829e+02
3.399019015163273139e+02
3.406529787463338721e+02
3.411571428038502063e+02
3.414830995283265338e+02
3.423309850504740552e+02
3.426986991018079607e+02
3.429238917567279259e+02
