5.413057916358031463e+00
5.413844897485315499e+00
5.415068379179894364e+00
5.411086030356276666e+00
5.406841662231532730e+00
5.393312928814241403e+00
5.389994512374030045e+00
5.381760958871032230e+00
5.381430739718378931e+00
5.381970755329397171e+00
5.384045773465027551e+00
5.385517910475545733e+00
5.387187346684374489e+00
5.387745203089139956e+00
5.382464382645245848e+00
5.382091562499351944e+00
5.370900334521738095e+00
5.368748619660462573e+00
5.366776778282883242e+00
5.365962802266534659e+00
5.368666136326752714e+00
5.371073030316278363e+00
5.381314092316311637e+00
5.382699363531965098e+00
5.383672875943836367e+00
5.378893573857400412e+00
5.372657794212698512e+00
5.366825513064197750e+00
5.364330759825411299e+00
5.363844347706390181e+00
5.364359081825288200e+00
5.365730844935201915e+00
5.367785187693900895e+00
5.370940296460654295e+00
5.374747172706561216e+00
5.381312370830697134e+00
5.382469012737190361e+00
5.382904975668255432e+00
5.382911687272585510e+00
5.382929753314021681e+00
5.382101039341605109e+00
5.380445474919263837e+00
5.375130377278099836e+00
5.371285502970576609e+00
5.369378959025945086e+00
5.370199560439365527e+00
5.374919143837093571e+00
5.379654469698025743e+00
