1.421274261507936743e+01
1.421643950135905321e+01
1.422654331781587800e+01
1.422939404230969096e+01
1.422584872227353259e+01
1.421219792769712242e+01
1.420972936030315914e+01
1.421465258131107845e+01
1.422787151806890371e+01
1.423522402745817850e+01
1.425355039878527208e+01
1.426489007904313056e+01
1.427820361574989150e+01
1.431246688971414294e+01
1.431709742702419241e+01
1.431710071593750300e+01
1.431491106250907386e+01
1.431556639292379707e+01
1.431786992260968994e+01
1.433891945646572275e+01
1.435762635570061896e+01
1.437095600790597949e+01
1.442452131787332448e+01
1.443360045232938660e+01
1.444883002535786787e+01
1.445379198948636912e+01
1.444928409757586607e+01
1.444494742481848348e+01
1.444454652534674821e+01
1.446382062168160587e+01
1.446674138011027644e+01
1.447378486417135690e+01
1.448335202242043529e+01
1.449708237246689535e+01
1.451315385527633950e+01
1.454274701202790432e+01
1.454970387794150177e+01
1.455395736642991267e+01
1.455408267755400331e+01
1.455448675727054209e+01
1.455877851674723900e+01
1.455851346429651727e+01
1.455270871849180203e+01
1.454797568191876955e+01
1.454642113539233605e+01
1.455764909420071795e+01
1.457409045433560379e+01
1.458905936960984562e+01
