2.634450947482505523e+00
2.597603549011123114e+00
2.262072533198575819e+00
2.079901325070354634e+00
2.070311499227549312e+00
2.011251156068088353e+00
1.848681712128981802e+00
1.694335219908287060e+00
1.666174077670458331e+00
1.540759229720400691e+00
1.526891408499840619e+00
1.506849280238704791e+00
1.490775693680071790e+00
1.474290255649145287e+00
1.480876892174169068e+00
1.485729487755504064e+00
1.508783323334286219e+00
1.526678057380112641e+00
1.539461878235003134e+00
1.555551699048123737e+00
1.571850621375141088e+00
1.584030689533187042e+00
1.598994894978151171e+00
1.601134829539533788e+00
1.606951186710877222e+00
1.616588349386620660e+00
1.625373032729067635e+00
1.632515502046218092e+00
1.634559095924815075e+00
1.662316134751199215e+00
1.666160279168667158e+00
1.703500126780575386e+00
1.744119687513782546e+00
1.871914858911646329e+00
1.915186132408821296e+00
1.915586724678761454e+00
1.917775564596067683e+00
1.919064626644769955e+00
1.919367091057226027e+00
1.943216193248530121e+00
1.963110850650554573e+00
1.963835989116099023e+00
1.971604714763223853e+00
