1.501500596106052399e+01
1.448421812287913113e+01
1.017615308572224819e+01
8.254208453436694626e+00
8.161393648145642388e+00
7.608290703125811127e+00
6.250048990299466922e+00
5.180843677789614965e+00
5.008411901291374591e+00
4.321608709575651908e+00
4.253266406554081946e+00
4.156613120679994999e+00
4.080141942556780421e+00
3.991119886891715929e+00
4.005918850316397162e+00
4.020393413104042857e+00
4.095326576822086118e+00
4.156725254790733182e+00
4.202169526475724837e+00
4.262173386440068157e+00
4.328972449770715158e+00
4.387592972316250339e+00
4.486797101506131646e+00
4.505587550482706760e+00
4.563446701845770725e+00
4.663680129963862164e+00
4.739117368717555401e+00
4.789218467470500507e+00
4.802129730956213649e+00
4.939456515971319739e+00
4.954837481036721059e+00
5.082558769865713089e+00
5.202283728146708697e+00
5.701991042309254354e+00
6.317523429430592863e+00
6.327233837531145433e+00
6.373834407977431837e+00
6.396913163039262606e+00
6.401941959020434503e+00
6.614583189290201837e+00
6.704778906514063053e+00
6.707499841050162281e+00
6.734897652437890514e+00
