5.653172964598601524e+00
5.656148452947393324e+00
5.666296871969107585e+00
5.678446492799187340e+00
5.682976319216710870e+00
5.693775598699372331e+00
5.697279533212315172e+00
5.718041568308029454e+00
5.733291880351549352e+00
5.740458328136625710e+00
5.757047169228204808e+00
5.767024357630817555e+00
5.778924835459534393e+00
5.817475828522807646e+00
5.833718271955959267e+00
5.834488325727182456e+00
5.854963999097090976e+00
5.860176217146539912e+00
5.866963375148134041e+00
5.893493565398943090e+00
5.909997888810064381e+00
5.920759588595753797e+00
5.962631825032472577e+00
5.970358817997705181e+00
5.985799750769758454e+00
6.000016032804706967e+00
6.005831491761511209e+00
6.010543909585542188e+00
6.013727692032060368e+00
6.031307929292147207e+00
6.033157601853633700e+00
6.037439539680214295e+00
6.042991727540771407e+00
6.050663037561155200e+00
6.059443114974312650e+00
6.075880275189453172e+00
6.080088116916971153e+00
6.082911262096679650e+00
6.083000118614237728e+00
6.083289964639600811e+00
6.087315526573088498e+00
6.088648012680538457e+00
6.089128994149649365e+00
6.088997127574944379e+00
6.089457182092344212e+00
6.096525264216459128e+00
6.104099834187642237e+00
6.110659107988446692e+00
