3.522782477263035616e+00
3.538090871868003084e+00
3.600808930530522645e+00
3.714849985915088748e+00
3.776932073316358274e+00
3.948035898832393364e+00
3.995600279152306200e+00
4.195665536262831452e+00
4.302249594293446222e+00
4.347535991348130402e+00
4.446899732377020520e+00
4.505372517173273472e+00
4.576089576242136303e+00
4.843807392823360480e+00
4.999286277918876920e+00
5.007605701734394898e+00
5.239690295721609381e+00
5.293925716657686742e+00
5.358521888584885318e+00
5.561335037101816425e+00
5.665251083563223489e+00
5.729138618278076578e+00
5.983358049803643830e+00
6.037907813298358128e+00
6.169063184028160229e+00
6.359787411364896670e+00
6.494466918621301765e+00
6.621924488708858192e+00
6.694208288461142686e+00
6.939471342627171246e+00
6.958464279712209155e+00
7.000295632893350550e+00
7.051387634807003479e+00
7.118803650625602941e+00
7.195245238118707753e+00
7.356057087144460382e+00
7.408954120750570915e+00
7.451647186533053357e+00
7.453138273787668133e+00
7.458082388992066214e+00
7.549346067583593722e+00
7.608506073868804620e+00
7.729865793163929411e+00
7.811377303493168611e+00
7.864118942142169999e+00
8.001646995638072468e+00
8.061565837286657654e+00
8.098393336323150393e+00
