1.973189702726277517e+01
1.973625915067551517e+01
1.974710822652592057e+01
1.974521024900810318e+01
1.973706856257224729e+01
1.970917322797752291e+01
1.970324996394746009e+01
1.969958157100172969e+01
1.971234708748279729e+01
1.972018337439792290e+01
1.974042539922125172e+01
1.975310691538556185e+01
1.976788311529470477e+01
1.980129702358604504e+01
1.979935321274622240e+01
1.979890569505625564e+01
1.978307384684041637e+01
1.978094520366649078e+01
1.978050233717747375e+01
1.979816704133678584e+01
1.981816377299749732e+01
1.983298704155646064e+01
1.989268493592991049e+01
1.990214647728906172e+01
1.991574405617591381e+01
1.991168307006977400e+01
1.989769842929350219e+01
1.988436151589104739e+01
1.987965218452464811e+01
1.989230390299308837e+01
1.989526613588706994e+01
1.990263847559595334e+01
1.991298298064095462e+01
1.992817183955018123e+01
1.994609851203192363e+01
1.997798581601400869e+01
1.998462836233397866e+01
1.998810286832258853e+01
1.998819199746754194e+01
1.998847169327684625e+01
1.998924339056179988e+01
1.998551769221854002e+01
1.997057338674973437e+01
1.995937239033709432e+01
1.995421296540723688e+01
1.996194590035896610e+01
1.998133451756521950e+01
1.999999928971330831e+01
