5.235707594692810218e+00
5.236883719069277632e+00
5.239893601909558996e+00
5.239824503199660199e+00
5.237987773853382656e+00
5.231703024004731972e+00
5.230484213581409136e+00
5.231118876140780749e+00
5.235428188827148333e+00
5.237914156678651345e+00
5.244217385169682721e+00
5.248163136141767993e+00
5.252827231577411382e+00
5.265090399978648250e+00
5.267118804214472760e+00
5.267150049506870602e+00
5.267723191914802428e+00
5.268434084288673880e+00
5.269908886162311568e+00
5.280040187751873226e+00
5.288340917386795681e+00
5.294164890488829656e+00
5.317760516264295134e+00
5.321964160270345801e+00
5.329666278876756813e+00
5.334594438842490405e+00
5.335168732937884073e+00
5.335725258547388883e+00
5.336815563258864081e+00
5.348177045594360024e+00
5.349584678859728548e+00
5.352909501960889216e+00
5.357324042722610535e+00
5.363551924461622100e+00
5.370789402787766065e+00
5.384419021221640733e+00
5.387866224946145977e+00
5.390143086122000327e+00
5.390213991502063706e+00
5.390444866991995987e+00
5.393535593604934064e+00
5.394416034857298037e+00
5.394303748278232113e+00
5.393955079120515528e+00
5.394308719879100877e+00
5.400986804940291819e+00
5.408224006828067587e+00
5.414489956059236775e+00
