2.124347524115019326e+01
2.124437918693128324e+01
2.124032235010454173e+01
2.120895273811807868e+01
2.118390952487736811e+01
2.110821675430999989e+01
2.108899986682990146e+01
2.103064189183090349e+01
2.101520627072666514e+01
2.101120374687626224e+01
2.100559168714197611e+01
2.100302527038722289e+01
2.099919741949045005e+01
2.095868300912938764e+01
2.091038527185378726e+01
2.090738707643879479e+01
2.081823239694843153e+01
2.079856076828762212e+01
2.077713555358575093e+01
2.072879580832239554e+01
2.071501784131787005e+01
2.070905099676205197e+01
2.068476154770601028e+01
2.067571426573627136e+01
2.064381195252093804e+01
2.057100424479816425e+01
2.050705323254977586e+01
2.044596836587441402e+01
2.041420368766159044e+01
2.033626969206857993e+01
2.033231165405210206e+01
2.032448134590453392e+01
2.031631396718622895e+01
2.030712081618943543e+01
2.029735985167208057e+01
2.027023112001179328e+01
2.025706434185962479e+01
2.024436424646771115e+01
2.024388527166744822e+01
2.024227968443950942e+01
2.020780591605271326e+01
2.018078418834977938e+01
2.011710856456632257e+01
2.007274046895387798e+01
2.004610898318249568e+01
1.999878320770596218e+01
1.999509310107665527e+01
1.999999924279919483e+01
