9.503643209658184787e+01
9.513365301368226312e+01
9.553200828369682540e+01
9.625642232688130662e+01
9.665078477247982391e+01
9.773764300465474264e+01
9.803976790727037383e+01
9.931057853089197351e+01
9.998760743525380690e+01
1.002752687930285020e+02
1.009064263606210119e+02
1.012778406417813528e+02
1.017270260912194146e+02
1.034275348834440393e+02
1.044151258047835427e+02
1.044679699348463231e+02
1.059421131972658827e+02
1.062865927192320186e+02
1.066968761283345799e+02
1.079850481920334744e+02
1.086450821139044365e+02
1.090508717991785517e+02
1.106655440387885676e+02
1.110120056982143097e+02
1.118450057749406170e+02
1.130563619924217704e+02
1.139117829993600566e+02
1.147213377633291600e+02
1.151804490629763649e+02
1.167382267412865673e+02
1.168588603904309053e+02
1.171245531831113453e+02
1.174490666602621047e+02
1.178772639062464691e+02
1.183627853205999259e+02
1.193841698829648124e+02
1.197201436430529782e+02
1.199913148338399793e+02
1.200007858782335859e+02
1.200321898638867708e+02
1.206119163375493599e+02
1.209877654399487312e+02
1.217589014371145311e+02
1.222768116593085637e+02
1.226117825473095024e+02
1.234836010455331490e+02
1.238619361248514679e+02
1.240937220723743195e+02
