4.144615233600779902e+01
4.168172926626721164e+01
4.188876327023172053e+01
4.206430405109495041e+01
4.220687918653857196e+01
4.231619686312842532e+01
4.239286282240573200e+01
4.243816187473930768e+01
4.245387868080433691e+01
4.244215674285806017e+01
4.240537700553613831e+01
4.234605300117982551e+01
4.226674591625487665e+01
4.216999323042182368e+01
4.205825081274451804e+01
4.193385520575611736e+01
4.179900289759461884e+01
4.165575169552903390e+01
4.150604423152981326e+01
4.135176987184240716e+01
4.119475574192983913e+01
