1.643620215403863938e+01
1.644199686121170600e+01
1.645933457172430536e+01
1.647083421406393811e+01
1.647027276800391249e+01
1.646195394958222380e+01
1.646080776667717060e+01
1.647340455282130023e+01
1.649283394908255218e+01
1.650329527190033474e+01
1.652928286603724217e+01
1.654555414250332745e+01
1.656509742849090117e+01
1.662296137251966854e+01
1.663970207386680755e+01
1.664030965747266677e+01
1.665369290378578171e+01
1.665781063937566131e+01
1.666426557224846405e+01
1.669907553852844373e+01
1.672537645722344024e+01
1.674350132536999425e+01
1.681568485587364847e+01
1.682835563164264059e+01
1.685120320113174586e+01
1.686442482914582541e+01
1.686413073826890852e+01
1.686327033380149842e+01
1.686490184262438419e+01
1.689299070526994129e+01
1.689675680006996572e+01
1.690574433367283191e+01
1.691782717879004849e+01
1.693507288180233417e+01
1.695530784334293628e+01
1.699368752581580466e+01
1.700338348264315158e+01
1.700975407439682030e+01
1.700995167102856342e+01
1.701059461016576790e+01
1.701906556825276340e+01
1.702129264463886926e+01
1.702030708414689641e+01
1.701893545833857146e+01
1.701981705791727251e+01
1.703945119070361258e+01
1.706100437777984169e+01
1.707970684036787290e+01
