1.571153436005115509e+02
1.572838835753512114e+02
1.589302682057219442e+02
1.599353334120886814e+02
1.599907128385935948e+02
1.603374232833883468e+02
1.613445448240549638e+02
1.623893410415179801e+02
1.625941725173033774e+02
1.636398781816599239e+02
1.637863505622417222e+02
1.640295516482816538e+02
1.642794414455862011e+02
1.649629529868799125e+02
1.652988049164625579e+02
1.654303907382370653e+02
1.658605032277028783e+02
1.661184100983323617e+02
1.662868881488765567e+02
1.664911279083902684e+02
1.667006240337791496e+02
1.668709522146450865e+02
1.671273786467031357e+02
1.671708980547925876e+02
1.672944569727573025e+02
1.674730700541893498e+02
1.675804847543941491e+02
1.676399416018809347e+02
1.676537798249729860e+02
1.677652024533228996e+02
1.677738551341058155e+02
1.678219431770928338e+02
1.678439928150179696e+02
1.679255816831637560e+02
1.676320393903218928e+02
1.676223193105869882e+02
1.675745224973717313e+02
1.675502907460086419e+02
1.675449732250749548e+02
1.673165324920443879e+02
1.672174441488271839e+02
1.672143511045927085e+02
1.671826009089159584e+02
