1.034748129459803749e+02
1.035022917280818291e+02
1.036226198964345429e+02
1.038642826331702054e+02
1.040032223210231450e+02
1.043951930999171367e+02
1.045042857969115602e+02
1.049578032210445713e+02
1.051964153218159055e+02
1.052976238050892732e+02
1.055203253898140048e+02
1.056523719797824725e+02
1.058137422433149908e+02
1.064534571074189842e+02
1.068553484240795655e+02
1.068775895657966402e+02
1.075268748301704420e+02
1.076855147714625360e+02
1.078769166639095971e+02
1.084880629224584823e+02
1.088033131652221073e+02
1.089971663737728420e+02
1.097718657259907644e+02
1.099401311086371749e+02
1.103499177000904581e+02
1.109600062601949588e+02
1.113980725232487856e+02
1.118139018304158583e+02
1.120489022850780998e+02
1.128369776115340954e+02
1.128974208673548532e+02
1.130303379328367299e+02
1.131923894775963504e+02
1.134059749138497750e+02
1.136482352903250614e+02
1.141600455253885826e+02
1.143294050151670262e+02
1.144665183730793245e+02
1.144713141151048745e+02
1.144872190949407695e+02
1.147817259871499260e+02
1.149735185171264362e+02
1.153687707028536238e+02
1.156351817401747724e+02
1.158077059305865788e+02
1.162565156517511866e+02
1.164506236027644093e+02
1.165691421735585891e+02
