1.076143769839862152e+01
1.076014856180245260e+01
1.075109791511774660e+01
1.072319732264028680e+01
1.070438794791832571e+01
1.065083660438578050e+01
1.063734159496014087e+01
1.059440480656267347e+01
1.058118013256202339e+01
1.057723772642714444e+01
1.057101591823458975e+01
1.056826617312458971e+01
1.056511672463606999e+01
1.054548841738797016e+01
1.052552835517073149e+01
1.052433209585956142e+01
1.049139210403302513e+01
1.048514976967364021e+01
1.047913618525772605e+01
1.047253494061455470e+01
1.047616944899922764e+01
1.048011342629929388e+01
1.049846634113404065e+01
1.050100676621216955e+01
1.050266411876962813e+01
1.049327324274068829e+01
1.048131035467249106e+01
1.047041821117921678e+01
1.046599031072416963e+01
1.046753376075615094e+01
1.046879249858598904e+01
1.047205528163172694e+01
1.047682222860689016e+01
1.048403477195409295e+01
1.049270634921982648e+01
1.050812003752621848e+01
1.051118596703616959e+01
1.051266205018876754e+01
1.051269650406779910e+01
1.051280233210778370e+01
1.051242005254274581e+01
1.050992342057951134e+01
1.050094212835072582e+01
1.049435888510189052e+01
1.049127143652736471e+01
1.049489572375833291e+01
1.050526696739749433e+01
1.051533917800303364e+01
