1.136908457682704210e+01
1.137098021259949476e+01
1.137456220160493636e+01
1.136808959874654867e+01
1.136021259063609001e+01
1.133454188380543926e+01
1.132826735095085446e+01
1.131326291046223886e+01
1.131317772765672558e+01
1.131440144335438980e+01
1.131854548713935849e+01
1.132122024475427757e+01
1.132390607881906774e+01
1.131847524279213602e+01
1.130080666233785891e+01
1.129961312536506490e+01
1.126226548295861818e+01
1.125385319393382666e+01
1.124475528649511702e+01
1.122526388237526440e+01
1.122055096708116828e+01
1.121879584730736568e+01
1.121011562306473408e+01
1.120592779287391672e+01
1.119007159009225560e+01
1.115207112726856664e+01
1.111802780216581077e+01
1.108517799536284087e+01
1.106795817884098376e+01
1.102486090414498499e+01
1.102259545047863476e+01
1.101806092267879045e+01
1.101323311910566716e+01
1.100764847954821768e+01
1.100158528897317645e+01
1.098499961517812906e+01
1.097718268794839069e+01
1.096973114778047531e+01
1.096945141039006977e+01
1.096851428617174840e+01
1.094855637646080737e+01
1.093304496857557950e+01
1.089663669745413799e+01
1.087119564755740342e+01
1.085579110057815377e+01
1.082726905229061209e+01
1.082382257694008842e+01
1.082552194452381933e+01
