4.205893250219723996e+02
4.206052665703790581e+02
4.206729953997119082e+02
4.208030534860842522e+02
4.208759582125791212e+02
4.210790698858243104e+02
4.211354826814919647e+02
4.213712698069650173e+02
4.214962367085955748e+02
4.215493367373253477e+02
4.216661012704079212e+02
4.217351166247383958e+02
4.218190477629873385e+02
4.221446327838424963e+02
4.223423737410390117e+02
4.223531754300130387e+02
4.226635669745229507e+02
4.227383406210346948e+02
4.228282250695953053e+02
4.231140003602847059e+02
4.232612532850922662e+02
4.233518448375181720e+02
4.237139595056484040e+02
4.237924935097706225e+02
4.239833484399435974e+02
4.242663658761122178e+02
4.244690640048431192e+02
4.246615017954281370e+02
4.247704092801403704e+02
4.251370516387635234e+02
4.251652692862062963e+02
4.252273639392644782e+02
4.253031406499544573e+02
4.254031111616523617e+02
4.255165930326713806e+02
4.257564458959447506e+02
4.258358038472721319e+02
4.259000417649875772e+02
4.259022884086517706e+02
4.259097392747586355e+02
4.260476845721597670e+02
4.261375071870535294e+02
4.263226438116626582e+02
4.264475070293555632e+02
4.265284256848586892e+02
4.267392616573011423e+02
4.268306481705847091e+02
4.268865233082163968e+02
