6.371052638093528842e+00
6.372115220703936878e+00
6.374157059344876863e+00
6.370723733896191732e+00
6.366481017484728611e+00
6.352774935564568182e+00
6.349493530055943857e+00
6.342230977516179813e+00
6.342866051191075272e+00
6.343851271295628536e+00
6.346843371705293890e+00
6.348742025570905945e+00
6.350734118479459234e+00
6.349561091751987796e+00
6.340775660150943516e+00
6.340167428560375740e+00
6.320969309650459778e+00
6.316668827298370203e+00
6.312064923557318963e+00
6.302674376803805600e+00
6.300778967111340556e+00
6.300230676281488584e+00
6.296854050142051129e+00
6.294768096108507294e+00
6.286425207704764873e+00
6.265741287273783655e+00
6.247014928095454778e+00
6.228916777871301491e+00
6.219443949601715538e+00
6.195925528686475836e+00
6.194706156671684560e+00
6.192274823686997109e+00
6.189700706733493263e+00
6.186735970740766533e+00
6.183506227773925445e+00
6.174457419739164621e+00
6.170114188227733720e+00
6.165949573068264300e+00
6.165792878224111817e+00
6.165267786696867702e+00
6.154039162314513867e+00
6.145269813693253980e+00
6.124588347847164549e+00
6.110057227606303876e+00
6.101213984757838382e+00
6.084584790840044555e+00
6.082342939988941488e+00
6.083100360518358229e+00
