3.987291152775287628e+01
3.994442022143017823e+01
4.063089193749492978e+01
4.104864118451229160e+01
4.107199050949427033e+01
4.121957796160914711e+01
4.166987351772143455e+01
4.219972291377876417e+01
4.231567634867932526e+01
4.300539333390823060e+01
4.311838605002286329e+01
4.331630667779041488e+01
4.353313437723528523e+01
4.418883157418359531e+01
4.453960503501740931e+01
4.468226313621957502e+01
4.517640575087528987e+01
4.550327505839754849e+01
4.573601978665717382e+01
4.604665358564563604e+01
4.640847634629178486e+01
4.674254017429196750e+01
4.731605681277209641e+01
4.742091947728707879e+01
4.772919398211985964e+01
4.820641692087696839e+01
4.852224761543855891e+01
4.871380304310371656e+01
4.876089578377773393e+01
4.920089409420195636e+01
4.924248146042230445e+01
4.951283158335176182e+01
4.962882841635936870e+01
4.933754274845536258e+01
4.926560085060464900e+01
4.927018016755977214e+01
4.929343933563636426e+01
4.930562040300119975e+01
4.930832334001871686e+01
4.943440589068531921e+01
4.950013919602360346e+01
4.950238360693811046e+01
4.952621504643207118e+01
