4.224047737328064613e+02
4.224292153040437938e+02
4.225329360512669723e+02
4.227318467370066060e+02
4.228433222311101645e+02
4.231541303368560989e+02
4.232405468221366505e+02
4.236021931148627573e+02
4.237941240635994404e+02
4.238757228351645381e+02
4.240552357106116688e+02
4.241613846092563449e+02
4.242905107630583643e+02
4.247915538094652561e+02
4.250957068351746102e+02
4.251123142550746934e+02
4.255892178756420776e+02
4.257040355140983365e+02
4.258420426529377778e+02
4.262808783340846617e+02
4.265071095448336109e+02
4.266463307569332528e+02
4.272028997870445437e+02
4.273235559512688724e+02
4.276166108261693353e+02
4.280507418032120768e+02
4.283614868491607695e+02
4.286565322289893061e+02
4.288235714085578252e+02
4.293863958909998928e+02
4.294297398947430793e+02
4.295251301892704419e+02
4.296415512596777830e+02
4.297951512696612326e+02
4.299695014661750747e+02
4.303378734142746680e+02
4.304596940487863890e+02
4.305582789069564456e+02
4.305617263723584074e+02
4.305731594927514720e+02
4.307847753056364581e+02
4.309225115479113128e+02
4.312062783707752374e+02
4.313975837984725672e+02
4.315215378703754823e+02
4.318444760432182647e+02
4.319844713858546470e+02
4.320700829275787100e+02
