3.002252466762583936e+02
3.001297108902766126e+02
2.997189042868682805e+02
2.989214320260540489e+02
2.984755831459278852e+02
2.972549870499843223e+02
2.969232141971800729e+02
2.955720309591328032e+02
2.948770162656125535e+02
2.945856005026900561e+02
2.939524029632374322e+02
2.935828588671964212e+02
2.931379927205816216e+02
2.914551987938514799e+02
2.904598496439176643e+02
2.904059171710364353e+02
2.888723200414065104e+02
2.885075630845637420e+02
2.880718195953424470e+02
2.867097675432918891e+02
2.860235334928510724e+02
2.856066233240682664e+02
2.839708329658766388e+02
2.836200471221493444e+02
2.827697809739188983e+02
2.815135126898510975e+02
2.806212775700352609e+02
2.797853071225398480e+02
2.793184236551604727e+02
2.777818696845799309e+02
2.776656134022587707e+02
2.774105700181305565e+02
2.771006071198103768e+02
2.766933809931982182e+02
2.762327714482761394e+02
2.752621591452041230e+02
2.749413734426853466e+02
2.746817413465518598e+02
2.746726612467969062e+02
2.746425476838482496e+02
2.740850055488695034e+02
2.737218987441356148e+02
2.729731584553043149e+02
2.724679056288736092e+02
2.721404496385414404e+02
2.712886886965493431e+02
2.709214395307496943e+02
2.706980617290126361e+02
