0.000000000000000000e+00
1.950000000000000000e+02
9.940000000000000000e+02
2.447000000000000000e+03
3.238000000000000000e+03
5.418000000000000000e+03
6.024000000000000000e+03
8.573000000000000000e+03
9.931000000000000000e+03
1.050800000000000000e+04
1.177400000000000000e+04
1.251900000000000000e+04
1.342000000000000000e+04
1.683100000000000000e+04
1.881200000000000000e+04
1.891800000000000000e+04
2.187500000000000000e+04
2.256600000000000000e+04
2.338900000000000000e+04
2.597300000000000000e+04
2.729700000000000000e+04
2.811100000000000000e+04
3.135000000000000000e+04
3.204500000000000000e+04
3.371600000000000000e+04
3.614600000000000000e+04
3.786200000000000000e+04
3.948600000000000000e+04
4.040700000000000000e+04
4.353200000000000000e+04
4.377400000000000000e+04
4.430700000000000000e+04
4.495800000000000000e+04
4.581700000000000000e+04
4.679100000000000000e+04
4.884000000000000000e+04
4.951400000000000000e+04
5.005800000000000000e+04
5.007700000000000000e+04
5.014000000000000000e+04
5.130300000000000000e+04
5.205700000000000000e+04
5.360400000000000000e+04
5.464300000000000000e+04
5.531500000000000000e+04
5.706400000000000000e+04
5.782300000000000000e+04
5.828800000000000000e+04
