8.938120742620045078e+00
8.941349802357867915e+00
8.951426467566207634e+00
8.960052983335994981e+00
8.961572114598151728e+00
8.963390576953214506e+00
8.964742588293457715e+00
8.980081267592664673e+00
8.994922171388513021e+00
9.002319694037948850e+00
9.019931389305504865e+00
9.030646075436189690e+00
9.043355795451448742e+00
9.081397127628623167e+00
9.093979495018761128e+00
9.094501416358045986e+00
9.107729375619575407e+00
9.111581314565208700e+00
9.117137855762319276e+00
9.143325917184514040e+00
9.161737297425078808e+00
9.174203746843694773e+00
9.224071272652654585e+00
9.233233345237803036e+00
9.251080138241150053e+00
9.266156292307780262e+00
9.271729627282113029e+00
9.276946380361735578e+00
9.281196789640327793e+00
9.308587459043483392e+00
9.311605852650300719e+00
9.318636904647553010e+00
9.327828952654277472e+00
9.340649219735363218e+00
9.355494035909098116e+00
9.384033985141041256e+00
9.391662084190137705e+00
9.396957547542475808e+00
9.397127796491679064e+00
9.397685081068448909e+00
9.405969875095268051e+00
9.409414310852021401e+00
9.413152585950516738e+00
9.415129044310431183e+00
9.417353987893520184e+00
9.432762459158096746e+00
9.446737259767104433e+00
9.458383931519305676e+00
