2.525988734173032046e+00
2.538516920430651247e+00
2.584876278221977852e+00
2.650953301287421127e+00
2.678624201098172009e+00
2.733154270519747353e+00
2.744395158580261285e+00
2.784036445385168701e+00
2.804961448918134259e+00
2.814568128155570115e+00
2.837806468385735581e+00
2.853049790534034624e+00
2.873089702073949869e+00
2.962031214712630423e+00
3.018312011292108021e+00
3.021315685564632592e+00
3.101423731618175861e+00
3.118624268546810185e+00
3.138183489180033536e+00
3.193024395147381789e+00
3.217705838001065466e+00
3.231982537221788743e+00
3.284462857286172710e+00
3.295192599824994684e+00
3.320601116369656491e+00
3.356648777697456065e+00
3.381168957857130675e+00
3.403331689354907930e+00
3.415375177593840572e+00
3.453513024966368139e+00
3.456325785296268993e+00
3.462476236782352945e+00
3.469928820440113970e+00
3.479723898008809879e+00
3.490885674230921332e+00
3.515143019558611748e+00
3.523501015956923332e+00
3.530422295578129699e+00
3.530667042435921665e+00
3.531480063200350905e+00
3.546915821229061905e+00
3.557370953707191585e+00
3.579906812880821576e+00
3.595769079157926207e+00
3.606271263849453401e+00
3.634094631671472175e+00
3.646177780201709684e+00
3.653514606138309695e+00
