8.392509405606142536e+01
8.398103848267979288e+01
8.421087760546446077e+01
8.463030482050677961e+01
8.485879140066111859e+01
8.548606831336860523e+01
8.565920085658584071e+01
8.637712562652129122e+01
8.675024798086815281e+01
8.690628825928743595e+01
8.724271040010671641e+01
8.743651342871504539e+01
8.766640263349357554e+01
8.848596514658851220e+01
8.891872010778425306e+01
8.894084490793761688e+01
8.951026129207269832e+01
8.962905269092983929e+01
8.976310062879926477e+01
9.013164055353895776e+01
9.029120397949188259e+01
9.038024914921122388e+01
9.067200162020709797e+01
9.072191355555270320e+01
9.082264537210586752e+01
9.091666208675027860e+01
9.094388735352184483e+01
9.094163417025038143e+01
9.092979724227457439e+01
9.084619228857526707e+01
9.083743123405930930e+01
9.081709118764034372e+01
9.079028135376222508e+01
9.075143638179753225e+01
9.070213749162660122e+01
9.057671344403844671e+01
9.052808225462797509e+01
9.048596934789277668e+01
9.048445184951691544e+01
9.047939760314712032e+01
9.037993766115260996e+01
9.030945171142683137e+01
9.015198466378070918e+01
9.003851689112207168e+01
8.996270282129262341e+01
8.975883299526566361e+01
8.966757536795203976e+01
8.961059251296818218e+01
