7.700049127611249267e-01
7.708617659516021625e-01
7.762894963256378178e-01
7.778567811676543320e-01
7.779234303942732520e-01
7.783170565747663527e-01
7.794839457847057007e-01
7.816425685929208056e-01
7.823327526779533247e-01
7.887038365312118993e-01
7.901558815423653792e-01
7.929830691125893116e-01
7.964817624102982219e-01
8.092313024387813858e-01
8.169649196655424106e-01
8.201913377488601053e-01
8.312925109475240992e-01
8.382148172463090852e-01
8.427689352550991053e-01
8.482195188775861761e-01
8.535280020325294315e-01
8.573870689729485850e-01
8.619033218255789386e-01
8.624972480983751355e-01
8.639710718365827269e-01
8.659320184091788830e-01
8.674833272844743037e-01
8.687289215461920788e-01
8.690884811023927847e-01
8.741991695483288805e-01
8.749408088297189190e-01
8.825303907504825629e-01
8.915383633539321062e-01
9.277008704620414159e-01
9.566976885171655232e-01
9.571196858152831721e-01
9.591818346565641473e-01
9.602312731655360256e-01
9.604628925037889120e-01
9.717870867268636470e-01
9.780014987217098277e-01
9.782079449593711340e-01
9.803595593787628459e-01
