5.356648568031918245e+00
5.357315626722074065e+00
5.358128887405313456e+00
5.353700472606343297e+00
5.349352890234186475e+00
5.335934204771938916e+00
5.332727772372572339e+00
5.325235712153498113e+00
5.325438559187165133e+00
5.326229709774711552e+00
5.328906778614976858e+00
5.330767444459036497e+00
5.332943522180933371e+00
5.335848451824705130e+00
5.332290369477602709e+00
5.332017600774388910e+00
5.323925130074592005e+00
5.322576237106560804e+00
5.321594077204702344e+00
5.324083914192232925e+00
5.328570303653120455e+00
5.332096927199496683e+00
5.346938623464823515e+00
5.349338655154912914e+00
5.352790727393184511e+00
5.351710223622728080e+00
5.348144543205983759e+00
5.344869665705283879e+00
5.343832553183563761e+00
5.348289674625957169e+00
5.349185503488288695e+00
5.351395295274753217e+00
5.354470644603342322e+00
5.358968782351385407e+00
5.364293490654237218e+00
5.374042964118348920e+00
5.376247751676722864e+00
5.377531151322502367e+00
5.377567491892029317e+00
5.377683818115212233e+00
5.378674595352977761e+00
5.378205716984033380e+00
5.375347642287926497e+00
5.373171840039854708e+00
5.372353119756392736e+00
5.376033286075389661e+00
5.382004584727708263e+00
5.387509242554481048e+00
