1.818872772183808273e+00
1.818791516159142585e+00
1.818815882099786840e+00
1.818858514650951275e+00
1.818790560307739668e+00
1.818810281328665290e+00
1.818863592208765478e+00
1.818800686509258302e+00
1.818808382275117763e+00
1.818874998729965053e+00
1.818819700966540998e+00
1.818818792748379876e+00
1.818897354505582653e+00
1.818849073814089889e+00
1.818845692440281603e+00
1.818936536454997421e+00
1.818884011763679531e+00
1.818895203209150546e+00
1.818989257984475749e+00
1.818858717580303708e+00
1.820145217477707744e+00
