2.641720986926011392e+02
2.641167855304013301e+02
2.638685136053611586e+02
2.633542805560640545e+02
2.630543321253016416e+02
2.622008169579636387e+02
2.619616886643449902e+02
2.609580880275558457e+02
2.604228657183334690e+02
2.601943107953434264e+02
2.596882133370325505e+02
2.593859794565132688e+02
2.590141335018829523e+02
2.574991676995915100e+02
2.564983194388581182e+02
2.564416350546019316e+02
2.547303393426154230e+02
2.542977813680096517e+02
2.537700280394396088e+02
2.520527631684892356e+02
2.511523898668769164e+02
2.505939673942326635e+02
2.483097524105000673e+02
2.477983190759363481e+02
2.465243839269763271e+02
2.445542269088627449e+02
2.430961450161840389e+02
2.416915859660891783e+02
2.408931974224670398e+02
2.382092648423739831e+02
2.380031276423463567e+02
2.375494264775396118e+02
2.369951821793951012e+02
2.362618300348887601e+02
2.354241745928468958e+02
2.336235582315131012e+02
2.330159712630412230e+02
2.325192361333317024e+02
2.325017819587094721e+02
2.324438564597470247e+02
2.313603835045615540e+02
2.306438402374746772e+02
2.291422162543435661e+02
2.281141113112762753e+02
2.274430863822455535e+02
2.256855635967655473e+02
2.249232437679712575e+02
2.244579721449304657e+02
