9.557160179052464954e+00
9.559435974952068094e+00
9.565368015048406392e+00
9.565705660817034328e+00
9.562451277898064816e+00
9.550813041644129697e+00
9.548449978520116233e+00
9.548689554356744935e+00
9.555861189058061811e+00
9.560058056807084981e+00
9.570705641602437197e+00
9.577322098259395844e+00
9.585033182277390651e+00
9.603182162535622624e+00
9.603336044869649868e+00
9.603177704703423245e+00
9.597144141746616341e+00
9.596496750680898913e+00
9.596739043099585587e+00
9.606714801918068147e+00
9.617108355209225579e+00
9.624713225015774754e+00
9.655221589267359406e+00
9.660123789268656225e+00
9.667445798053016404e+00
9.666476035928653232e+00
9.660362958424260071e+00
9.654499981403311892e+00
9.652546005857374212e+00
9.659718880570975941e+00
9.661230042484447722e+00
9.664966618317363256e+00
9.670174682500777052e+00
9.677783992998994833e+00
9.686741584478165024e+00
9.702725390484873813e+00
9.706109727475029203e+00
9.707924330132305712e+00
9.707972056189875687e+00
9.708122614792944916e+00
9.708770289021547484e+00
9.707140237962473606e+00
9.700260451095120473e+00
9.695083183764680257e+00
9.692750737299016706e+00
9.696965077564907887e+00
9.706580718994507251e+00
9.715766526092370015e+00
