5.832397845444670992e+00
5.835442348986924266e+00
5.845795559409091346e+00
5.858061693901539080e+00
5.862559062341293092e+00
5.873123277438629941e+00
5.876559671397568962e+00
5.897198261511967132e+00
5.912529180268446538e+00
5.919760810743091461e+00
5.936545892818620551e+00
5.946663963669593045e+00
5.958748562995702436e+00
5.997939018187839366e+00
6.014394058929799947e+00
6.015171596406059251e+00
6.035761430495370838e+00
6.040998195577235386e+00
6.047831546432727912e+00
6.074763571244634619e+00
6.091718663580282467e+00
6.102869993741963484e+00
6.147369343166523059e+00
6.155922027189950185e+00
6.173785296341388396e+00
6.192735558997079615e+00
6.202835146186636450e+00
6.212349864088632323e+00
6.218578183684202898e+00
6.248085342366435313e+00
6.250950158452515559e+00
6.257507516615560483e+00
6.265907350027753786e+00
6.277437908496502850e+00
6.290711113629623874e+00
6.316890856742817029e+00
6.324361793217231131e+00
6.329833229028349884e+00
6.330014790591294904e+00
6.330612123506953459e+00
6.340339255210530212e+00
6.345393963689046402e+00
6.353594520836474580e+00
6.358740818128692851e+00
6.362673765607623544e+00
6.379098446904058584e+00
6.390924451298212183e+00
6.400160089301829558e+00
