1.050612394056559424e+03
1.050695285595970290e+03
1.051041140185502172e+03
1.051688065050702107e+03
1.052045883870878242e+03
1.053038745935156157e+03
1.053314919546536657e+03
1.054474150649287594e+03
1.055090998186037950e+03
1.055353293120747139e+03
1.055929863919663831e+03
1.056270191806667526e+03
1.056683216284766786e+03
1.058268920522578810e+03
1.059212961744725135e+03
1.059264053556895533e+03
1.060712989275173186e+03
1.061057479452368398e+03
1.061470008568447838e+03
1.062775365446960905e+03
1.063446930429889107e+03
1.063860114834478281e+03
1.065508447017766684e+03
1.065864039116250751e+03
1.066723559891291416e+03
1.067985815446469815e+03
1.068883673584847202e+03
1.069734927557764195e+03
1.070217276925573515e+03
1.071848032539451196e+03
1.071973958913684328e+03
1.072251198522730192e+03
1.072589683169271893e+03
1.073036279572263084e+03
1.073542915821760289e+03
1.074610893447344552e+03
1.074963067182472741e+03
1.075247660262424006e+03
1.075257605699163605e+03
1.075290585357965938e+03
1.075900130873163334e+03
1.076296021015509950e+03
1.077109822905379815e+03
1.077657372165744391e+03
1.078011834364766855e+03
1.078934934215957355e+03
1.079335356756759438e+03
1.079580456392763381e+03
