3.848747460112062981e+02
3.849431592292403366e+02
3.852289382109747748e+02
3.857645873607739304e+02
3.860612554896799224e+02
3.868848879777916068e+02
3.871139225041238774e+02
3.880741171865752790e+02
3.885841379154953188e+02
3.888008352625528801e+02
3.892769011546736238e+02
3.895577827323594420e+02
3.898985989211562355e+02
3.912070133646379873e+02
3.919858752189821871e+02
3.920280166899181609e+02
3.932222202774658513e+02
3.935058205189876048e+02
3.938452444420504435e+02
3.949179056680078475e+02
3.954689709812445813e+02
3.958077611964671974e+02
3.971573399256123480e+02
3.974480522547395935e+02
3.981500954514705199e+02
3.991794559190810219e+02
3.999105839224985175e+02
4.006030549069363929e+02
4.009951591321067212e+02
4.023194745922669995e+02
4.024216546633383587e+02
4.026465726455980416e+02
4.029210994427498918e+02
4.032831791392892455e+02
4.036937575740998341e+02
4.045586428718124239e+02
4.048436734931503906e+02
4.050739488035942486e+02
4.050819951047711243e+02
4.051086766813597819e+02
4.056016971644466480e+02
4.059217875423598230e+02
4.065794964498476247e+02
4.070218217232047095e+02
4.073080834145380322e+02
4.080532801456076299e+02
4.083764046622367800e+02
4.085741535781559719e+02
