7.913087847377607176e+00
7.916642961841741766e+00
7.928263428265157842e+00
7.940248032467311035e+00
7.943706379939877493e+00
7.950498030154171225e+00
7.953026005584314717e+00
7.972053651827825327e+00
7.988158016796273131e+00
7.996004972655842202e+00
8.014542259061213869e+00
8.025827424684289113e+00
8.039318340430602561e+00
8.081890795992714871e+00
8.098216712681493235e+00
8.098951074524059379e+00
8.117871878223906990e+00
8.122836954857117320e+00
8.129538285642350814e+00
8.157863018413024747e+00
8.176586410076057021e+00
8.189068474301951284e+00
8.238858025175890276e+00
8.248188635671969138e+00
8.266958401881749907e+00
8.284690246330455921e+00
8.292699394430174564e+00
8.300148153570411580e+00
8.305466341198386004e+00
8.334712921628941729e+00
8.337758283709469254e+00
8.344801390510333761e+00
8.353935833368163699e+00
8.366604455737546076e+00
8.381262321207879396e+00
8.409867270215007906e+00
8.417781367040937823e+00
8.423432974448225252e+00
8.423617787908224130e+00
8.424224407529983694e+00
8.433708206136435237e+00
8.438207562278389418e+00
8.444602421096707445e+00
8.448470593648428562e+00
8.451809060092953629e+00
8.468900059638450273e+00
8.482667484503030764e+00
8.493787426568331966e+00
