1.118415639447281137e+03
1.118608420712180759e+03
1.119398384296080621e+03
1.120835041967417055e+03
1.121617149272429742e+03
1.123772613055554302e+03
1.124371789410663723e+03
1.126892093692262051e+03
1.128234807077032428e+03
1.128805311061728617e+03
1.130057055701646959e+03
1.130793665577610227e+03
1.131684517768404930e+03
1.135057095710615613e+03
1.137015775929558458e+03
1.137120581483056185e+03
1.140044256154905270e+03
1.140727467530859712e+03
1.141541190495428964e+03
1.144096058034851239e+03
1.145405128388276353e+03
1.146209949279312923e+03
1.149412425882658908e+03
1.150099588585581159e+03
1.151751741824805094e+03
1.154154323930684768e+03
1.155850959214018076e+03
1.157456634433683575e+03
1.158367242266655012e+03
1.161456965366931854e+03
1.161696231982142763e+03
1.162223211073358470e+03
1.162866856219018018e+03
1.163716150593539396e+03
1.164679145783391050e+03
1.166704998675277466e+03
1.167371385197351174e+03
1.167909240018869241e+03
1.167928025384946750e+03
1.167990313701521700e+03
1.169140174650525069e+03
1.169885653887835133e+03
1.171415140786347138e+03
1.172442287373920863e+03
1.173106511888703835e+03
1.174834180742680246e+03
1.175582889328595456e+03
1.176041032778834278e+03
