4.219371870856448368e+02
4.219588385730119171e+02
4.220507662819199481e+02
4.222271760273300174e+02
4.223260646491015677e+02
4.226017528310035800e+02
4.226783873694657245e+02
4.229990031350355935e+02
4.231691068789536416e+02
4.232414177493081979e+02
4.234004848879932297e+02
4.234945380011867542e+02
4.236089474417526617e+02
4.240529396177603303e+02
4.243225853296232799e+02
4.243373124148313877e+02
4.247603833038019729e+02
4.248622784489207334e+02
4.249847647707132410e+02
4.253742746721373464e+02
4.255750663841343453e+02
4.256986261804799483e+02
4.261926059541668792e+02
4.262997170557940194e+02
4.265599347331426543e+02
4.269455818462205912e+02
4.272216975501506795e+02
4.274838682803276697e+02
4.276322822844423968e+02
4.281322312680354685e+02
4.281707261497547279e+02
4.282554424602781751e+02
4.283588335987912501e+02
4.284952417269616376e+02
4.286500824398406166e+02
4.289772797807277698e+02
4.290855033510411545e+02
4.291730927081137565e+02
4.291761558002658035e+02
4.291863142518475911e+02
4.293743551479090002e+02
4.294967647068375527e+02
4.297489943578816565e+02
4.299190625791150637e+02
4.300292634145224042e+02
4.303163797719648755e+02
4.304408414928302022e+02
4.305169492322603446e+02
