1.420840406636656184e+01
1.421208655245526664e+01
1.422213296546806838e+01
1.422488421850112239e+01
1.422128635512801154e+01
1.420749191792849686e+01
1.420498297656478925e+01
1.420973136501687684e+01
1.422285368142533279e+01
1.423016456222171655e+01
1.424839885242519166e+01
1.425968414413354246e+01
1.427293201311922566e+01
1.430695183971912243e+01
1.431144610820963337e+01
1.431144219377388183e+01
1.430905292257684458e+01
1.430966143178283545e+01
1.431190882162262668e+01
1.433277849720984243e+01
1.435139117904850536e+01
1.436466246703412075e+01
1.441799630626578299e+01
1.442702671246967228e+01
1.444214144836723435e+01
1.444694243824164737e+01
1.444232384567203376e+01
1.443788278453272156e+01
1.443742218882308670e+01
1.445648799650093963e+01
1.445939221941212161e+01
1.446639911165557457e+01
1.447592130804794230e+01
1.448959203615414104e+01
1.450559582530035918e+01
1.453504812956990300e+01
1.454195960957978073e+01
1.454617692494677605e+01
1.454630098051852016e+01
1.454670090095138235e+01
1.455091695703946009e+01
1.455060388009702876e+01
1.454470257170711278e+01
1.453990525080266139e+01
1.453830881685435372e+01
1.454942369852946094e+01
1.456581274587079378e+01
1.458074820794988646e+01
