1.531182685885243700e+03
1.531144876243165982e+03
1.530982600375915126e+03
1.530665403146514336e+03
1.530485158504605806e+03
1.529975637869790262e+03
1.529832357056515093e+03
1.529225468781657582e+03
1.528898583444437918e+03
1.528758590430208187e+03
1.528448461698818164e+03
1.528263677022647471e+03
1.528037475446551298e+03
1.527144637433840217e+03
1.526590782894787026e+03
1.526560289879698757e+03
1.525674450780158168e+03
1.525458491519338850e+03
1.525197696827165828e+03
1.524360554652657356e+03
1.523924844173338215e+03
1.523655439290936329e+03
1.522569356688270545e+03
1.522332068246734480e+03
1.521753118083124491e+03
1.520889003780210032e+03
1.520266115201998218e+03
1.519671628700102474e+03
1.519333833168763931e+03
1.518189753797860021e+03
1.518101296473054163e+03
1.517906457111803775e+03
1.517668360911865193e+03
1.517353738999672032e+03
1.516995962730723022e+03
1.516237892373149862e+03
1.515986593437565034e+03
1.515783019646178900e+03
1.515775897502624048e+03
1.515752276195718650e+03
1.515314649946686814e+03
1.515029402694377950e+03
1.514440818374301443e+03
1.514043389412257511e+03
1.513785634632663232e+03
1.513113255643311277e+03
1.512821400168503942e+03
1.512642805804252930e+03
