1.625572288660069376e+01
1.626152877408342690e+01
1.627895490735892992e+01
1.629073445143186660e+01
1.629035514944822438e+01
1.628250098881393981e+01
1.628145318058139424e+01
1.629425931108371728e+01
1.631368477998800515e+01
1.632413052138762311e+01
1.635007669552169673e+01
1.636633073415300998e+01
1.638587243357710221e+01
1.644405332796038977e+01
1.646122028390990977e+01
1.646185396473106621e+01
1.647597383885314315e+01
1.648023894457352512e+01
1.648684355399151613e+01
1.652190156538771149e+01
1.654820565069868721e+01
1.656630372823367736e+01
1.663835453373453177e+01
1.665102645454204477e+01
1.667396084746397733e+01
1.668752140121787875e+01
1.668755431773660192e+01
1.668698525723539916e+01
1.668874592458412920e+01
1.671696081485260521e+01
1.672071617343803140e+01
1.672967176418421076e+01
1.674170290946413431e+01
1.675886708138513370e+01
1.677900679616387336e+01
1.681726539234459139e+01
1.682696755077094508e+01
1.683336501797286644e+01
1.683356392481274000e+01
1.683421139064563121e+01
1.684281644928032406e+01
1.684517935101108677e+01
1.684456064231786598e+01
1.684345701257125683e+01
1.684449453043828626e+01
1.686433143389638545e+01
1.688581424364972960e+01
1.690440574098834858e+01
