6.646202668547630310e+01
6.640863875728439325e+01
6.595731947060868094e+01
6.573722957633066244e+01
6.572484038303119291e+01
6.564353630405068429e+01
6.532988502207075499e+01
6.473038245900508514e+01
6.455562156739416935e+01
6.317536887070359342e+01
6.289834845800157836e+01
6.238479667053517375e+01
6.178683183264195122e+01
5.982840631186054736e+01
5.872933492093598318e+01
5.827697769103262715e+01
5.669303660186228200e+01
5.563291562595669859e+01
5.487358133640067592e+01
5.385842339044454974e+01
5.268433800135552758e+01
5.162345436005897170e+01
4.989346369916711410e+01
4.959168463020243678e+01
4.872696625744697485e+01
4.741431658293210205e+01
4.650067849401124676e+01
4.589113745745876827e+01
4.573093049320623749e+01
4.385745103491656494e+01
4.362088265357734684e+01
4.138564187566259278e+01
3.887964486521407537e+01
2.765166856224573522e+01
1.500593224035625717e+01
1.482548203150495247e+01
1.397834741282277626e+01
1.357141565989983256e+01
1.348393833944939324e+01
1.023759932870966871e+01
9.141532385728600829e+00
9.110874794041652791e+00
8.809328309322488337e+00
