3.996414229609558788e+01
3.996525248682189613e+01
3.996642047912996532e+01
3.996764997407314013e+01
3.996894124925631786e+01
3.997029455709491685e+01
3.997170993911890946e+01
3.997318716870620392e+01
3.997472566660013626e+01
3.997632448463195942e+01
3.997798228605540771e+01
3.997969727534677986e+01
3.998146714312116501e+01
3.998328898100044171e+01
3.998515926179146618e+01
3.998707379089347569e+01
3.998902762951945533e+01
3.999101502257070706e+01
3.999302931965075913e+01
3.999506307334831945e+01
3.999710488041500867e+01
