1.237795404801378027e+03
1.238008680239124033e+03
1.238882623872874092e+03
1.240472012124048206e+03
1.241337265157879074e+03
1.243721876029497025e+03
1.244384750778303214e+03
1.247172988730180350e+03
1.248658446211700493e+03
1.249289600608825140e+03
1.250674418603914319e+03
1.251489337770148722e+03
1.252474896893040977e+03
1.256206015817711659e+03
1.258372924840364476e+03
1.258488872354381328e+03
1.261723365669002305e+03
1.262479210042116392e+03
1.263379440929980774e+03
1.266205920019808445e+03
1.267654159578388999e+03
1.268544542209124074e+03
1.272087479743795029e+03
1.272847696130267877e+03
1.274675493379279033e+03
1.277333499409199703e+03
1.279210507967392687e+03
1.280986886612040962e+03
1.281994303629320939e+03
1.285412502667683157e+03
1.285677206136263976e+03
1.286260209185537406e+03
1.286972281027659847e+03
1.287911864646163622e+03
1.288977236496814612e+03
1.291218459375747216e+03
1.291955690158237530e+03
1.292550724939711472e+03
1.292571507403056557e+03
1.292640417660960566e+03
1.293912521637673990e+03
1.294737253721731349e+03
1.296429345696205473e+03
1.297565701357542594e+03
1.298300558027820898e+03
1.300212025479517933e+03
1.301040452105367194e+03
1.301547407186808869e+03
