2.986567576747293060e+02
2.985624263642097276e+02
2.981570547963673334e+02
2.973709142834836143e+02
2.969316957673632373e+02
2.957300011797045727e+02
2.954035312572239036e+02
2.940746562111106073e+02
2.933915869952205639e+02
2.931052845344990487e+02
2.924834354306352111e+02
2.921206840688673765e+02
2.916841883503107056e+02
2.900355646015414663e+02
2.890627652172938156e+02
2.890101081653484130e+02
2.875149128722246132e+02
2.871598308040109941e+02
2.867358746635252373e+02
2.854120539418038334e+02
2.847457876991895773e+02
2.843412324682549865e+02
2.827556924945135393e+02
2.824160826953672085e+02
2.815935199275746754e+02
2.803797146848767170e+02
2.795186360283715317e+02
2.787125024630338430e+02
2.782625185427992278e+02
2.767825562716214449e+02
2.766706350843972473e+02
2.764251270716729891e+02
2.761267999626644496e+02
2.757349436992177516e+02
2.752918433764629071e+02
2.743586373253854731e+02
2.740503869456996426e+02
2.738009675953826445e+02
2.737922457583241567e+02
2.737633208823102677e+02
2.732279324921373700e+02
2.728793963863236058e+02
2.721610103422960378e+02
2.716764269444327624e+02
2.713624251701674552e+02
2.705458133807274521e+02
2.701937822972824961e+02
2.699796853948656690e+02
