1.108367675120032914e+01
1.108443396214819820e+01
1.108350317434893562e+01
1.106935944046822762e+01
1.105754138948761067e+01
1.102163744129922307e+01
1.101264984449194806e+01
1.098678594618478854e+01
1.098132643966930821e+01
1.098037405744376116e+01
1.098001101869170171e+01
1.098022895108730346e+01
1.098016240972497926e+01
1.096680722418844844e+01
1.094646625534173623e+01
1.094516871763485533e+01
1.090636504508923288e+01
1.089797793316403229e+01
1.088907069846040088e+01
1.087123951577766690e+01
1.086799269609572960e+01
1.086735682096422906e+01
1.086496387732209357e+01
1.086253980372359429e+01
1.085154933570516000e+01
1.082212019940357806e+01
1.079503173248015635e+01
1.076927471017361526e+01
1.075624144510366165e+01
1.072797278094042284e+01
1.072689190304485152e+01
1.072498666663716982e+01
1.072341167250794669e+01
1.072219964435628015e+01
1.072122698119203044e+01
1.071593910778806524e+01
1.071204656311178915e+01
1.070784566496281265e+01
1.070768083394951198e+01
1.070712538308825224e+01
1.069439838206885973e+01
1.068375980387281032e+01
1.065775992977598818e+01
1.063955506939633011e+01
1.062889723238912509e+01
1.061277158143471944e+01
1.061462537823626029e+01
1.061951815997669613e+01
