2.758958510752127040e+02
2.758470282478145350e+02
2.756357398350929770e+02
2.752208380253115365e+02
2.749866851189054273e+02
2.743385568614677368e+02
2.741606410049600413e+02
2.734284283161945837e+02
2.730470285665543884e+02
2.728861129364468070e+02
2.725342696757297745e+02
2.723273882574366098e+02
2.720766140169396863e+02
2.711063571995630355e+02
2.705130675343966686e+02
2.704804884046382085e+02
2.695369586186208721e+02
2.693081366587484808e+02
2.690328329313469453e+02
2.681597840610570529e+02
2.677131485926873324e+02
2.674396140645126820e+02
2.663502214667822159e+02
2.661132765647504925e+02
2.655342354251645816e+02
2.646669275061938720e+02
2.640426480224135162e+02
2.634516082670612036e+02
2.631190201731510001e+02
2.620130934008971622e+02
2.619287915294233926e+02
2.617435758051693142e+02
2.615179855344292150e+02
2.612208090927284729e+02
2.608835812356786619e+02
2.601689166624010454e+02
2.599314237100508080e+02
2.597387146682492016e+02
2.597319671166692956e+02
2.597095854416410248e+02
2.592941532673656297e+02
2.590225909884835573e+02
2.584605350522716094e+02
2.580800809162291785e+02
2.578331671994474732e+02
2.571899489578480598e+02
2.569120509501332208e+02
2.567427252129335784e+02
