2.472192681431770325e+02
2.467879357125571573e+02
2.429086148672056709e+02
2.406586714961888163e+02
2.405334943177434752e+02
2.397423392197863450e+02
2.373237131710138499e+02
2.344805820068192759e+02
2.338642105534306381e+02
2.303148042247273395e+02
2.297607843655127908e+02
2.288143766673096025e+02
2.278157896700612639e+02
2.250640456444531878e+02
2.237626702016842160e+02
2.232666009849199611e+02
2.216875917386808226e+02
2.207523351604767186e+02
2.201340565868557348e+02
2.193652277575814082e+02
2.185440267016360849e+02
2.178511185605456433e+02
2.167970970920112279e+02
2.166221092532903469e+02
2.161382548136799642e+02
2.154755570463022991e+02
2.150907438463125061e+02
2.148764271277362639e+02
2.148257994155714812e+02
2.143873584254432672e+02
2.143486432388809817e+02
2.141009757889449645e+02
2.139792526973340614e+02
2.141235004146107030e+02
2.149136477016541846e+02
2.149300198607903951e+02
2.150095807776116033e+02
2.150494941390797692e+02
2.150582280462114397e+02
2.154324321027925748e+02
2.155916589941611505e+02
2.155964857584041852e+02
2.156452676210055017e+02
