1.117948743280595991e+01
1.118123535524704693e+01
1.118439518162606738e+01
1.117780925862457941e+01
1.117016257692205627e+01
1.114591589209586253e+01
1.114020000806231003e+01
1.112817192523301202e+01
1.113009897157479244e+01
1.113228373618012235e+01
1.113879994317671240e+01
1.114306525830251005e+01
1.114789714686426514e+01
1.115326558366115428e+01
1.114410456009856354e+01
1.114341499951473580e+01
1.112207226178670538e+01
1.111791686670569135e+01
1.111412631682866525e+01
1.111285632998302297e+01
1.111833106960251705e+01
1.112311180619532536e+01
1.114245774996297023e+01
1.114470225143599968e+01
1.114490652561509343e+01
1.113167996226109935e+01
1.111602086886619922e+01
1.110112201912255792e+01
1.109427939136431895e+01
1.108723224844720434e+01
1.108780718724148429e+01
1.108955317849160771e+01
1.109244382604755863e+01
1.109712921707852473e+01
1.110284118525312458e+01
1.111156393788490249e+01
1.111225665452476363e+01
1.111174760804284745e+01
1.111171158356088462e+01
1.111158316542134727e+01
1.110672502038907972e+01
1.110118035156575012e+01
1.108565849003844406e+01
1.107455909487537049e+01
1.106855131570344852e+01
1.106484864679635649e+01
1.107229261403577780e+01
1.108068596972989361e+01
