1.082501719737692270e+01
1.082528446349525453e+01
1.082230942569822929e+01
1.080425697101633098e+01
1.079018186990802519e+01
1.074747092430510520e+01
1.073641909968615060e+01
1.070096497560969873e+01
1.068977202563463536e+01
1.068624900888601736e+01
1.067995994602931376e+01
1.067650349844476310e+01
1.067180188253777651e+01
1.063881023728444220e+01
1.060528745145060725e+01
1.060324203544308830e+01
1.054162228427286507e+01
1.052732591864421074e+01
1.051108269412049445e+01
1.046812886131707820e+01
1.045084421783152173e+01
1.044122253654101051e+01
1.040081607767775473e+01
1.038984266089555852e+01
1.035783812347689903e+01
1.029682032146844328e+01
1.024671856887409049e+01
1.019861540567714009e+01
1.017265029341863425e+01
1.009905287277775621e+01
1.009436915874424479e+01
1.008448362456763547e+01
1.007307932064238365e+01
1.005876402916844192e+01
1.004275857447388454e+01
1.000526883833911818e+01
9.990613186373870747e+00
9.977660125312112882e+00
9.977188520185416465e+00
9.975615330988226503e+00
9.943942742475181618e+00
9.920843663242640886e+00
9.868737481642858356e+00
9.832490625460529543e+00
9.809895668187174067e+00
9.761482922476213631e+00
9.748673403033572882e+00
9.744357519299025938e+00
