2.642928134074718400e+02
2.642287887477881441e+02
2.639405272386298407e+02
2.633411820422750793e+02
2.629910054906271171e+02
2.619941832527527481e+02
2.617149927492018264e+02
2.605441854812299880e+02
2.599204809318737830e+02
2.596542985834647652e+02
2.590652447707946635e+02
2.587137295390691634e+02
2.582815407527328375e+02
2.565242463506336321e+02
2.553662492669071469e+02
2.553007282036533070e+02
2.533257382600139067e+02
2.528274959529322246e+02
2.522201680752820891e+02
2.502486144718420462e+02
2.492179091205352677e+02
2.485796784040578302e+02
2.459760363738483591e+02
2.453943353446780122e+02
2.439469496728214608e+02
2.417129704774119432e+02
2.400636683149637349e+02
2.384787908694093517e+02
2.375797695246069168e+02
2.345676258825848208e+02
2.343368813665642563e+02
2.338292846928581810e+02
2.332096605565781715e+02
2.323904902043338154e+02
2.314556240231347033e+02
2.294482169378141521e+02
2.287713303020727835e+02
2.282180641424247085e+02
2.281986253577600223e+02
2.281341141898422507e+02
2.269276379588143016e+02
2.261298693589682784e+02
2.244580720644200085e+02
2.233133388158811101e+02
2.225661109426341966e+02
2.206088795209431055e+02
2.197601252688357079e+02
2.192422769104352085e+02
