3.817577250092373333e+02
3.818012783048183110e+02
3.819851150268735864e+02
3.823349580866407109e+02
3.825302330740243519e+02
3.830737563136320887e+02
3.832248239836312109e+02
3.838570470292147547e+02
3.841924404963524466e+02
3.843349604237728840e+02
3.846482821301902959e+02
3.848333810201767164e+02
3.850583294256670115e+02
3.859279125591823458e+02
3.864522702143415245e+02
3.864808132460369734e+02
3.872968074865337940e+02
3.874923603633943685e+02
3.877270680312415720e+02
3.884717842379455988e+02
3.888551865264977323e+02
3.890910171766055896e+02
3.900323493029027873e+02
3.902359092972238841e+02
3.907292776041875868e+02
3.914574457417422764e+02
3.919772074920023783e+02
3.924702310392428330e+02
3.927493405672756808e+02
3.936903682047511097e+02
3.937628736990034781e+02
3.939224465846893963e+02
3.941171951902355772e+02
3.943740900813478447e+02
3.946655623989984178e+02
3.952806581695787145e+02
3.954837947819428337e+02
3.956480765298152846e+02
3.956538196094070372e+02
3.956728649977513328e+02
3.960251416087548932e+02
3.962542008364668504e+02
3.967256078954532654e+02
3.970430989707261915e+02
3.972487139937715028e+02
3.977842160248543451e+02
3.980163673247812426e+02
3.981583693817035510e+02
