4.056466200342401862e+01
4.048881107521244616e+01
3.985684222768896490e+01
3.951046210756667421e+01
3.949113184535886489e+01
3.936830061035705342e+01
3.898193249872829824e+01
3.850141074109154005e+01
3.839381143809549712e+01
3.776419722611717589e+01
3.766671165684091704e+01
3.750273069188704511e+01
3.733499443817835584e+01
3.692268902498796024e+01
3.676729840324562559e+01
3.671702763559434857e+01
3.659515709298828057e+01
3.655224238277391180e+01
3.653587493830958266e+01
3.652823525845961683e+01
3.653487258313762709e+01
3.655268283775325244e+01
3.660885809084437170e+01
3.662330014308409432e+01
3.667539646604551251e+01
3.679269095358048958e+01
3.690397936242995769e+01
3.698938854329242076e+01
3.701295123812680998e+01
3.730514976702893648e+01
3.734271138563151737e+01
3.768891837216609275e+01
3.805029946596291524e+01
3.944425693346936868e+01
4.101253057397583746e+01
4.103868963780613655e+01
4.116478772453145041e+01
4.122753735354725535e+01
4.124123316279862195e+01
4.182581476440080337e+01
4.207895519798746875e+01
4.208670442172055459e+01
4.216528137331145842e+01
