3.725223146378993988e+00
3.627293696034476600e+00
3.123025519141377604e+00
3.064093723343785047e+00
3.063971699452481268e+00
3.068795355157877491e+00
3.125478556661803964e+00
3.231373776642375795e+00
3.256736893685736600e+00
3.411608489991571513e+00
3.437164477621962533e+00
3.481941762036794952e+00
3.531011354336190955e+00
3.679537443738548852e+00
3.759046147282594674e+00
3.791378854078360394e+00
3.903329901792265577e+00
3.977348687464412613e+00
4.030044547166662383e+00
4.100378295466224898e+00
4.182347049956391949e+00
4.258167743787599768e+00
4.389322481303612911e+00
4.413567418497131634e+00
4.485672412653119778e+00
4.601269078209996088e+00
4.682430170767519328e+00
4.734682351624723395e+00
4.748011912024004744e+00
4.888346700698015468e+00
4.904020322658784181e+00
5.034012850586989885e+00
5.153389541410611230e+00
5.599525768785792224e+00
6.167987785162428516e+00
6.177724006945431334e+00
6.224696060913009532e+00
6.248098609211399257e+00
6.253209364389515912e+00
6.473159085043451277e+00
6.570339550287529029e+00
6.573341127780762960e+00
6.603875373247891645e+00
