3.841590373912040377e+02
3.842193456722140468e+02
3.844722297840599481e+02
3.849489326554513582e+02
3.852137661045734944e+02
3.859499247946488367e+02
3.861546493694643800e+02
3.870125862927278035e+02
3.874682208319784991e+02
3.876618538398885789e+02
3.880874434196084053e+02
3.883387256091625090e+02
3.886438748940146297e+02
3.898191853284183708e+02
3.905228001710254375e+02
3.905609684897532929e+02
3.916466219193752636e+02
3.919054547292209350e+02
3.922156288232275756e+02
3.931977841364620190e+02
3.937030098369122015e+02
3.940137523440972132e+02
3.952529600123710907e+02
3.955203443845106790e+02
3.961669829893110659e+02
3.971175806621279207e+02
3.977941691133970039e+02
3.984355221236695570e+02
3.987987432326918906e+02
4.000252051594966360e+02
4.001198145812571738e+02
4.003280670782172592e+02
4.005822612940168028e+02
4.009175660035987789e+02
4.012978865279657725e+02
4.020995910793965322e+02
4.023639997100843857e+02
4.025776906565618560e+02
4.025851586866779712e+02
4.026099232952493594e+02
4.030676798768044478e+02
4.033650264312012723e+02
4.039763235714327152e+02
4.043876335673737117e+02
4.046538861946253292e+02
4.053471207598244064e+02
4.056477107375522451e+02
4.058316456978124052e+02
