4.701607468878064537e+02
4.702698306392619543e+02
4.707168108385564551e+02
4.715296809571364633e+02
4.719722007310534195e+02
4.731917787727062432e+02
4.735307982274036931e+02
4.749568074786461125e+02
4.757165252413853977e+02
4.760393210330396982e+02
4.767475688314713693e+02
4.771643492301145102e+02
4.776684013851947270e+02
4.795766358279638553e+02
4.806848752633646313e+02
4.807441752584596202e+02
4.823984196337367507e+02
4.827849874977547984e+02
4.832454000825186426e+02
4.846909698254497698e+02
4.854316554827393020e+02
4.858870316676740231e+02
4.876990259466113571e+02
4.880878293937864782e+02
4.890226343526825303e+02
4.903820425973004262e+02
4.913420200248463630e+02
4.922505307949561484e+02
4.927657636469347153e+02
4.945139756414667431e+02
4.946493578084304659e+02
4.949475349902576227e+02
4.953117268604660239e+02
4.957922845674572159e+02
4.963371826899522148e+02
4.974834949411322782e+02
4.978605651831599062e+02
4.981649067159635251e+02
4.981755362921878714e+02
4.982107817346382035e+02
4.988614254938846102e+02
4.992832578760207980e+02
5.001487720314390231e+02
5.007301007644056199e+02
5.011060941737913481e+02
5.020845166885882236e+02
5.025088651138540854e+02
5.027686814734046834e+02
