1.758832837726222351e+02
1.759360144517898732e+02
1.761568362519451796e+02
1.765711288739266536e+02
1.767998413333716314e+02
1.774292075317426054e+02
1.776024858676446740e+02
1.783204708908088776e+02
1.786966624602064542e+02
1.788555183497151404e+02
1.792026311877660021e+02
1.794063130413710780e+02
1.796524626051591724e+02
1.805899734734570927e+02
1.811451085140597570e+02
1.811751236320667715e+02
1.820251469734049863e+02
1.822267111569620965e+02
1.824676317849717577e+02
1.832253587292477732e+02
1.836118428931412438e+02
1.838484787819452606e+02
1.847860634309771228e+02
1.849875891736251106e+02
1.854745397518086065e+02
1.861896041309466057e+02
1.866972242914121978e+02
1.871763378057566456e+02
1.874464764377312918e+02
1.883515164402056428e+02
1.884209130894102202e+02
1.885734979691183923e+02
1.887594660134880655e+02
1.890044036800227900e+02
1.892818750292919106e+02
1.898663074088646567e+02
1.900590759444726814e+02
1.902149072646340358e+02
1.902203539660362708e+02
1.902384160746337329e+02
1.905723932843782507e+02
1.907894525507307435e+02
1.912359397147311881e+02
1.915364678725437670e+02
1.917310018154921920e+02
1.922371188286336974e+02
1.924561747640099441e+02
1.925900120383118121e+02
