4.164895557095498191e+00
4.154323824681151578e+00
4.054873128976193009e+00
3.991979041285151020e+00
3.988342956966588027e+00
3.965014883650635369e+00
3.889998570796879385e+00
3.795298605108471168e+00
3.774004408792926757e+00
3.648545707521562598e+00
3.628909294368436012e+00
3.595677500928625925e+00
3.561361307053923397e+00
3.475010901743085245e+00
3.441440249502464965e+00
3.430433877210143478e+00
3.403560682499488177e+00
3.394248198818560880e+00
3.390880168181147347e+00
3.389526702161135940e+00
3.390813248328259366e+00
3.393137615251136996e+00
3.396514358125276356e+00
3.396878014797529932e+00
3.397521607716646574e+00
3.398286871369798234e+00
3.400141399145128140e+00
3.402624503863206140e+00
3.403472842436040313e+00
3.419353094072838051e+00
3.422042564441245105e+00
3.452356885778943951e+00
3.491857836646076851e+00
3.649572611501720854e+00
3.712099905729523641e+00
3.712405950034784574e+00
3.714041558491972594e+00
3.715011876455292406e+00
3.715242425431686257e+00
3.737200027056386098e+00
3.758735661578849196e+00
3.759551880117810274e+00
3.768403964716523724e+00
