3.765864214628145419e+02
3.766402612138777499e+02
3.768632433743559318e+02
3.772740201194200154e+02
3.774981119845791682e+02
3.781097204175565594e+02
3.782773802458721093e+02
3.789703710932122931e+02
3.793323672412023484e+02
3.794849140592510253e+02
3.798173706645641232e+02
3.800117650368561044e+02
3.802458569230022363e+02
3.811264843120385422e+02
3.816380593845499902e+02
3.816654993886941156e+02
3.824341077140982748e+02
3.826142926354895053e+02
3.828288533063159207e+02
3.834995119853511483e+02
3.838400066063032909e+02
3.840481359293200967e+02
3.848702381954408338e+02
3.850462858802051755e+02
3.854704633387916601e+02
3.860902090222760421e+02
3.865283610530074725e+02
3.869411626523294103e+02
3.871738016067817512e+02
3.879535598857222567e+02
3.880133879320663368e+02
3.881449487564556762e+02
3.883053121488339343e+02
3.885165347178924549e+02
3.887557829686346622e+02
3.892594089317695421e+02
3.894254009436029378e+02
3.895595380792861420e+02
3.895642257486312587e+02
3.895797704061017157e+02
3.898671031351303213e+02
3.900537623391188617e+02
3.904375814501381683e+02
3.906958936484827518e+02
3.908631191710525172e+02
3.912984121150751093e+02
3.914869940516974225e+02
3.916022933258979037e+02
