1.099067902970790822e+00
1.100943508293321438e+00
1.111394713216271146e+00
1.112905629387091810e+00
1.112922951809596883e+00
1.112918889456730787e+00
1.112223352220354400e+00
1.111699499749437159e+00
1.111809721889491787e+00
1.115098883820468512e+00
1.116108073090091857e+00
1.118187090483379054e+00
1.120884873558020356e+00
1.130993117267945491e+00
1.136939624165100415e+00
1.139329005708828113e+00
1.146986351737202536e+00
1.151201277399980016e+00
1.153679022803777210e+00
1.156278843722244432e+00
1.158378217061546867e+00
1.159664054656903254e+00
1.161496249742788756e+00
1.161927871673560819e+00
1.163659887270195759e+00
1.168555187672100981e+00
1.174094389015983841e+00
1.178735956417348296e+00
1.180062879298939382e+00
1.197694669979771920e+00
1.200080627770579778e+00
1.222854208372460505e+00
1.247448031431890092e+00
1.337024547787122986e+00
1.410797418929117919e+00
1.411871550697475053e+00
1.417053242771389332e+00
1.419641561538278918e+00
1.420207973979392246e+00
1.445548792720352971e+00
1.457705726093357690e+00
1.458092938671053718e+00
1.462073305877663598e+00
