1.818826509496808130e+00
1.818755483265019901e+00
1.818791913472045607e+00
1.818848601782958596e+00
1.818796849473805599e+00
1.818835066507670462e+00
1.818909317508689449e+00
1.818869934552363121e+00
1.818903856282135800e+00
1.818999510817459697e+00
1.818976146393392668e+00
1.819010114514935772e+00
1.819126513257149247e+00
1.819119002095975990e+00
1.819159236153889081e+00
1.819296401426875098e+00
1.819292690787633893e+00
1.819354888331830233e+00
1.819501758791135071e+00
1.819425347874683796e+00
1.820766720040435604e+00
