1.933964054224616120e+02
1.934200608319970911e+02
1.935109253101028060e+02
1.936537205499701884e+02
1.937206885530700049e+02
1.938714613889176519e+02
1.939054471230112995e+02
1.940151553356211309e+02
1.940528682289827316e+02
1.940644508344342682e+02
1.940796852312726628e+02
1.940813040182849250e+02
1.940747392842914394e+02
1.939355735068929505e+02
1.937434749518435240e+02
1.937304875699043976e+02
1.932548071853612441e+02
1.931137449926823138e+02
1.929327605579294982e+02
1.922879777822328151e+02
1.919210068712277462e+02
1.916844435468531174e+02
1.906492897804078268e+02
1.904032263458599914e+02
1.897689073176170496e+02
1.887323370587428712e+02
1.879265132514461811e+02
1.871233646256917496e+02
1.866565668291150075e+02
1.850436036489105902e+02
1.849173669302874714e+02
1.846384598273233451e+02
1.842957673143197610e+02
1.838389151812368141e+02
1.833120271825810050e+02
1.821588675928432792e+02
1.817628796916507952e+02
1.814365078360004020e+02
1.814249973048158040e+02
1.813867766171423170e+02
1.806662601096001026e+02
1.801843269646818726e+02
1.791629960705719782e+02
1.784571729568494334e+02
1.779945384359968443e+02
1.767775192856574051e+02
1.762470173653300094e+02
1.759220220498247897e+02
