9.719265534628869219e+00
9.719304302557302933e+00
9.715957847706373940e+00
9.699102197545075299e+00
9.686408261211930437e+00
9.648915849992098615e+00
9.639488727465501228e+00
9.611010199213774641e+00
9.603655629808168115e+00
9.601850368924994328e+00
9.599668930247595711e+00
9.598939946550942182e+00
9.597948697882657143e+00
9.584546557900743835e+00
9.567083753129260515e+00
9.565993947554870758e+00
9.534430539796925785e+00
9.527958323302161858e+00
9.521345922114406335e+00
9.510479934314011174e+00
9.510643854857175228e+00
9.512118675175821991e+00
9.519380868451809974e+00
9.519510063349891027e+00
9.515615594097242891e+00
9.498894246650428030e+00
9.482014324539198569e+00
9.466238122947837397e+00
9.458790962847388073e+00
9.448092609414603160e+00
9.448271129362611376e+00
9.449098326082207677e+00
9.450799867591959114e+00
9.453857649212842773e+00
9.457749709295962148e+00
9.463348511875091518e+00
9.463378242135902951e+00
9.462501388637576838e+00
9.462455337389547694e+00
9.462295051250261935e+00
9.457228401109071925e+00
9.451912589638361339e+00
9.437503643749185045e+00
9.427294644298058302e+00
9.421722664753970022e+00
9.417596637260691850e+00
9.423655172003266856e+00
9.430687614036822097e+00
