2.732515084044100817e+00
2.737622373551527044e+00
2.782174763235176762e+00
2.805306181147271705e+00
2.806519590825604205e+00
2.814016673494255549e+00
2.835354906650111140e+00
2.858718167279540090e+00
2.863760364229508415e+00
2.894761292405402031e+00
2.900145778329683122e+00
2.909861651136663507e+00
2.920952083897641938e+00
2.957323546854554230e+00
2.978181353953360588e+00
2.986822083779200998e+00
3.016804137099111660e+00
3.036088381549665094e+00
3.049250626461753821e+00
3.065813897551457057e+00
3.083398105524123523e+00
3.097914519870844430e+00
3.119529104458501845e+00
3.123163196708806932e+00
3.133627273003472435e+00
3.150429497561987091e+00
3.163261332680425308e+00
3.172339901331985956e+00
3.174780895145109305e+00
3.204108242215747193e+00
3.207824309613671598e+00
3.241934234940862414e+00
3.277017970403300229e+00
3.388120947817716999e+00
3.442999417006693097e+00
3.443703859820498980e+00
3.447291104675048068e+00
3.449223530823037009e+00
3.449660792287901678e+00
3.476277512813938930e+00
3.494720452360851937e+00
3.495368694456860492e+00
3.502241070078493390e+00
