1.255265418516297359e+03
1.255481705409629740e+03
1.256367989905747891e+03
1.257979823112059194e+03
1.258857295188724038e+03
1.261275581193299331e+03
1.261947816959835791e+03
1.264775430299406707e+03
1.266281865548001861e+03
1.266921933187353034e+03
1.268326307814183792e+03
1.269152735438307900e+03
1.270152212878359023e+03
1.273936024121255286e+03
1.276133535366127489e+03
1.276251120358339676e+03
1.279531293274240170e+03
1.280297812274430271e+03
1.281210756979453436e+03
1.284077154320666295e+03
1.285545847466274154e+03
1.286448805088762583e+03
1.290041780658506468e+03
1.290812733979393897e+03
1.292666346344814428e+03
1.295361893246872569e+03
1.297265412304246638e+03
1.299066880487963772e+03
1.300088526379774521e+03
1.303555004038904826e+03
1.303823446070326781e+03
1.304414683136341637e+03
1.305136811750283641e+03
1.306089665111145678e+03
1.307170083014077136e+03
1.309442958319602212e+03
1.310190601035369809e+03
1.310794039550170282e+03
1.310815115523339728e+03
1.310884999006253793e+03
1.312175069079585455e+03
1.313011449057632035e+03
1.314727440942465819e+03
1.315879852901771301e+03
1.316625099047306549e+03
1.318563643007594465e+03
1.319403846989754129e+03
1.319918029320704591e+03
