3.679977840292849578e+00
3.703996861190247181e+00
3.802431716492017166e+00
3.981469067782757332e+00
4.078937169009986263e+00
4.347551742638146699e+00
4.422220857942389394e+00
4.736300409827594926e+00
4.903627725152274408e+00
4.974722838147825676e+00
5.130712412459223160e+00
5.222507040156997071e+00
5.333523112261076449e+00
5.753801828424614406e+00
5.997875984018746109e+00
6.010935798110408790e+00
6.375255966277816988e+00
6.460391899149318995e+00
6.561790012066897937e+00
6.880117511430344557e+00
7.043180838028112234e+00
7.143413133403497817e+00
7.542115377648901386e+00
7.627648310012096644e+00
7.833292016581740569e+00
8.132353980911606328e+00
8.343549663163601693e+00
8.543418791484914010e+00
8.656765273361846980e+00
9.041345018274615342e+00
9.071126475124131616e+00
9.136719297935275819e+00
9.216833068249421501e+00
9.322542585844423968e+00
9.442401792870489530e+00
9.694539897450578536e+00
9.777476129823226003e+00
9.844415193725950530e+00
9.846753132804952457e+00
9.854505236326918549e+00
9.997610728826437310e+00
1.009038847042027065e+01
1.028073920879980818e+01
1.040857901660626617e+01
1.049126088658523948e+01
1.070645255380785521e+01
1.079983864217426337e+01
1.085705170208973414e+01
