1.053675769692723406e+03
1.053835986048205086e+03
1.054497719229422955e+03
1.055713487089359205e+03
1.056377710146813115e+03
1.058206370067560101e+03
1.058713627601365488e+03
1.060843929484302862e+03
1.061977891168394535e+03
1.062459596126272800e+03
1.063516276651653470e+03
1.064137978765471189e+03
1.064889881377865095e+03
1.067742990333855914e+03
1.069412003017222787e+03
1.069501651325592320e+03
1.072015059632864222e+03
1.072604916521410814e+03
1.073307969978749270e+03
1.075515206305499078e+03
1.076644953945463840e+03
1.077339282837306655e+03
1.080104725510599110e+03
1.080699245755578204e+03
1.082130229062157468e+03
1.084212646182962089e+03
1.085682063826761578e+03
1.087071135293045245e+03
1.087858289819482707e+03
1.090526581711362951e+03
1.090733042298445525e+03
1.091187659363617968e+03
1.091742703793765713e+03
1.092474687615434505e+03
1.093304103346824377e+03
1.095047436667045304e+03
1.095620709281126210e+03
1.096083452879650622e+03
1.096099616207069175e+03
1.096153211299701525e+03
1.097142881593893435e+03
1.097784871586439067e+03
1.099102902613712786e+03
1.099988367388007418e+03
1.100560906546427987e+03
1.102049455690505738e+03
1.102694585964915404e+03
1.103089670954248959e+03
