1.428601770770965551e+01
1.429004814999999518e+01
1.430148397719252706e+01
1.430664589521001062e+01
1.430431885437633710e+01
1.429397185679992077e+01
1.429242267502339558e+01
1.430127994074472397e+01
1.431664635894174253e+01
1.432491998117004783e+01
1.434527756198624182e+01
1.435781407132090060e+01
1.437257071288184562e+01
1.441217044428648286e+01
1.441977058591993099e+01
1.441993017008204525e+01
1.442202892638906242e+01
1.442367574072569347e+01
1.442716022992903468e+01
1.445194045597652099e+01
1.447257662945241563e+01
1.448709591621770265e+01
1.454536558331276552e+01
1.455543649369333536e+01
1.457300990527300044e+01
1.458127309394291871e+01
1.457903923494147769e+01
1.457684059391436016e+01
1.457765679856478869e+01
1.460113824491756773e+01
1.460439066885497894e+01
1.461216721077661518e+01
1.462263375039800550e+01
1.463755528007994222e+01
1.465497871895485282e+01
1.468739125362326803e+01
1.469526035394673436e+01
1.470024266884936104e+01
1.470039330685191814e+01
1.470088130166045737e+01
1.470670425790896729e+01
1.470741402308390455e+01
1.470357355596586757e+01
1.470014591191102227e+01
1.469943787432335469e+01
1.471292086281700051e+01
1.473038555582722609e+01
1.474600139836798007e+01
