2.033992777413563147e+01
2.034280505774806613e+01
2.034728506030805306e+01
2.033288772875003403e+01
2.031760784102980111e+01
2.026955836942417477e+01
2.025802671570032842e+01
2.023122507167218842e+01
2.023201677567574208e+01
2.023481907524487866e+01
2.024406001337087346e+01
2.025025362448234389e+01
2.025712026150224432e+01
2.025926394632580951e+01
2.023788485651051872e+01
2.023637172717401000e+01
2.019005813369926372e+01
2.018067518485095491e+01
2.017157311560803379e+01
2.016211404380721817e+01
2.016829844906477121e+01
2.017464296492608966e+01
2.020028301462707176e+01
2.020228206961753159e+01
2.019759897500094326e+01
2.016607664905934882e+01
2.013223857624837265e+01
2.010000390922187918e+01
2.008461707542430119e+01
2.006167912906493100e+01
2.006193306492424000e+01
2.006336132337895606e+01
2.006647849838518383e+01
2.007216672356971898e+01
2.007933132588312120e+01
2.008837988577036171e+01
2.008738871191091846e+01
2.008464277763675554e+01
2.008451363468397233e+01
2.008406908596502660e+01
2.007133077473393001e+01
2.005870771100592975e+01
2.002524240443175785e+01
2.000151464628597608e+01
1.998828475589308340e+01
1.997549571688133341e+01
1.998637458156208169e+01
1.999999927097257313e+01
