1.100468879260969679e+01
1.100805546321852724e+01
1.101785855283664439e+01
1.102332202800493910e+01
1.102217024341109664e+01
1.101537420102424747e+01
1.101435746625485379e+01
1.102122791901481946e+01
1.103263112092756693e+01
1.103872141937516460e+01
1.105356943914099155e+01
1.106259467686576947e+01
1.107305201277284290e+01
1.109854471816822574e+01
1.110024500586967378e+01
1.110011835213619769e+01
1.109363451061618910e+01
1.109269620579499538e+01
1.109260192158721559e+01
1.110197247930479669e+01
1.111236124837804518e+01
1.112000313885334890e+01
1.114978978047773417e+01
1.115412623947567994e+01
1.115920855273034817e+01
1.115273489867797352e+01
1.114156700938861988e+01
1.113064025833896586e+01
1.112590665317387639e+01
1.112515598281650853e+01
1.112616444909646596e+01
1.112884082521683737e+01
1.113282567174989168e+01
1.113889365508777551e+01
1.114610765292419536e+01
1.115786962102612989e+01
1.115955432110239798e+01
1.115985016864680901e+01
1.115984235413691117e+01
1.115980752711809032e+01
1.115669331427370103e+01
1.115229559236192181e+01
1.113914377930351307e+01
1.112960945577768612e+01
1.112457772098048991e+01
1.112314810135307219e+01
1.113139236616829564e+01
1.114019996933925682e+01
