4.520609936765838555e+00
4.523392022532235934e+00
4.533153308093194056e+00
4.545842925255216826e+00
4.551073002794885802e+00
4.564100873707662487e+00
4.568115335163247970e+00
4.589796769672496168e+00
4.604695079766313093e+00
4.611575849279177852e+00
4.627369280893904424e+00
4.636838427214021507e+00
4.648160249800836752e+00
4.685818519458642584e+00
4.702735484114181297e+00
4.703560165264014437e+00
4.725715013839148604e+00
4.731229103455032892e+00
4.738265691286226655e+00
4.764667647869732292e+00
4.780682388062727384e+00
4.791104791828415976e+00
4.832739077155999041e+00
4.840906049965497004e+00
4.858441147896102486e+00
4.878445105496253653e+00
4.889974755445778420e+00
4.900808994891349357e+00
4.907581064991063613e+00
4.936983153637335420e+00
4.939706856905869969e+00
4.945897259261817780e+00
4.953760731158233455e+00
4.964483878765540759e+00
4.976799977974681433e+00
5.001377936793182322e+00
5.008586113911442261e+00
5.013974175249519050e+00
5.014155020635567617e+00
5.014751057810377333e+00
5.024753490768341990e+00
5.030275101045219799e+00
5.039937805899030288e+00
5.046158298632763106e+00
5.050654090477498137e+00
5.067163859769308942e+00
5.077974352031254135e+00
5.086141134302875955e+00
