1.999999651700511549e+01
2.000062809544942866e+01
2.000137122138551149e+01
2.000223690750635797e+01
2.000323466750847956e+01
2.000437392686183102e+01
2.000566376786167666e+01
2.000711268511179242e+01
2.000872829732077207e+01
2.001051706270948216e+01
2.001248396320744405e+01
2.001463212154789062e+01
2.001696238412716866e+01
2.001947285215641159e+01
2.002215841584433065e+01
2.002501021855238150e+01
2.002801507041237983e+01
2.003115482389665658e+01
2.003440572014744703e+01
2.003773771545775162e+01
2.004111297207890630e+01
