6.210806376664226747e+00
6.216451676555315053e+00
6.251302192126138024e+00
6.255386250282667149e+00
6.255241039894208654e+00
6.253424658546367532e+00
6.238484884658632268e+00
6.203443411839782762e+00
6.193350429506027766e+00
6.116186704145050612e+00
6.100847643031214851e+00
6.072221687913121002e+00
6.038349094968754827e+00
5.920719718666723530e+00
5.849065617938924433e+00
5.818334476285131451e+00
5.705533159738231497e+00
5.626248309755414567e+00
5.567979690207252474e+00
5.488388655434840224e+00
5.393867449466814179e+00
5.305688004312116846e+00
5.154063407431279664e+00
5.126406695408070036e+00
5.045130123768871933e+00
4.917938420101133801e+00
4.830297975098520880e+00
4.774074504288816634e+00
4.759705350770453869e+00
4.605734101992084106e+00
4.588039795915924479e+00
4.435289969692183476e+00
4.284336926488500730e+00
3.687981547046710773e+00
3.070761828140148086e+00
3.062848475480224320e+00
3.026489113986474688e+00
3.009556442060650649e+00
3.005968073586192446e+00
2.893706080501641686e+00
2.873276472506931967e+00
2.872943896429702715e+00
2.870570691677488906e+00
