5.740174877743558390e+00
5.743209368808432913e+00
5.753552598493664405e+00
5.765894557137577259e+00
5.770462828828479829e+00
5.781236927133867276e+00
5.784720809185733614e+00
5.805453864979305934e+00
5.820765368233877801e+00
5.827977884588338320e+00
5.844708427649843330e+00
5.854792200737340302e+00
5.866839605516084077e+00
5.906012546278017084e+00
5.922568161867832970e+00
5.923352824474978462e+00
5.944157862444533258e+00
5.949436764606784500e+00
5.956309573254744194e+00
5.983267388115033114e+00
6.000178549095610769e+00
6.011289139984737240e+00
6.055613132283317768e+00
6.064142927487661261e+00
6.081994792520474924e+00
6.101046054020701881e+00
6.111275632222514353e+00
6.120919452321991194e+00
6.127209878172076962e+00
6.156802709455768685e+00
6.159665261408044934e+00
6.166213762072985105e+00
6.174596628438395740e+00
6.186097665521992361e+00
6.199333996504781119e+00
6.225462239420644472e+00
6.232933727319457162e+00
6.238414225581297323e+00
6.238596250939117738e+00
6.239195194102386210e+00
6.248972126138499839e+00
6.254078415408813818e+00
6.262417810793378337e+00
6.267661962906244000e+00
6.271648091134839120e+00
6.288110829167274929e+00
6.299877680693907855e+00
6.309045109790896610e+00
