2.271132763705034474e+00
2.273061456576630057e+00
2.287769322424324958e+00
2.294425278564243609e+00
2.294773578549174076e+00
2.296955200050344814e+00
2.303828321246346622e+00
2.313747463737670262e+00
2.316355248739903061e+00
2.336130997571895573e+00
2.340116286935223222e+00
2.347598009927216456e+00
2.356487609248582693e+00
2.386870426720157923e+00
2.404355835476759573e+00
2.411501904600757307e+00
2.435537476888398167e+00
2.450146426282447276e+00
2.459620433017176921e+00
2.470847461610247819e+00
2.481751167932120250e+00
2.489832226892898515e+00
2.500334052259001627e+00
2.501979969940753890e+00
2.506746262427676175e+00
2.515247513857161721e+00
2.522927206869566952e+00
2.528978086474812148e+00
2.530681353242038245e+00
2.553024951464585079e+00
2.556043549614179788e+00
2.584954436587155513e+00
2.616186164708981909e+00
2.721456435247442407e+00
2.780740261869568464e+00
2.781504984594661778e+00
2.785319293046771616e+00
2.787319786530904508e+00
2.787767448521823788e+00
2.812789289715897922e+00
2.828887891437561919e+00
2.829445051970230551e+00
2.835325325696569809e+00
