1.085151164919087023e+03
1.084665632524704733e+03
1.082589427931151022e+03
1.078574683526517447e+03
1.076322428194662962e+03
1.070077663175734415e+03
1.068354027085868211e+03
1.061200080076521999e+03
1.057435696423621266e+03
1.055840600797554998e+03
1.052340769453190433e+03
1.050276332952851135e+03
1.047768924541004480e+03
1.038050186408459695e+03
1.032125989605711084e+03
1.031801493353874093e+03
1.022437067991222989e+03
1.020172051611563347e+03
1.017446845475715804e+03
1.008779393258869163e+03
1.004316308525319982e+03
1.001570426647689146e+03
9.905480696124145652e+02
9.881373663932340605e+02
9.822351385841302545e+02
9.733687258427753477e+02
9.669557208406341715e+02
9.608436525748805934e+02
9.573815675786443080e+02
9.457293109530413631e+02
9.448320127527301793e+02
9.428562728112231071e+02
9.404420699526560838e+02
9.372493928273045185e+02
9.336104241968467932e+02
9.258462169911773572e+02
9.232507248741687818e+02
9.211390018687866359e+02
9.210649689386766568e+02
9.208193561564492029e+02
9.162477742784453767e+02
9.132461914868723625e+02
9.069999774070920466e+02
9.027455226693074337e+02
8.999725066570167655e+02
8.926994870279697807e+02
8.895308124728253460e+02
8.875902740801813025e+02
