2.810663347409026755e+02
2.810583665611481479e+02
2.810242037637498811e+02
2.809579142370185423e+02
2.809206802546077029e+02
2.808175659550541354e+02
2.807891793835003682e+02
2.806718717793403925e+02
2.806105003581116648e+02
2.805845664080449637e+02
2.805278013115945441e+02
2.804943993766913195e+02
2.804539055112218762e+02
2.802976445503016407e+02
2.802028751912217217e+02
2.801976938543198230e+02
2.800485770763169171e+02
2.800126285030661393e+02
2.799694417742168184e+02
2.798326397600550308e+02
2.797625997996768206e+02
2.797196744518069522e+02
2.795488688954721965e+02
2.795118558134183218e+02
2.794217525136869540e+02
2.792876874921242916e+02
2.791915958381381415e+02
2.791006473643863046e+02
2.790493963771477866e+02
2.788783098003294185e+02
2.788652280593262844e+02
2.788364734319270610e+02
2.788014333785563394e+02
2.787552648351997959e+02
2.787028953601384273e+02
2.785921526123991043e+02
2.785554581348444003e+02
2.785257288256073025e+02
2.785246886376583575e+02
2.785212386991524340e+02
2.784573067603714662e+02
2.784156187167803864e+02
2.783295680291863050e+02
2.782714625523179848e+02
2.782337932588948206e+02
2.781357033756509622e+02
2.780932820332471920e+02
2.780674007720429586e+02
