8.116043496379742095e+00
8.117436447475782302e+00
8.120244851089653437e+00
8.116420763901407653e+00
8.111399207562481450e+00
8.095273851169562107e+00
8.091536753347673638e+00
8.084535914484968444e+00
8.086851709396224663e+00
8.088826217643434902e+00
8.094407861545308336e+00
8.098005317633939271e+00
8.102120374683055459e+00
8.108355777517866514e+00
8.103113507224401602e+00
8.102689632015218635e+00
8.089396997563067515e+00
8.086911781888467488e+00
8.084800859087982516e+00
8.085939814838951634e+00
8.090992986372389950e+00
8.095132385169204525e+00
8.111864989341203369e+00
8.114074938696822059e+00
8.115622756205798538e+00
8.108065715769184223e+00
8.098150396039789811e+00
8.088716757830029636e+00
8.084536619244236277e+00
8.082107531474912676e+00
8.082733711834485746e+00
8.084461322787042548e+00
8.087122067474815879e+00
8.091265629508438195e+00
8.096253816775391243e+00
8.104355520341487207e+00
8.105440157676344626e+00
8.105540194002307075e+00
8.105530444603715523e+00
8.105491608236897960e+00
8.102969501719256229e+00
8.099596858343280914e+00
8.089673284197294478e+00
8.082525675248090735e+00
8.078757154860637613e+00
8.077633423702568649e+00
8.083728181588060835e+00
8.090248838392989583e+00
