3.995929671947590123e+01
3.995998750468277194e+01
3.996071278398318327e+01
3.996147631619305685e+01
3.996227839590022768e+01
3.996311927918679885e+01
3.996399905585423085e+01
3.996491762852008378e+01
3.996587465695512265e+01
3.996686956516532518e+01
3.996790154250527394e+01
3.996896949334734472e+01
3.997007200244041769e+01
3.997120727069011537e+01
3.997237311709551477e+01
3.997356695213977673e+01
3.997478572312752476e+01
3.997602586880213948e+01
3.997728326236091334e+01
3.997855334665291593e+01
3.997982790478948800e+01
