1.555810818540652690e+03
1.555598970309036758e+03
1.554690158566900891e+03
1.552918511781480220e+03
1.551915797621614274e+03
1.549099815632459013e+03
1.548312988006208798e+03
1.545003242431286026e+03
1.543234426075666761e+03
1.542479563334151180e+03
1.540812537773465465e+03
1.539822465427650286e+03
1.538613435966258749e+03
1.533865924429142297e+03
1.530933086433286007e+03
1.530771771956207886e+03
1.526091430174971265e+03
1.524952454373810042e+03
1.523578437719477279e+03
1.519180743213984897e+03
1.516900059075969921e+03
1.515492239417005521e+03
1.509823640387891601e+03
1.508584190854762255e+03
1.505555584418618992e+03
1.501023520143372480e+03
1.497752791241569412e+03
1.494633736649329649e+03
1.492864071738570601e+03
1.486887888653826167e+03
1.486426748394832657e+03
1.485411272130100997e+03
1.484170602840508081e+03
1.482531071877540171e+03
1.480665608789489852e+03
1.476704862426458249e+03
1.475388473774495651e+03
1.474320637913610653e+03
1.474283254910985079e+03
1.474159258576487900e+03
1.471858693993558063e+03
1.470355801743431130e+03
1.467246806556081765e+03
1.465142247085635745e+03
1.463775483248221008e+03
1.460205604107989984e+03
1.458655143108347602e+03
1.457706471158220438e+03
