1.425174745533185394e+01
1.424995370669882888e+01
1.423721220440778268e+01
1.419732310205355041e+01
1.417001777494992432e+01
1.408982530822144064e+01
1.406871322834571281e+01
1.399514389885487020e+01
1.396663770251262271e+01
1.395627716701546994e+01
1.393571500791512996e+01
1.392411052765933910e+01
1.390955685736806124e+01
1.383596707542294268e+01
1.377526114918677358e+01
1.377169853191649729e+01
1.366695456126209862e+01
1.364278929794126505e+01
1.361512840243442035e+01
1.353952703278045888e+01
1.350741795284662317e+01
1.348914420939473580e+01
1.341473194539336511e+01
1.339595223613499542e+01
1.334368643379141339e+01
1.324924728647415861e+01
1.317368061026570025e+01
1.310147077567755325e+01
1.306232714019477115e+01
1.294896242264088571e+01
1.294154257221687487e+01
1.292577799774325875e+01
1.290742581389087462e+01
1.288420967370462300e+01
1.285823142460656676e+01
1.279871300584014016e+01
1.277611870008104766e+01
1.275641559039608808e+01
1.275570234757190136e+01
1.275332503798930617e+01
1.270599686966132147e+01
1.267195223144772065e+01
1.259590831958062829e+01
1.254317269025510129e+01
1.251016401808183076e+01
1.243782616833075139e+01
1.241715996419967105e+01
1.240912252823182271e+01
