9.575911674088578351e+00
9.576160012893879525e+00
9.573765116049999691e+00
9.558949151202989825e+00
9.547486222996880656e+00
9.513610254043419090e+00
9.505210573990769518e+00
9.481001535561825122e+00
9.475861940908011150e+00
9.474988999862064887e+00
9.474852271411936755e+00
9.475337652287024071e+00
9.475840286667791545e+00
9.468567568019352620e+00
9.455133881272994145e+00
9.454269938304275200e+00
9.429364993921337756e+00
9.424527611005599326e+00
9.419887706947831063e+00
9.415316049854741465e+00
9.418728600791579808e+00
9.422203739755509844e+00
9.437486144232464014e+00
9.439361757850578627e+00
9.439723809080108552e+00
9.429346394803717502e+00
9.417027081558014601e+00
9.405579641635169352e+00
9.400574009449824686e+00
9.397982621416076654e+00
9.398775090560484102e+00
9.400947654138711584e+00
9.404280633592231098e+00
9.409474624878786386e+00
9.415773502949232210e+00
9.426429964241458848e+00
9.428135419816680241e+00
9.428619201201332345e+00
9.428620820783409684e+00
9.428618676441455904e+00
9.426493496759691837e+00
9.423107968897639353e+00
9.412709198190592375e+00
9.405214376052937197e+00
9.401395524609446497e+00
9.401760227549520010e+00
9.409703252765144299e+00
9.417861015131212099e+00
