6.389587337621196639e+01
6.389701641333230953e+01
6.390600218787595566e+01
6.393702801574072225e+01
6.396007426794134432e+01
6.403845922745726682e+01
6.406291273964053801e+01
6.417306469540821467e+01
6.423553642949060816e+01
6.426299348537409628e+01
6.432588652029745901e+01
6.436517108296854417e+01
6.441572585226914782e+01
6.465319757964108760e+01
6.483690881865516076e+01
6.484781443561978165e+01
6.519350170148803159e+01
6.528428198668839855e+01
6.539612127370779149e+01
6.576506765993993042e+01
6.596018487900201421e+01
6.608146186288732338e+01
6.657732597239269978e+01
6.668788522397851182e+01
6.696198214347074895e+01
6.738200561638386432e+01
6.769034457090447177e+01
6.798604817928968203e+01
6.815376682759021776e+01
6.871611664631707583e+01
6.875917964438012575e+01
6.885385658079938764e+01
6.896928263146827476e+01
6.912151408314772993e+01
6.929452573191721854e+01
6.966237041577907974e+01
6.978504550892182579e+01
6.988475811138627591e+01
6.988825218683419394e+01
6.989984334595844473e+01
7.011532611042729002e+01
7.025647113176826508e+01
7.054895322676594560e+01
7.074688528144125144e+01
7.087520727319649438e+01
7.120888854508272914e+01
7.135296104127763783e+01
7.144084005976097274e+01
