5.410141119387722242e+00
5.410466126810460352e+00
5.409878823891935973e+00
5.402943001688942815e+00
5.397274104293735775e+00
5.380469843691028764e+00
5.376403841428031072e+00
5.365735006642793792e+00
5.364529423821228882e+00
5.364776070174634093e+00
5.366356292331710520e+00
5.367625295024812004e+00
5.369128372303931584e+00
5.369731792227259604e+00
5.364890861607425343e+00
5.364549038749576226e+00
5.354489994058206470e+00
5.352668225497985155e+00
5.351115310645604417e+00
5.351746621380130797e+00
5.355225295690035026e+00
5.358105615516610243e+00
5.370086622340690674e+00
5.371797827182314577e+00
5.373468784598006032e+00
5.369485560776499078e+00
5.363677164003349596e+00
5.358172843109886507e+00
5.355839288897448647e+00
5.355798499385875822e+00
5.356341266721137195e+00
5.357770913489273035e+00
5.359888023381107480e+00
5.363110561436095658e+00
5.366968896664865873e+00
5.373535324903007115e+00
5.374656141088383521e+00
5.375049343372751309e+00
5.375054337685643446e+00
5.375066601891596463e+00
5.374101720836810259e+00
5.372330264674301858e+00
5.366723835022356504e+00
5.362659573813505887e+00
5.360610200174662943e+00
5.361101413115043179e+00
5.365718746484704482e+00
5.370410141865074927e+00
