6.897089502091512259e+01
6.895551022855593715e+01
6.889008508591605562e+01
6.876789368693188464e+01
6.870301576080207440e+01
6.853989260540691930e+01
6.849933005938133590e+01
6.834949071243876517e+01
6.828077297506418120e+01
6.825346322862174020e+01
6.819722205468092113e+01
6.816651057627001364e+01
6.813187404573582739e+01
6.802916704924975022e+01
6.799153976801136423e+01
6.798995540928036974e+01
6.796018649964430836e+01
6.795653291900306670e+01
6.795344819242706080e+01
6.795132092333805929e+01
6.795418559223433874e+01
6.795719658109102568e+01
6.797771416051044469e+01
6.798363686881245371e+01
6.799956731642581076e+01
6.802620446211655292e+01
6.804713885558506092e+01
6.806838539952997280e+01
6.808094016045316721e+01
6.812488271048179911e+01
6.812830505152464866e+01
6.813583289024656153e+01
6.814500863738304304e+01
6.815710327996890783e+01
6.817087215713816306e+01
6.820066873714579003e+01
6.821092068240486128e+01
6.821941397361736392e+01
6.821971438338152893e+01
6.822071233306336069e+01
6.823966026150375797e+01
6.825247252427556077e+01
6.827987613993583693e+01
6.829888890716685523e+01
6.831134726487539410e+01
6.834426263797263346e+01
6.835893495691456678e+01
6.836815918937983838e+01
