2.601084000521150301e+02
2.601633723562218847e+02
2.603895712798329782e+02
2.608008798473786669e+02
2.610226953239326235e+02
2.616199506563410182e+02
2.617817088555727310e+02
2.624415305432733589e+02
2.627803783065442644e+02
2.629218719476959905e+02
2.632273022340048101e+02
2.634038426717850143e+02
2.636141797229932422e+02
2.643785301883473835e+02
2.647991121070339773e+02
2.648211377241539708e+02
2.654160085149021597e+02
2.655495159417945956e+02
2.657057446256869753e+02
2.661763091568236064e+02
2.664058392627915737e+02
2.665432768649441186e+02
2.670659838201872844e+02
2.671737993323988007e+02
2.674275541877186129e+02
2.677827976735588322e+02
2.680228881812734016e+02
2.682410886152010789e+02
2.683608796133164560e+02
2.687480168255908666e+02
2.687769216569974446e+02
2.688401279562701802e+02
2.689165339715090113e+02
2.690161417659122662e+02
2.691275895607428197e+02
2.693574769621562837e+02
2.694318560827569513e+02
2.694914696795597138e+02
2.694935451884741155e+02
2.695004240160118343e+02
2.696265792550768197e+02
2.697075910386380997e+02
2.698722360335543726e+02
2.699819078840558859e+02
2.700525456451593982e+02
2.702353041212827520e+02
2.703138948948973734e+02
2.703616888669241689e+02
