1.602017171426637354e+00
1.607635708105978445e+00
1.657309106883560590e+00
1.683756281288082857e+00
1.685157772800655707e+00
1.693845768219450765e+00
1.718767480086990318e+00
1.745943521625566319e+00
1.751714175282177433e+00
1.785857390606365280e+00
1.791527523455429094e+00
1.801572156949768022e+00
1.812769320619040281e+00
1.847952402979190056e+00
1.867424481612558251e+00
1.875403755114201321e+00
1.902909974855928166e+00
1.920619314741924377e+00
1.932800451794920216e+00
1.948330721044282621e+00
1.965201757434889451e+00
1.979558300540406268e+00
2.001841130482869158e+00
2.005684431020124503e+00
2.016815798411986549e+00
2.034467352605316748e+00
2.047421086731263440e+00
2.056268260994923658e+00
2.058605619205438497e+00
2.085624067016184746e+00
2.088939836360225399e+00
2.118709287850875089e+00
2.148634939714945347e+00
2.243809089345647934e+00
2.287430190752568926e+00
2.287723543654531788e+00
2.289081535598772366e+00
2.289738321312509317e+00
2.289881335614105229e+00
2.297439444624530758e+00
2.302839510764181696e+00
2.303036363912506435e+00
2.305151472919710454e+00
