1.237058444539929880e+01
1.237833148461379196e+01
1.242509579183131763e+01
1.242982325902035612e+01
1.242961100316600742e+01
1.242721109674720026e+01
1.241009999047309975e+01
1.237712300925005238e+01
1.236897253273193265e+01
1.232166837341433840e+01
1.231489012570317243e+01
1.230412500428542977e+01
1.229416174036009224e+01
1.227644213818188490e+01
1.227349790330409540e+01
1.227311923666634286e+01
1.227265223298399910e+01
1.227041797914339583e+01
1.226649825907132296e+01
1.225696120018838187e+01
1.223826806784331467e+01
1.221309055687337519e+01
1.215344226821446938e+01
1.214071926171022575e+01
1.210117280048518928e+01
1.203713066644018248e+01
1.199578751190858483e+01
1.197209881735564707e+01
1.196649783406254564e+01
1.191995379290118962e+01
1.191622232684833271e+01
1.189572202225435049e+01
1.188834469718105957e+01
1.179558229129633062e+01
1.138136623485349652e+01
1.137333333877164421e+01
1.133537193851747560e+01
1.131708465838986477e+01
1.131315799271527034e+01
1.118039634719190900e+01
1.115437879589245540e+01
1.115397399704288972e+01
1.115128676323094226e+01
