8.116042679946819050e+00
8.117435798343139552e+00
8.120244832988793959e+00
8.116421688287564606e+00
8.111400547709989084e+00
8.095276059996514562e+00
8.091539147885137950e+00
8.084538932627610919e+00
8.086855005251157635e+00
8.088829627924223331e+00
8.094411522454153740e+00
8.098009127610163560e+00
8.102124366874191352e+00
8.108360440789230239e+00
8.103118485189737541e+00
8.102694624009327384e+00
8.089402231524971398e+00
8.086917027722208218e+00
8.084806097443005157e+00
8.085944902571972293e+00
8.090997948692120190e+00
8.095137264930844623e+00
8.111869589007767445e+00
8.114079500979643811e+00
8.115627272369950518e+00
8.108070267194921854e+00
8.098155021608782533e+00
8.088721466566484608e+00
8.084541373811386933e+00
8.082112412601706097e+00
8.082738601264816580e+00
8.084466230449489643e+00
8.087126998067631689e+00
8.091270593549715784e+00
8.096258826906726824e+00
8.104360675569997952e+00
8.105445379392534733e+00
8.105545477006877775e+00
8.105535729873494688e+00
8.105496901077783534e+00
8.102974950559904244e+00
8.099602423537838547e+00
8.089679115017014865e+00
8.082531692143051671e+00
8.078763288352334371e+00
8.077639811761283539e+00
8.083734641565982315e+00
8.090255325905008732e+00
