1.117184699923930324e+01
1.116799442265848619e+01
1.110925609933407721e+01
1.105438691353187508e+01
1.105092746412995908e+01
1.102818083452778097e+01
1.095061534074035059e+01
1.084886230777562410e+01
1.082592937888953166e+01
1.069256142457309622e+01
1.067201816283552773e+01
1.063741274557313155e+01
1.060177714604503407e+01
1.051004368518056431e+01
1.047037816493162588e+01
1.045576424556780282e+01
1.040957295220743362e+01
1.038047250116279585e+01
1.035919327456648098e+01
1.032885962553371684e+01
1.028939065009260290e+01
1.024826364107735976e+01
1.016801964188049290e+01
1.015239091788297188e+01
1.010571451913635066e+01
1.003451999253393900e+01
9.990959625152276757e+00
9.966982206503910646e+00
9.961448219796729120e+00
9.919178053163566489e+00
9.916349555186728892e+00
9.907058684125237491e+00
9.916464452487689485e+00
9.937348352923539352e+00
9.729766962840381339e+00
9.725550956151600701e+00
9.706011950008642586e+00
9.696892092235515292e+00
9.694965079483509385e+00
9.645671793261415772e+00
9.653442727888114305e+00
9.654038272484168459e+00
9.661365834017287213e+00
