1.952751311153151192e+01
1.953262962530707370e+01
1.954662880631985189e+01
1.955063209995337914e+01
1.954575230248925877e+01
1.952683144765896728e+01
1.952336830624049213e+01
1.952976866928295863e+01
1.954771087013535436e+01
1.955771435012274750e+01
1.958266332461897008e+01
1.959809514636485872e+01
1.961619047464028753e+01
1.966224692365652515e+01
1.966772891238644405e+01
1.966767910979743306e+01
1.966284275289695316e+01
1.966323076472085774e+01
1.966574666616631362e+01
1.969239597940360653e+01
1.971682908456686079e+01
1.973433880279446484e+01
1.980462958822412745e+01
1.981638297548501626e+01
1.983556506861255997e+01
1.983981904505574079e+01
1.983178059467161702e+01
1.982403915466868582e+01
1.982245928426520720e+01
1.984536276577359715e+01
1.984909443458885647e+01
1.985815100755076656e+01
1.987053591120491092e+01
1.988839699408235262e+01
1.990934154086982844e+01
1.994762488103445008e+01
1.995640782651438982e+01
1.996162817510630560e+01
1.996177859232034280e+01
1.996226165951209808e+01
1.996682976863557357e+01
1.996560501208940863e+01
1.995585312047358428e+01
1.994813646588956146e+01
1.994520050954542967e+01
1.995846041021606609e+01
1.998005890133797990e+01
1.999999929761372286e+01
