4.105184925598587142e+01
4.120218187614227645e+01
4.134927935171435820e+01
4.148927913097577402e+01
4.161868565796612529e+01
4.173454724396287929e+01
4.183449856424340396e+01
4.191677259479547502e+01
4.198018050561950076e+01
4.202407798826607177e+01
4.204831701967486879e+01
4.205319022170442622e+01
4.203937754837897955e+01
4.200789470876043197e+01
4.196004565202019876e+01
4.189738843831219128e+01
4.182171187706990167e+01
4.173502683034166694e+01
4.163957480730459793e+01
4.153786249362019589e+01
4.143264111294411123e+01
