2.818952703774275506e+02
2.819488264111611784e+02
2.821741091325990851e+02
2.826005613319068743e+02
2.828378331816918489e+02
2.834967087148723408e+02
2.836795436833975828e+02
2.844433816916413207e+02
2.848476161259324044e+02
2.850191654092300269e+02
2.853958297984491423e+02
2.856180402650445558e+02
2.858877777252666306e+02
2.869269919788364405e+02
2.875504911672323942e+02
2.875843557795242873e+02
2.885492792753038884e+02
2.887796859568352943e+02
2.890558727785352744e+02
2.899302216964151739e+02
2.903795097733283797e+02
2.906556395198148266e+02
2.917559398835741717e+02
2.919933880533199613e+02
2.925680246381297138e+02
2.934139212275850355e+02
2.940164117611062693e+02
2.945872774695801013e+02
2.949102956420147734e+02
2.959989342907941250e+02
2.960827873210679968e+02
2.962673158752976406e+02
2.964924806156055297e+02
2.967894130249683258e+02
2.971261683312948207e+02
2.978362113792724699e+02
2.980705036629937581e+02
2.982599076306019583e+02
2.982665277597120621e+02
2.982884810915386424e+02
2.986943906498858041e+02
2.989581734060614622e+02
2.995007089297681659e+02
2.998658855662997667e+02
3.001023045685694797e+02
3.007178200107927069e+02
3.009846046065240444e+02
3.011477897275718192e+02
