2.357849183818325400e+01
2.364241236845273164e+01
2.425885180009543518e+01
2.463424977887806833e+01
2.465522616725635530e+01
2.478781305445373562e+01
2.519250487348035250e+01
2.566943971996198925e+01
2.577393142730688425e+01
2.639593733176777590e+01
2.649785653010691888e+01
2.667636286219818942e+01
2.687188743201584273e+01
2.746300432661762514e+01
2.777923807163368508e+01
2.790786795499342787e+01
2.835351736735123396e+01
2.864837105267552175e+01
2.885832901799265926e+01
2.913853468542992431e+01
2.946484457341757235e+01
2.976602042256235592e+01
3.028327695488619398e+01
3.037806032619716134e+01
3.065785774489902593e+01
3.109911771762939026e+01
3.140384095723143787e+01
3.159834795687525855e+01
3.164781548776632292e+01
3.216702263434554254e+01
3.222499766748296679e+01
3.270640432612091075e+01
3.314585733505185772e+01
3.461775162170584252e+01
3.614835302587945165e+01
3.617368232527919503e+01
3.629577726087133982e+01
3.635652775558859418e+01
3.636978599267702350e+01
3.693375090922022963e+01
3.717476915781800528e+01
3.718209070339595712e+01
3.725609755703460735e+01
