1.125342252712752256e+01
1.125497942439645982e+01
1.125728772299187064e+01
1.124891377234764533e+01
1.124019196739420678e+01
1.121273916046387242e+01
1.120608975895827086e+01
1.119002079980107922e+01
1.118972836949538952e+01
1.119095208084292103e+01
1.119530816747094626e+01
1.119826029185290039e+01
1.120145146633641176e+01
1.119990733538904770e+01
1.118610555681878083e+01
1.118515368636554541e+01
1.115594042200002711e+01
1.114980230906492764e+01
1.114358726001469790e+01
1.113431411631837342e+01
1.113548946482452173e+01
1.113756731111115528e+01
1.114572939154006193e+01
1.114548496376524689e+01
1.113957530572129428e+01
1.111714329520293632e+01
1.109478728804929482e+01
1.107343541200972226e+01
1.106289607334053748e+01
1.104318070731863344e+01
1.104276874389431207e+01
1.104233840197618122e+01
1.104256554275907476e+01
1.104372605024557785e+01
1.104542358623696607e+01
1.104561518104642381e+01
1.104346837645636192e+01
1.104065309189055633e+01
1.104053627343654220e+01
1.104013983823237410e+01
1.103029924559946018e+01
1.102148755599600527e+01
1.099917038704609951e+01
1.098344141095018323e+01
1.097441491174716077e+01
1.096278959799026964e+01
1.096677864474005659e+01
1.097305447830444258e+01
