1.888721183666936199e+01
1.889201234106374727e+01
1.890494781942054558e+01
1.890772930051969070e+01
1.890241938680976119e+01
1.888249979762832353e+01
1.887870117776234125e+01
1.888300605635592433e+01
1.889935892953957364e+01
1.890861052790678798e+01
1.893181601786240975e+01
1.894620116619884342e+01
1.896305428017981853e+01
1.900521316803933658e+01
1.900919346162187651e+01
1.900907606719240661e+01
1.900252990622746907e+01
1.900248544031165920e+01
1.900442656622476179e+01
1.902870402498422209e+01
1.905159153570148689e+01
1.906807561928581762e+01
1.913430091819526879e+01
1.914529719406439412e+01
1.916296400141238365e+01
1.916580742238017976e+01
1.915714737997791772e+01
1.914883105430787325e+01
1.914683652185524210e+01
1.916742079681976563e+01
1.917090933687170562e+01
1.917940317498011638e+01
1.919105769928638594e+01
1.920790562226320830e+01
1.922767900642593020e+01
1.926368878944762031e+01
1.927184915610094507e+01
1.927662852809246985e+01
1.927676459509185491e+01
1.927720059710679479e+01
1.928104346523705104e+01
1.927948715393156576e+01
1.926929768247295272e+01
1.926133110773436030e+01
1.925816934912185374e+01
1.927017137594611995e+01
1.929071267681226232e+01
1.930978826860457431e+01
