7.019153849195427028e+02
7.020125678217567611e+02
7.024138725731369277e+02
7.031524302028084321e+02
7.035570755472010660e+02
7.046742732479026472e+02
7.049844930577492050e+02
7.062858460796718418e+02
7.069772823941181059e+02
7.072708822769947119e+02
7.079150938191911564e+02
7.082944359129468239e+02
7.087537275527628253e+02
7.105028102952933295e+02
7.115305001129188440e+02
7.115857932243985715e+02
7.131404841045200556e+02
7.135067508274829606e+02
7.139440372205179983e+02
7.153211885652995079e+02
7.160274683661966719e+02
7.164615793177404157e+02
7.181892834781266401e+02
7.185606444462033551e+02
7.194554315686801829e+02
7.207618819735819216e+02
7.216869100452964858e+02
7.225623613727967722e+02
7.230582801277754470e+02
7.247360218005053412e+02
7.248656428647724397e+02
7.251510171251195516e+02
7.254993990352027140e+02
7.259589071490312335e+02
7.264798455951166716e+02
7.275761716388864215e+02
7.279370612718870461e+02
7.282284595652736243e+02
7.282386389994095452e+02
7.282723927892234315e+02
7.288957520795983100e+02
7.293001364090196148e+02
7.301303446064912350e+02
7.306882371113473482e+02
7.310491465889189158e+02
7.319884085865433008e+02
7.323957451281986550e+02
7.326451235464559204e+02
