1.952485879794406287e+01
1.952998547858123857e+01
1.954402656355876644e+01
1.954810652113892289e+01
1.954326837735814237e+01
1.952446073098255752e+01
1.952102848366253696e+01
1.952755589165112937e+01
1.954556428037551541e+01
1.955559570906731182e+01
1.958060588732394436e+01
1.959607376645469401e+01
1.961421284863881809e+01
1.966043696248571493e+01
1.966601686351611633e+01
1.966597227369550893e+01
1.966127841732759407e+01
1.966169858985547947e+01
1.966425210196966944e+01
1.969101465052753497e+01
1.971550346470600346e+01
1.973304698421470249e+01
1.980347248312480346e+01
1.981525540953485276e+01
1.983451004092677294e+01
1.983887306782929372e+01
1.983091292354975366e+01
1.982324512648910542e+01
1.982170636504977423e+01
1.984474405308813516e+01
1.984848577736779163e+01
1.985756436278069259e+01
1.986997594661058741e+01
1.988787201581390462e+01
1.990885617239670680e+01
1.994722395198652976e+01
1.995603531819993037e+01
1.996127890392803295e+01
1.996143013770945984e+01
1.996191591488235062e+01
1.996653470182832990e+01
1.996534339048301021e+01
1.995566091084337401e+01
1.994799064843099501e+01
1.994508413228820132e+01
1.995841620927310345e+01
1.998004289904811159e+01
1.999999929774588026e+01
