1.170826409607136156e+03
1.171028206677583512e+03
1.171855115417430852e+03
1.173358964650657526e+03
1.174177650810157729e+03
1.176433924621031338e+03
1.177061124182238700e+03
1.179699302401227214e+03
1.181104814384031670e+03
1.181702000836622119e+03
1.183012289645221472e+03
1.183783350863103124e+03
1.184715868399682677e+03
1.188246183188365876e+03
1.190296472048314627e+03
1.190406179425188839e+03
1.193466596711350121e+03
1.194181762576418350e+03
1.195033544265749470e+03
1.197707906190040148e+03
1.199078203607729392e+03
1.199920667189144751e+03
1.203272929404947490e+03
1.203992232163800054e+03
1.205721660302718419e+03
1.208236616785750130e+03
1.210012608026865792e+03
1.211693385293429856e+03
1.212646585053093531e+03
1.215880822748013543e+03
1.216131280297983949e+03
1.216682907021023766e+03
1.217356656207135075e+03
1.218245672769854764e+03
1.219253707817630129e+03
1.221374311506627919e+03
1.222071865747430820e+03
1.222634876748626539e+03
1.222654540732896066e+03
1.222719742354048321e+03
1.223923383806421498e+03
1.224703730201474400e+03
1.226304757669425953e+03
1.227379960061146676e+03
1.228075273091638564e+03
1.229883904768701314e+03
1.230667780731154153e+03
1.231147481514972014e+03
