1.947785041451129828e+01
1.948317221077553540e+01
1.949800727857045146e+01
1.950350315736033124e+01
1.949941800086392263e+01
1.948261563483930203e+01
1.947972352134116036e+01
1.948846236964439882e+01
1.950762749398732510e+01
1.951815008816834407e+01
1.954424288601545712e+01
1.956035329752397800e+01
1.957927647158281559e+01
1.962853197595913102e+01
1.963587828202740582e+01
1.963592718599880271e+01
1.963375165164945813e+01
1.963472740066611877e+01
1.963792345108902992e+01
1.966657214494019357e+01
1.969196546417951055e+01
1.971005286204476903e+01
1.978264288651352842e+01
1.979490574783284274e+01
1.981535396147158679e+01
1.982155497550290235e+01
1.981494433751893069e+01
1.980856433508181524e+01
1.980775106793726437e+01
1.983318495354702904e+01
1.983710782867415290e+01
1.984658377838474408e+01
1.985947851810538722e+01
1.987801083460562523e+01
1.989971920685086104e+01
1.993964543466637451e+01
1.994898579382270398e+01
1.995466346130413626e+01
1.995482997370274703e+01
1.995536646849985729e+01
1.996093684358740816e+01
1.996037648238147710e+01
1.995200928116484818e+01
1.994522110221253186e+01
1.994287496166986173e+01
1.995757987168501302e+01
1.997974086921695047e+01
1.999999930060265996e+01
