1.074314546748484389e+01
1.074030133950432386e+01
1.067600927279518430e+01
1.060543402130395663e+01
1.060084629257720223e+01
1.057038237075314058e+01
1.046329011252137065e+01
1.031605837959256711e+01
1.028172215084661900e+01
1.007054078682007159e+01
1.003570457983535036e+01
9.975077562445283874e+00
9.909543923243845143e+00
9.719252170249164990e+00
9.622405313842065766e+00
9.583771079523609515e+00
9.451508205408655883e+00
9.363510961534144528e+00
9.299599409218002322e+00
9.211718192393133720e+00
9.104600616673224067e+00
9.000658055731788565e+00
8.811865517656935154e+00
8.776224823250954543e+00
8.670113123220430040e+00
8.503435081535853257e+00
8.391926898153263537e+00
8.323363608465292884e+00
8.306311160029958174e+00
8.137744390622952295e+00
8.120105864536087736e+00
7.981106571857370824e+00
7.859926593550449425e+00
7.333168331124793937e+00
6.315606544620743890e+00
6.295374267830003312e+00
6.197271630591732361e+00
6.148208093504541338e+00
6.137487272603329380e+00
5.687566709000171805e+00
5.507404249490015502e+00
5.502126255712118663e+00
5.449529046471970339e+00
