9.567697148126686812e+00
9.572295436573920568e+00
9.587204602660744257e+00
9.601914095782140279e+00
9.605614268924000498e+00
9.611017798451308991e+00
9.613056232233470055e+00
9.631616318057035997e+00
9.649049771239733175e+00
9.657810394943343368e+00
9.678978880427344222e+00
9.692131005052237569e+00
9.708085071956586987e+00
9.760156935403642819e+00
9.781005386983087746e+00
9.781954311987158590e+00
9.806127583665935177e+00
9.812249226393541690e+00
9.820375777624436253e+00
9.853874343690840476e+00
9.875719552237510968e+00
9.890228103487039846e+00
9.947772824803589486e+00
9.958467186560675088e+00
9.979753775095129953e+00
9.999044710605673458e+00
1.000696226086811436e+01
1.001396383845058935e+01
1.001908435592986635e+01
1.004913663166045268e+01
1.005236734730095094e+01
1.005987998666427430e+01
1.006969257084645974e+01
1.008339939325111345e+01
1.009936065758888013e+01
1.013069656682800712e+01
1.013938524358696114e+01
1.014558818551050123e+01
1.014579095744742254e+01
1.014645648019198276e+01
1.015684874511222091e+01
1.016176928268397539e+01
1.016880491481967752e+01
1.017320323475205335e+01
1.017708792598061684e+01
1.019719309443052069e+01
1.021339390637545286e+01
1.022646649903992255e+01
