9.557968211942873271e-01
9.570170933391481949e-01
9.635708309769049906e-01
9.642497317359899345e-01
9.642423115343645712e-01
9.641199685839428879e-01
9.633154604232442297e-01
9.626844853636721266e-01
9.627222100388159731e-01
9.649308902132276433e-01
9.656420523349354967e-01
9.671146245653172713e-01
9.690292017525005130e-01
9.761259047951833523e-01
9.801715047610694009e-01
9.817516833597897952e-01
9.865196812500828250e-01
9.887981922444035732e-01
9.899022633723928433e-01
9.906832985597009422e-01
9.906847630512196634e-01
9.900436604267267571e-01
9.885497020021429826e-01
9.883665928443912119e-01
9.882744971394066269e-01
9.902880594242057244e-01
9.938748813704640916e-01
9.973104545965679746e-01
9.983378015990919119e-01
1.013080669044297277e+00
1.015180689437421568e+00
1.035959233236634303e+00
1.059428234974007843e+00
1.150310327698630397e+00
1.229159690197969335e+00
1.230305300393740309e+00
1.235818794452063107e+00
1.238564179238468288e+00
1.239164151764429178e+00
1.265701376468316264e+00
1.278251791592306841e+00
1.278650159757484861e+00
1.282741211640866741e+00
