3.721873801052570343e+02
3.724791671716177461e+02
3.753465314575573188e+02
3.770990994725231644e+02
3.771951528785897949e+02
3.777943700451218660e+02
3.795036331073554265e+02
3.811950153222720701e+02
3.815126676141304074e+02
3.830448659994862624e+02
3.832476455834479339e+02
3.835794242766243087e+02
3.839159404128799906e+02
3.848347027458693219e+02
3.852904047233221263e+02
3.854684086841840553e+02
3.860351853061975476e+02
3.863506716938288719e+02
3.865393250883353744e+02
3.867417416759284379e+02
3.869100215250121551e+02
3.870108142877386399e+02
3.870915615458452521e+02
3.870951873420331140e+02
3.870827705765194082e+02
3.869653668658851871e+02
3.867788239979750529e+02
3.865990108118963917e+02
3.865446824442491334e+02
3.857395893308498671e+02
3.856218829997085891e+02
3.844340375674667598e+02
3.830626420360565589e+02
3.771458706947778978e+02
3.684175184045172387e+02
3.682499725810531004e+02
3.674360997237290576e+02
3.670277293406292642e+02
3.669383405173118717e+02
3.630769151183933445e+02
3.613986929172586429e+02
3.613473379841925635e+02
3.608265328193011783e+02
