1.122521445867126921e+01
1.122807486902981999e+01
1.123571846341935476e+01
1.123699246973385257e+01
1.123347318262683459e+01
1.122007856721533514e+01
1.121724613452878394e+01
1.121670357107080562e+01
1.122430240224471376e+01
1.122879567273593082e+01
1.124015130050372058e+01
1.124711183210025922e+01
1.125504356339131640e+01
1.127043081271460956e+01
1.126575753385081491e+01
1.126527976158260635e+01
1.124869377022881167e+01
1.124533582427143585e+01
1.124234498636794477e+01
1.124256669431926881e+01
1.124823466922549464e+01
1.125295086124403987e+01
1.127072135451409629e+01
1.127236415952007498e+01
1.127075979794411253e+01
1.125403967976749264e+01
1.123534669081128712e+01
1.121718649490171238e+01
1.120833934459093584e+01
1.119374068135110001e+01
1.119368584784494836e+01
1.119402314343122562e+01
1.119515340350093169e+01
1.119744997864908598e+01
1.120036374625047415e+01
1.120289292048991570e+01
1.120145809076308474e+01
1.119919957682310852e+01
1.119910193117898167e+01
1.119876894064442396e+01
1.119006597987665863e+01
1.118196046383210529e+01
1.116102348953078582e+01
1.114617281245072178e+01
1.113769360595882141e+01
1.112741019495205208e+01
1.113193994250285890e+01
1.113853288191965518e+01
