4.210587523128888279e+02
4.210763424393523451e+02
4.211510656726375146e+02
4.212945456929456327e+02
4.213749840042984829e+02
4.215991603279233573e+02
4.216614464465031915e+02
4.219218845691924571e+02
4.220599747869285920e+02
4.221186615820757879e+02
4.222477313833346102e+02
4.223240322868817316e+02
4.224168350768284199e+02
4.227769309935707156e+02
4.229956745890244179e+02
4.230076239092741162e+02
4.233510004013533603e+02
4.234337235135372453e+02
4.235331675373580538e+02
4.238493786466017355e+02
4.240123465751235585e+02
4.241126167633067894e+02
4.245134607965060809e+02
4.246003933822337899e+02
4.248116441145604085e+02
4.251248671434564699e+02
4.253491886724201549e+02
4.255621699522769177e+02
4.256827162667568132e+02
4.260886228920818439e+02
4.261198669949345685e+02
4.261886231207656124e+02
4.262725313578306441e+02
4.263832316762334926e+02
4.265088935177440135e+02
4.267744764161053013e+02
4.268623406890943102e+02
4.269334612127318564e+02
4.269359485167573780e+02
4.269441974906279711e+02
4.270969119939361462e+02
4.271963443850314661e+02
4.274012714734557790e+02
4.275394715663638863e+02
4.276290301300290366e+02
4.278623748525848214e+02
4.279635217491526191e+02
4.280253676544626273e+02
