1.963503146980729364e+00
1.937852149289268411e+00
1.915590330434497446e+00
1.896604276872532413e+00
1.880580274027492615e+00
1.867466542731317736e+00
1.856865036417343795e+00
1.848255398071136479e+00
1.841504031916155748e+00
1.836279257379711982e+00
1.832099810581975241e+00
1.828925170568312053e+00
1.826582605859491171e+00
1.824677376039475218e+00
1.823270000440648575e+00
1.822309564390343528e+00
1.821444993720194416e+00
1.820840938071602411e+00
1.820464012486321392e+00
1.819919018353016726e+00
1.821032988938040997e+00
