9.565650418374518793e+00
9.567919306097023124e+00
9.573819273141632280e+00
9.574086609022820937e+00
9.570789693303796142e+00
9.559028723203262246e+00
9.556631714116466725e+00
9.556735658556442914e+00
9.563840203929515837e+00
9.568009326881739440e+00
9.578596622258711335e+00
9.585177360299667271e+00
9.592844300067444152e+00
9.610806752423012966e+00
9.610833751825587967e+00
9.610668247397075703e+00
9.604423565444143662e+00
9.603724792887330608e+00
9.603905503025378820e+00
9.613687837205899811e+00
9.623982807649143822e+00
9.631526990466298344e+00
9.661787181533457058e+00
9.666633478687796099e+00
9.673815633571305028e+00
9.672628539261358682e+00
9.666354492954543076e+00
9.660337000391116646e+00
9.658295712066960803e+00
9.665180203834054851e+00
9.666669638777189988e+00
9.670358623085364869e+00
9.675508960106087741e+00
9.683042504871977485e+00
9.691914199605879077e+00
9.707714054209949595e+00
9.711036049710205731e+00
9.712799461181528926e+00
9.712845384389760639e+00
9.712989957779120331e+00
9.713525091005921652e+00
9.711820058467187877e+00
9.704782571764660304e+00
9.699498120957972702e+00
9.697096804121089875e+00
9.701138835936074400e+00
9.710685387783994926e+00
9.719831355118333960e+00
