9.179609845599770779e+02
9.181188552180511806e+02
9.187657580021923422e+02
9.199422279630045978e+02
9.205826904340809733e+02
9.223477909583277778e+02
9.228384546925392442e+02
9.249023223431896668e+02
9.260018644666241698e+02
9.264690479119809652e+02
9.274940974630137589e+02
9.280973053541260924e+02
9.288268221364338615e+02
9.315886162241592956e+02
9.331925719938566317e+02
9.332783968925396039e+02
9.356725866233775832e+02
9.362320672154660315e+02
9.368984234584740989e+02
9.389905978518878555e+02
9.400625913425092222e+02
9.407216567117977775e+02
9.433441569492819099e+02
9.439068727218336790e+02
9.452598164574534394e+02
9.472272907112321718e+02
9.486166756118246894e+02
9.499315697355523298e+02
9.506772558215438949e+02
9.532071303570222653e+02
9.534030141129715048e+02
9.538344234480539399e+02
9.543612999591415473e+02
9.550564398137239550e+02
9.558445227110020141e+02
9.575019248103352538e+02
9.580469467649986655e+02
9.584867783869564164e+02
9.585021390156797452e+02
9.585530710770609630e+02
9.594931331399019427e+02
9.601024282288750555e+02
9.613521074955997392e+02
9.621911115857265031e+02
9.627336355506228074e+02
9.641451606546045241e+02
9.647573933138615985e+02
9.651323185570932992e+02
