1.081542767877377287e+01
1.081623524420787774e+01
1.081555672013168845e+01
1.080197468898455959e+01
1.079046302759003595e+01
1.075515415287785004e+01
1.074622517321451198e+01
1.071991495788179094e+01
1.071372458999921840e+01
1.071235909622072668e+01
1.071088683407395692e+01
1.071032912264533543e+01
1.070921067559731910e+01
1.069080651219869083e+01
1.066669980816087282e+01
1.066518048864997503e+01
1.061918645067168576e+01
1.060880491558795846e+01
1.059735052024067414e+01
1.057027404425501693e+01
1.056158070332900145e+01
1.055738122699197312e+01
1.053950955668211087e+01
1.053355552914049120e+01
1.051386101836560272e+01
1.047130045948312116e+01
1.043457776568988571e+01
1.039935708628244981e+01
1.038078035781812147e+01
1.033263445729410002e+01
1.032994529502424541e+01
1.032446516970345485e+01
1.031846586466123306e+01
1.031132683245358095e+01
1.030352714297493044e+01
1.028359561771386055e+01
1.027482298782506298e+01
1.026666415953111944e+01
1.026636078779592864e+01
1.026534581707276317e+01
1.024409270761168855e+01
1.022787534163596668e+01
1.019024396726253023e+01
1.016401699090019406e+01
1.014804166040480737e+01
1.011740667310797015e+01
1.011257115477860857e+01
1.011322068652737194e+01
