8.729269896032604947e+00
8.730381237348540324e+00
8.731811795480409089e+00
8.724800371264963772e+00
8.717826903484064971e+00
8.696215575799831399e+00
8.691036107726652915e+00
8.678805072675366716e+00
8.678929101598347629e+00
8.680078862315090404e+00
8.684012748028971274e+00
8.686707253692823372e+00
8.689754101606713022e+00
8.691619037556542082e+00
8.683408309236497757e+00
8.682819108242075146e+00
8.664967010364286182e+00
8.661507442609783780e+00
8.658322049708614188e+00
8.656834734103521001e+00
8.660979664654448129e+00
8.664673992039812589e+00
8.679928025375190259e+00
8.681772485872379264e+00
8.682233267982518043e+00
8.672528564308331411e+00
8.660857500682647370e+00
8.649827755448193045e+00
8.644857868930692746e+00
8.640773102093143976e+00
8.641341250300975219e+00
8.642971830617460327e+00
8.645564067904684791e+00
8.649679380055962596e+00
8.654677477061959223e+00
8.662689229651428846e+00
8.663645170284336672e+00
8.663589733967965500e+00
8.663573663464045893e+00
8.663513427864485195e+00
8.660473681437474980e+00
8.656647053297788830e+00
8.645590995091943398e+00
8.637660676971435691e+00
8.633454149476653683e+00
8.631849460633578275e+00
8.638229544411681005e+00
8.645133284201721224e+00
