2.809966981182058898e+00
2.810983533681826518e+00
2.812202537937228186e+00
2.813488380514181042e+00
2.814641116422082590e+00
2.815966306397519769e+00
2.817379262117869043e+00
2.818647190976447892e+00
2.820057431833967510e+00
2.821590379186193154e+00
2.822964809831452815e+00
2.824451298891823559e+00
2.826086589501405122e+00
2.827549600240025551e+00
2.829103321323202636e+00
2.830821451880945805e+00
2.832333997771844469e+00
2.833957913468830636e+00
2.835719590672831192e+00
2.837140198494602750e+00
2.840753028966849225e+00
