4.033733161415557333e+01
4.036290161374108720e+01
4.038936361495620986e+01
4.041671217460611842e+01
4.044493347745083156e+01
4.047401035596828933e+01
4.050392192456411067e+01
4.053464355715550482e+01
4.056614675355433519e+01
4.059839912584129706e+01
4.063136433598015174e+01
4.066500193164733901e+01
4.069926721292199545e+01
4.073411099133193147e+01
4.076947928016738842e+01
4.080531295132368541e+01
4.084154725732571478e+01
4.087811106853962428e+01
4.091492624136446921e+01
4.095190654848261147e+01
4.098895644581489250e+01
