1.822340189192208415e+00
1.829784014032780126e+00
1.838178212668210465e+00
1.847098716412586272e+00
1.856066647403573189e+00
1.864954152117453967e+00
1.873392026174923952e+00
1.880962095911614007e+00
1.887645528793979066e+00
1.893268577667357233e+00
1.897543019824404542e+00
1.900599210491996427e+00
1.902453131751970616e+00
1.902926648474573934e+00
1.902263830591266913e+00
1.900606961689236485e+00
1.897830380560000085e+00
1.894285132050784748e+00
1.890146889921564544e+00
1.885284699549332199e+00
1.881576107163305256e+00
