1.270221899822354317e+01
1.264890833489120325e+01
1.222354582310403615e+01
1.202680293644446508e+01
1.201649191142100648e+01
1.195183892968912964e+01
1.174768960114089111e+01
1.146111827426500263e+01
1.138941531960934661e+01
1.091125986526853175e+01
1.082906080250393188e+01
1.068686864844467088e+01
1.053742525421045428e+01
1.016776513741738341e+01
1.003999511367246456e+01
1.000312688060424549e+01
9.935751194466613256e+00
9.931088925267166800e+00
9.939703236717775781e+00
9.958963013792240915e+00
9.983888382557260854e+00
1.000458826266759615e+01
1.003891376657131751e+01
1.004677376742732164e+01
1.007703738570814522e+01
1.015737447277362193e+01
1.024313410324540641e+01
1.031172705221422170e+01
1.033084393779797594e+01
1.056715905601058481e+01
1.059692125711392663e+01
1.086023047277009468e+01
1.111295095246453890e+01
1.196217540451596939e+01
1.288767687837063569e+01
1.290322521353679441e+01
1.297819097166292224e+01
1.301550460672130782e+01
1.302364936535648532e+01
1.337116994255508295e+01
1.352082107647619402e+01
1.352538066808112305e+01
1.357151244358964526e+01
