3.996724088023779586e+01
3.996862655058964720e+01
3.997008214043734142e+01
3.997161223381874606e+01
3.997321771453562178e+01
3.997489922609759105e+01
3.997665703109748847e+01
3.997849097833397991e+01
3.998040043177121561e+01
3.998238426003325685e+01
3.998444081840779063e+01
3.998656787680675961e+01
3.998876255989057427e+01
3.999102125424542464e+01
3.999333957827712993e+01
3.999571232181460800e+01
3.999813335694551597e+01
4.000059555059783634e+01
4.000309067289578024e+01
4.000560947309799076e+01
4.000813855830222110e+01
