1.947776750589547490e+01
1.948308970732183099e+01
1.949792633933560282e+01
1.950342462915057240e+01
1.949934053573291592e+01
1.948254022146299391e+01
1.947964847834296265e+01
1.948838830351319018e+01
1.950755384022572159e+01
1.951807664804555387e+01
1.954417007980167043e+01
1.956028100759485966e+01
1.957920497954725647e+01
1.962846538040186672e+01
1.963581561536521036e+01
1.963586474101806445e+01
1.963369528587984192e+01
1.963467231124790757e+01
1.963786975379827737e+01
1.966652173502427559e+01
1.969191610444012497e+01
1.971000397707231144e+01
1.978259533167720363e+01
1.979485851424952969e+01
1.981530778306864349e+01
1.982151130904488312e+01
1.981490315022210424e+01
1.980852586429766404e+01
1.980771421287002099e+01
1.983315338205687439e+01
1.983707663205743543e+01
1.984655338506940581e+01
1.985944906468648696e+01
1.987798255801090619e+01
1.989969219802728162e+01
1.993962104790747603e+01
1.994896232463154462e+01
1.995464077719548257e+01
1.995480731788785889e+01
1.995534390696078475e+01
1.996091616948529435e+01
1.996035721205302949e+01
1.995199344997255153e+01
1.994520806360348075e+01
1.994286395064461104e+01
1.995757495392841108e+01
1.997973894285082963e+01
1.999999930061352771e+01
