1.778304426585527835e+02
1.778156593506004981e+02
1.777530836752927712e+02
1.776348286178620697e+02
1.775700460014623161e+02
1.773964790483868228e+02
1.773501780864390014e+02
1.771653476841088377e+02
1.770726455030103637e+02
1.770342829691707038e+02
1.769520617836192002e+02
1.769048758965021477e+02
1.768489738012833357e+02
1.766489383331820875e+02
1.765409638693082286e+02
1.765353450887714644e+02
1.763847135564614632e+02
1.763512095384022018e+02
1.763121847921923688e+02
1.761963896328210808e+02
1.761412803884704203e+02
1.761088246789899756e+02
1.759892005034773774e+02
1.759651921834735901e+02
1.759094001655329293e+02
1.758329519744008280e+02
1.757827274786266969e+02
1.757385175439607394e+02
1.757149399405186898e+02
1.756422232059982775e+02
1.756369887315026119e+02
1.756256240054354123e+02
1.756120278619160331e+02
1.755945245344750845e+02
1.755752343450177477e+02
1.755365328906158311e+02
1.755243795755544909e+02
1.755147868427496860e+02
1.755144553159154555e+02
1.755133577396230180e+02
1.754935583930598000e+02
1.754811706833178562e+02
1.754566971423910502e+02
1.754408087522194535e+02
1.754307038961765386e+02
1.754049840929949369e+02
1.753942013852913817e+02
1.753877889374902566e+02
