2.057152634348767251e+01
2.057393739895197271e+01
2.057638855961572588e+01
2.055791703542987037e+01
2.054027643107016132e+01
2.048549639075496742e+01
2.047208343789302987e+01
2.043751510225026635e+01
2.043428527692384122e+01
2.043539501695720162e+01
2.044092810417040340e+01
2.044492596503754456e+01
2.044910294754352620e+01
2.044042719564661326e+01
2.041215812794273177e+01
2.041026370907490772e+01
2.035290454781295111e+01
2.034085672035903158e+01
2.032855719598765631e+01
2.030897412282862646e+01
2.030994364487259674e+01
2.031306810197541779e+01
2.032563800085224770e+01
2.032474630497894807e+01
2.031294513257095602e+01
2.027064073633287578e+01
2.022894618069162931e+01
2.018918675145108210e+01
2.016952812263826900e+01
2.013224367222850475e+01
2.013139902043858953e+01
2.013041279391066496e+01
2.013058814784193373e+01
2.013239939861974648e+01
2.013515946565221881e+01
2.013481987508836113e+01
2.013067917925003414e+01
2.012536260608832350e+01
2.012514319128707641e+01
2.012439907917575610e+01
2.010606280391974110e+01
2.008974196181195637e+01
2.004854517527034119e+01
2.001955529474560436e+01
2.000291715698953965e+01
1.998137433409942076e+01
1.998857315507403953e+01
1.999999926400465355e+01
