1.947861771471352199e+01
1.948393685921371343e+01
1.949876217134571377e+01
1.950424456339876400e+01
1.950015411223833439e+01
1.948334289110011852e+01
1.948044938901701073e+01
1.948918426561128570e+01
1.950834674880553976e+01
1.951886778435638092e+01
1.954495588226915714e+01
1.956106257175799357e+01
1.957998021155102819e+01
1.962920508986065471e+01
1.963652890862519484e+01
1.963657657578162841e+01
1.963436787479560408e+01
1.963533673431961191e+01
1.963852522460417660e+01
1.966715524955920813e+01
1.969254180739486060e+01
1.971062577380563141e+01
1.978320451456968954e+01
1.979546483449734140e+01
1.981590583343552581e+01
1.982209225472762171e+01
1.981546775610747702e+01
1.980907172609691003e+01
1.980824805253354981e+01
1.983363847537351887e+01
1.983755737350065118e+01
1.984702420208822460e+01
1.985990708507934244e+01
1.987842245026672572e+01
1.990010963981477587e+01
1.993998377293022983e+01
1.994930464354727562e+01
1.995496572919330092e+01
1.995513164887628932e+01
1.995566617186749880e+01
1.996119841191058342e+01
1.996061169056244822e+01
1.995218716406106552e+01
1.994535885125818098e+01
1.994298647761047860e+01
1.995762409651480951e+01
1.997975725074383035e+01
1.999999930050298502e+01
