4.435430492633495980e+00
4.439459821282214946e+00
4.453754450506690610e+00
4.472547103403943680e+00
4.480112385633945316e+00
4.496984527513846253e+00
4.501613306047598684e+00
4.525232347733591176e+00
4.541471315085900962e+00
4.549110944904966480e+00
4.567087531139653933e+00
4.578212209835623270e+00
4.591919841451690409e+00
4.641950265681646925e+00
4.667486568869243513e+00
4.668778561361816237e+00
4.703338554158435159e+00
4.711431046599649619e+00
4.721321610186018702e+00
4.755079387142404634e+00
4.774020384026810504e+00
4.786031519850791227e+00
4.833209509381704017e+00
4.842532652289570194e+00
4.862925054780887990e+00
4.887221490016949055e+00
4.901638104518422523e+00
4.914836924220527870e+00
4.922721883942080545e+00
4.954559355459298153e+00
4.957399801513791004e+00
4.963825201097224138e+00
4.971948368132062868e+00
4.983005374143910871e+00
4.995754992820776508e+00
5.021797155604574847e+00
5.029738952841614541e+00
5.035830529961772939e+00
5.036037819516775649e+00
5.036722456870295517e+00
5.048615576554247752e+00
5.055615618663916067e+00
5.068833797254714391e+00
5.077692280543629089e+00
5.083915279973798995e+00
5.104548808635205326e+00
5.116764488530895605e+00
5.125610667855769798e+00
