1.106763812399311764e+00
1.108066155378567341e+00
1.115315885105006233e+00
1.116371056432465814e+00
1.116384742728828705e+00
1.116397891569551382e+00
1.116053344077951204e+00
1.116145915358130569e+00
1.116381654078285379e+00
1.120173888266071449e+00
1.121220950594234766e+00
1.123339487891169552e+00
1.126048436515048934e+00
1.136104738666666947e+00
1.142058179107899640e+00
1.144471215894832916e+00
1.152332109138000327e+00
1.156787212677902188e+00
1.159477488654611088e+00
1.162393095241917695e+00
1.164863990603570931e+00
1.166447040649329692e+00
1.168562922878843224e+00
1.169005674965986064e+00
1.170689049459284092e+00
1.175273395524313536e+00
1.180467358309449599e+00
1.184856101327424360e+00
1.186116745906324654e+00
1.203079029072859463e+00
1.205399957167021974e+00
1.227784820967727564e+00
1.252325479567740096e+00
1.343477316374058761e+00
1.419171474328149829e+00
1.420286823708573731e+00
1.425685959769387168e+00
1.428395774385950556e+00
1.428990026634616051e+00
1.456135195189911746e+00
1.469585253434553485e+00
1.470018157163110573e+00
1.474483684481206591e+00
