4.145520159604111541e+02
4.145855585115727990e+02
4.147245652298337291e+02
4.149806153905387873e+02
4.151200827006931604e+02
4.154993136655664898e+02
4.156028428047095531e+02
4.160287039663484734e+02
4.162498867724793286e+02
4.163428376430171625e+02
4.165448651497892456e+02
4.166626236563052998e+02
4.168040282295551151e+02
4.173312264271975209e+02
4.176334131695401197e+02
4.176495311738376586e+02
4.180973229563747395e+02
4.182013128051307262e+02
4.183246831772538030e+02
4.187072674629426956e+02
4.188998442086351588e+02
4.190170359516559415e+02
4.194763148755825455e+02
4.195739589658925865e+02
4.198082589585368396e+02
4.201481500436593706e+02
4.203866760202251953e+02
4.206100416961649557e+02
4.207353540841404538e+02
4.211527045546260410e+02
4.211845783767578268e+02
4.212546051463176013e+02
4.213398522356078502e+02
4.214519647281015295e+02
4.215787382994645895e+02
4.218449291315037044e+02
4.219324781443710322e+02
4.220031627723122369e+02
4.220056319860481722e+02
4.220138196106768191e+02
4.221650380081889580e+02
4.222631581204935287e+02
4.224646924735595803e+02
4.226002042853947955e+02
4.226878972088352953e+02
4.229160584379219472e+02
4.230148341086744495e+02
4.230751877758173691e+02
