7.574380498644183390e+00
7.582459889753501159e+00
7.646629670813148927e+00
7.674365604833812249e+00
7.675697986272051132e+00
7.683654331984715924e+00
7.703877967179384001e+00
7.723412662875021262e+00
7.727593902615965682e+00
7.756099129706021778e+00
7.761751152982125923e+00
7.772522233001651237e+00
7.785669063835912951e+00
7.833785193609918096e+00
7.863575392702860434e+00
7.876137811356330509e+00
7.919772048051070712e+00
7.947067338586394136e+00
7.964901713047979115e+00
7.985906685083836720e+00
8.005658407598350124e+00
8.019211611232385906e+00
8.033655084157306447e+00
8.035468302868505219e+00
8.040257118507449619e+00
8.049229537122375433e+00
8.059303751427631113e+00
8.068406085567110253e+00
8.071113331698603233e+00
8.110415398342503579e+00
8.116092432840121162e+00
8.172674325328820544e+00
8.235773286592120712e+00
8.429921237183732430e+00
8.458216425668711125e+00
8.458032831137597185e+00
8.457630295369723328e+00
8.457808242171823920e+00
8.457887351628427197e+00
8.482500193854454196e+00
8.511987373371582066e+00
8.513120803356782673e+00
8.525443236394584900e+00
