1.696162929598449409e+01
1.700397610838231444e+01
1.717748641976993440e+01
1.749300915116506872e+01
1.766477260800728999e+01
1.813813967770116520e+01
1.826972341714853343e+01
1.882318290529117277e+01
1.911803178649870816e+01
1.924330777956011573e+01
1.951817228273227300e+01
1.967991830339694559e+01
1.987553050314626191e+01
2.061605051201500771e+01
2.104610169154267396e+01
2.106911263470952989e+01
2.171101654394503910e+01
2.186101451561693310e+01
2.203966434314954270e+01
2.260056408485267099e+01
2.288795275517896854e+01
2.306463800889203242e+01
2.376767240640138112e+01
2.391852086865371874e+01
2.428120371024972357e+01
2.480861274629671698e+01
2.518104705646304353e+01
2.553350856371046618e+01
2.573339365324082451e+01
2.641160243636029392e+01
2.646412221152732158e+01
2.657979558403557263e+01
2.672107705809784406e+01
2.690749810853002089e+01
2.711887517389370217e+01
2.756354362908320255e+01
2.770981196897510301e+01
2.782786785438461052e+01
2.783199112249559803e+01
2.784566300793519034e+01
2.809804940015171582e+01
2.826167643801106877e+01
2.859739176821001294e+01
2.882286413127266655e+01
2.896869352102378414e+01
2.934823816137593155e+01
2.951294519425091423e+01
2.961385239610505948e+01
