7.036730022235860815e+01
7.042695887494396345e+01
7.067140508346057004e+01
7.111593179822054367e+01
7.135792612968209880e+01
7.202485718820419436e+01
7.221025007441805599e+01
7.299005444561512945e+01
7.340549605285589507e+01
7.358201175440487418e+01
7.396930393126955039e+01
7.419721141084636429e+01
7.447284039744168638e+01
7.551630110438782140e+01
7.612230012349984065e+01
7.615472592479837033e+01
7.705927564302103860e+01
7.727065119828081663e+01
7.752240425006159796e+01
7.831283429369386795e+01
7.871783378847017332e+01
7.896682759198488100e+01
7.995759267226783606e+01
8.017018146528276645e+01
8.068130936491564853e+01
8.142459437767091401e+01
8.194947729834980521e+01
8.244621604651393909e+01
8.272792410207246405e+01
8.368376586707601916e+01
8.375778575280152438e+01
8.392081277421604568e+01
8.411993162346222164e+01
8.438266985973508838e+01
8.468058154484361921e+01
8.530729358300725096e+01
8.551344379024895659e+01
8.567983172397703129e+01
8.568564306142633313e+01
8.570491223031777395e+01
8.606062644644185866e+01
8.629124350406685551e+01
8.676440423204627450e+01
8.708218820932556525e+01
8.728772257862020467e+01
8.782266042180401655e+01
8.805480243378978855e+01
8.819702359104968536e+01
