7.954621338913809403e+00
7.956664560372392003e+00
7.962206900785255392e+00
7.963559725683979629e+00
7.961415625006588392e+00
7.953197497190907406e+00
7.951612406616383133e+00
7.953267685110745333e+00
7.959903016876978654e+00
7.963654484022317348e+00
7.973030038838246902e+00
7.978804215229489571e+00
7.985510428310104381e+00
8.001359503113043559e+00
8.001671006335486780e+00
8.001544006823518629e+00
7.996455164938973681e+00
7.995845891213329004e+00
7.995937199694370889e+00
8.003710994990017369e+00
8.011986432049019058e+00
8.018051605929800374e+00
8.042150848683318642e+00
8.045906196474971850e+00
8.051156340425388080e+00
8.048974363847824165e+00
8.042819679759462659e+00
8.036863366959352106e+00
8.034599196236316132e+00
8.038266322982321910e+00
8.039337170842630442e+00
8.042031312156762368e+00
8.045850412002621965e+00
8.051490624098013527e+00
8.058143167882008129e+00
8.069700897005503748e+00
8.071927503827810213e+00
8.072955957556908757e+00
8.072978764012994191e+00
8.073047942670724453e+00
8.072539570054441782e+00
8.070492811860031424e+00
8.063325554533957273e+00
8.058030586716720123e+00
8.055444382483512911e+00
8.057248386270382312e+00
8.064501429074946159e+00
8.071684153365280778e+00
