3.915812704563140869e+02
3.911072567555469846e+02
3.867510130463020346e+02
3.841277013012712018e+02
3.839770386906450881e+02
3.830082091557767399e+02
3.798101047151996568e+02
3.754187538253519278e+02
3.743577806726054860e+02
3.673957684887913047e+02
3.661711801448662982e+02
3.639889735674190092e+02
3.615594515651646361e+02
3.541299379539470920e+02
3.501771986334231315e+02
3.485793759164109815e+02
3.430810046078941014e+02
3.394625457464912301e+02
3.368906426011632789e+02
3.334658447538207611e+02
3.295012246541414811e+02
3.258850163815838528e+02
3.198175198238703274e+02
3.187257425794573464e+02
3.155267917104895332e+02
3.104740166814091253e+02
3.068778553629884414e+02
3.044899400263590792e+02
3.038677128098948970e+02
2.968710528681125993e+02
2.960296085882092143e+02
2.885229805354659334e+02
2.808739720134143454e+02
2.510399888227337328e+02
2.133705702236352124e+02
2.126639290802269784e+02
2.092100375911483638e+02
2.074612387518492085e+02
2.070768345757724660e+02
1.897224629409889758e+02
1.816196889345303020e+02
1.813660970068241340e+02
1.787764332028746423e+02
