5.539654645323753357e+01
5.517328354888831399e+01
5.321401251147961631e+01
5.226026927205290917e+01
5.221030049402740048e+01
5.189677208219357851e+01
5.088741609670253752e+01
4.933935132247909650e+01
4.891981708215319458e+01
4.572372253653708896e+01
4.508945507793634278e+01
4.391267576288721131e+01
4.253778415623031606e+01
3.796897115666706668e+01
3.534449486988639677e+01
3.424924649075148864e+01
3.033986532018808546e+01
2.765983773853326966e+01
2.571300652787368435e+01
2.308441687490471494e+01
2.003058685911938852e+01
1.729525645259797528e+01
1.304501428319306733e+01
1.235566851572479052e+01
1.052248025672008325e+01
8.301090922310917719e+00
7.247185388201859979e+00
6.759831823374362614e+00
6.656497687968315091e+00
5.972426196167505807e+00
5.931239428741545971e+00
5.737834417506670448e+00
5.662759607226366398e+00
5.508572707180816153e+00
5.892060197283862877e+00
5.900224274930224944e+00
5.939488849205723398e+00
5.958983291922879566e+00
5.963235630146781929e+00
6.145839127251093714e+00
6.224633048035255634e+00
6.226988240025943533e+00
6.250508328897663723e+00
