9.819992091949913515e+00
9.822030657212460270e+00
9.826850606147386813e+00
9.824704665359945466e+00
9.819921612764156649e+00
9.803754964993313337e+00
9.800103837703591836e+00
9.794994969539072116e+00
9.799377168489115775e+00
9.802390265828362814e+00
9.810409120366152536e+00
9.815437187730267965e+00
9.821161466098079273e+00
9.830772695599385713e+00
9.825048745136607309e+00
9.824556549017419371e+00
9.808537538389753507e+00
9.805404452999773923e+00
9.802632121716602143e+00
9.802863537763332857e+00
9.808134878809632085e+00
9.812545436381288511e+00
9.829863742695728490e+00
9.831804684591167742e+00
9.831777464829032809e+00
9.819547817194953510e+00
9.805158079292025874e+00
9.791327698136608859e+00
9.784837476568180037e+00
9.776727980892173875e+00
9.777066594159533608e+00
9.778225200809320228e+00
9.780290597752861359e+00
9.783755575165896445e+00
9.788001279339002991e+00
9.793928941706324665e+00
9.793935767262802017e+00
9.792992269344006573e+00
9.792943118930677926e+00
9.792772186721803607e+00
9.787409422891059307e+00
9.781806675518305738e+00
9.766616468042300880e+00
9.755781947123868036e+00
9.749785921672346589e+00
9.744598048839211657e+00
9.750266875993498061e+00
9.757097288461142881e+00
