2.747716092794616998e+02
2.747230219444127783e+02
2.745127559204580052e+02
2.740998892335481969e+02
2.738669070840111885e+02
2.732221260318120812e+02
2.730451594113702072e+02
2.723169956012732769e+02
2.719377905701203986e+02
2.717778172236891123e+02
2.714280670819928218e+02
2.712224376455779975e+02
2.709732029851858783e+02
2.700091515194474141e+02
2.694198571197663910e+02
2.693875014818960949e+02
2.684506017998104426e+02
2.682234278743082427e+02
2.679501251147282801e+02
2.670835459843726198e+02
2.666402924450395631e+02
2.663688533087043879e+02
2.652879787896186485e+02
2.650529192975417345e+02
2.644785268159754992e+02
2.636182809145063288e+02
2.629991582252519038e+02
2.624130619524782446e+02
2.620832830248618848e+02
2.609868343417440428e+02
2.609032628107390224e+02
2.607196551142355929e+02
2.604960294414049713e+02
2.602014504914530448e+02
2.598671825286548369e+02
2.591588331145408119e+02
2.589234519305830986e+02
2.587324614058547922e+02
2.587257741061575302e+02
2.587035923382313740e+02
2.582918815461707140e+02
2.580227628235454631e+02
2.574657892341902539e+02
2.570887917318644327e+02
2.568441274176654474e+02
2.562067907921783103e+02
2.559314460646326097e+02
2.557636812295718585e+02
