9.108963835120084696e+02
9.110530473441016284e+02
9.116950049005931760e+02
9.128624813129913491e+02
9.134980477417969951e+02
9.152496548729309325e+02
9.157365677003919018e+02
9.177846579218989973e+02
9.188757944507927959e+02
9.193394064453292458e+02
9.203566198387921986e+02
9.209552164034130328e+02
9.216791562597834400e+02
9.244198371770137328e+02
9.260115310372425483e+02
9.260966998203421099e+02
9.284725863609545513e+02
9.290277897971011498e+02
9.296890518286696761e+02
9.317652317227842786e+02
9.328290298627367747e+02
9.334830566893020887e+02
9.360855078509327996e+02
9.366439216254685789e+02
9.379865219908703011e+02
9.399389546875960377e+02
9.413177175820146658e+02
9.426225591337416745e+02
9.433625442557124643e+02
9.458730761082206300e+02
9.460674620928456307e+02
9.464955727248305948e+02
9.470184204671396628e+02
9.477082448048633978e+02
9.484903014475406735e+02
9.501350305242189052e+02
9.506758855452422949e+02
9.511123547137386822e+02
9.511275979202519011e+02
9.511781406267355123e+02
9.521110169734596411e+02
9.527156552923834170e+02
9.539557844533827620e+02
9.547883768729079748e+02
9.553267544295905509e+02
9.567274875091513877e+02
9.573350363449201268e+02
9.577070920628764270e+02
