3.023867874220013618e+02
3.024900454828391503e+02
3.034731484712912675e+02
3.040484704456125087e+02
3.040796034231386784e+02
3.042731267385103706e+02
3.048208032055197236e+02
3.053615155190690871e+02
3.054632828048890474e+02
3.059510076724976670e+02
3.060137846243947024e+02
3.061141259161302060e+02
3.062116153110284245e+02
3.064445158671435365e+02
3.065381134754302366e+02
3.065703994688724379e+02
3.066547910091011317e+02
3.066853820939247726e+02
3.066943259483862221e+02
3.066899306460499020e+02
3.066630967591037802e+02
3.066203628272587594e+02
3.065130211619452894e+02
3.064888141362476972e+02
3.064078589309780227e+02
3.062428444102499725e+02
3.060919908794946878e+02
3.059755656905356886e+02
3.059431634128268911e+02
3.055278372825979432e+02
3.054725799548778014e+02
3.049457735033516883e+02
3.043696940026615039e+02
3.019976470607983288e+02
2.988981185003323731e+02
2.988420159234082689e+02
2.985704528091590646e+02
2.984347423991723645e+02
2.984050816536156958e+02
2.971368578599748389e+02
2.965939545185491397e+02
2.965774455419851847e+02
2.964104391521603361e+02
