1.948352434813903145e+01
1.948882751980269745e+01
1.950359162695070125e+01
1.950898029377749410e+01
1.950484809412157361e+01
1.948795135718942362e+01
1.948504030294247968e+01
1.949371642449576214e+01
1.951284801048506168e+01
1.952335399407941097e+01
1.954940237482582077e+01
1.956548025053646356e+01
1.958435669820578440e+01
1.963335823128447544e+01
1.964051172480515106e+01
1.964054976209107295e+01
1.963806801785577605e+01
1.963897518977767831e+01
1.964209290868593172e+01
1.967052519058202975e+01
1.969582497865234672e+01
1.971385938614593414e+01
1.978624959343054002e+01
1.979846703473286595e+01
1.981879481334732773e+01
1.982478248354196992e+01
1.981799139982293667e+01
1.981142067970096932e+01
1.981049235527469676e+01
1.983551123426454765e+01
1.983940083282683275e+01
1.984880302120976481e+01
1.986160679304229504e+01
1.988001752290226776e+01
1.990158560906291640e+01
1.994120604892172466e+01
1.995044199904271665e+01
1.995603385743258329e+01
1.995619734751101504e+01
1.995672380865507023e+01
1.996210560023488867e+01
1.996141973521909208e+01
1.995278877273548801e+01
1.994582099765147376e+01
1.994335899618270247e+01
1.995777051773595900e+01
1.997981131497338581e+01
1.999999930011148308e+01
