9.451703954067215818e+01
9.446455723132167748e+01
9.421821413280115110e+01
9.368605731172304729e+01
9.337429991629696246e+01
9.251019971671348685e+01
9.227665932762297984e+01
9.133989145125599407e+01
9.086638661128699823e+01
9.066909968267457032e+01
9.024201085026197688e+01
8.999305217992515793e+01
8.969253631302457563e+01
8.851690690033299802e+01
8.775947497109420681e+01
8.771664989870626528e+01
8.642340256237366702e+01
8.609754692929148234e+01
8.570189051799484048e+01
8.444028398688325865e+01
8.380023914571374632e+01
8.341111870049731181e+01
8.186224455189783100e+01
8.151931381833138346e+01
8.066329537816238826e+01
7.933410525354418041e+01
7.835774733179663087e+01
7.743644309407027038e+01
7.692498749368451172e+01
7.528325597561000393e+01
7.516197811405884011e+01
7.489713597402224821e+01
7.457714010915971414e+01
7.415878290597800060e+01
7.368636630538699706e+01
7.268281305582524965e+01
7.234622410813624072e+01
7.207146138247136946e+01
7.206181225567110005e+01
7.202979187067076339e+01
7.143140715500402393e+01
7.103609774181367698e+01
7.020860280627037753e+01
6.964323716682422116e+01
6.927530121541346375e+01
6.832077430304732957e+01
6.791462007512885179e+01
6.767064010904766747e+01
