7.712237701280682813e+02
7.713566017407779327e+02
7.719009086982611052e+02
7.728908064409972667e+02
7.734297006523338496e+02
7.749148772161282750e+02
7.753277271195759113e+02
7.770642904426832729e+02
7.779894594612994752e+02
7.783825535544335708e+02
7.792450427601177125e+02
7.797525889694992429e+02
7.803664129001449510e+02
7.826902216269105566e+02
7.840398122968275629e+02
7.841120265418072677e+02
7.861265288651287619e+02
7.865972828944486537e+02
7.871579636324804596e+02
7.889183484613969313e+02
7.898203396841154245e+02
7.903748869899079637e+02
7.925814964989250484e+02
7.930549740102843543e+02
7.941933618852250447e+02
7.958488205536741589e+02
7.970178586668237131e+02
7.981242224938380332e+02
7.987516618482940203e+02
8.008805853829977650e+02
8.010454481666042739e+02
8.014085545576500635e+02
8.018520477771721744e+02
8.024372402441315444e+02
8.031007764593277898e+02
8.044966581710754099e+02
8.049558214446020656e+02
8.053264220120429400e+02
8.053393657797462311e+02
8.053822845859639301e+02
8.061745786334610102e+02
8.066882397619438052e+02
8.077421113158269463e+02
8.084498575963575604e+02
8.089075412383427874e+02
8.100980377452092398e+02
8.106139938317367069e+02
8.109297315066980900e+02
