2.009199275754680514e+01
2.009574616947954695e+01
2.010390147374873848e+01
2.009643551269403616e+01
2.008499750288707375e+01
2.004749393569105820e+01
2.003883628376505399e+01
2.002366972068049833e+01
2.003035113156189695e+01
2.003560107445550997e+01
2.005012770320501048e+01
2.005939546979777788e+01
2.006996460800409210e+01
2.008625690413422049e+01
2.007330948087992084e+01
2.007225149154511001e+01
2.003867602182449303e+01
2.003225055324201520e+01
2.002664458646225043e+01
2.002791658687660004e+01
2.003945409874487282e+01
2.004905437372961785e+01
2.008761404552732799e+01
2.009242308495585760e+01
2.009460811946792091e+01
2.007337189160937285e+01
2.004693893467113597e+01
2.002171368776641103e+01
2.001026506612545219e+01
2.000031554143824764e+01
2.000154922608243524e+01
2.000512413010956791e+01
2.001084539964546138e+01
2.001994922658553477e+01
2.003097726021662339e+01
2.004823259239818611e+01
2.004999400107668350e+01
2.004949620300402202e+01
2.004944603582762852e+01
2.004926357969697293e+01
2.004142702670935705e+01
2.003204487006457768e+01
2.000535125964776384e+01
1.998621318385260892e+01
1.997593855456267420e+01
1.997062679665804197e+01
1.998457320632230605e+01
1.999999927974788250e+01
