1.013948801904916763e+01
1.018751859316152597e+01
1.065065194900192047e+01
1.093268137625546466e+01
1.094844196023813154e+01
1.104806630580691262e+01
1.135221608695880136e+01
1.171079939421138150e+01
1.178937781541423746e+01
1.225719546132717852e+01
1.233385525036109165e+01
1.246812190346945393e+01
1.261518964642196039e+01
1.305981317607812464e+01
1.329768051535670459e+01
1.339443530202841259e+01
1.372965218641243723e+01
1.395143969083069813e+01
1.410936800345010411e+01
1.432013534365474250e+01
1.456558330998602813e+01
1.479212965738061314e+01
1.518122305933546201e+01
1.525252220421134197e+01
1.546299453783074362e+01
1.579492035891465029e+01
1.602413928933960463e+01
1.617045309519429352e+01
1.620766438499999396e+01
1.659824252390849253e+01
1.664185576949765633e+01
1.700400314089610276e+01
1.733456912247754644e+01
1.844295151834905155e+01
1.960355453341333387e+01
1.962280767177936269e+01
1.971561304176998064e+01
1.976178930571965964e+01
1.977186681557058989e+01
2.020074958778725360e+01
2.038459590718863979e+01
2.039019260566671576e+01
2.044681703098827086e+01
