4.112566021194322907e+00
4.117110882208024236e+00
4.151891319977964123e+00
4.164146206505943582e+00
4.164625879187054736e+00
4.167166421584172831e+00
4.169954440360625902e+00
4.165147250784684729e+00
4.163200806682880284e+00
4.147908031794779404e+00
4.145125800594169796e+00
4.140286769635913799e+00
4.135175612854728122e+00
4.122164551596866566e+00
4.117044176200412409e+00
4.115292335002637358e+00
4.110169348733369254e+00
4.106971931766034700e+00
4.104428177252572141e+00
4.100326645923425772e+00
4.094125850499638730e+00
4.086838543550168623e+00
4.071283112369807000e+00
4.068172296088785167e+00
4.058958366747243751e+00
4.045921076198654376e+00
4.039524477421668536e+00
4.037138974730324570e+00
4.036780529884371305e+00
4.040011921008824558e+00
4.041219012254257947e+00
4.057852126601665610e+00
4.082047367345039035e+00
4.177796920749467624e+00
4.215292070191236640e+00
4.215701714454108462e+00
4.217968558599339168e+00
4.219318418578730245e+00
4.219636178982368868e+00
4.244975072845451614e+00
4.266194285185833657e+00
4.266968323977376798e+00
4.275263492345438010e+00
