8.859578172519832151e+01
8.869711539730131733e+01
8.911232243098089612e+01
8.986738172660032831e+01
9.027842707899691277e+01
9.141126308483035245e+01
9.172616886351903531e+01
9.305073886836119357e+01
9.375640821865853525e+01
9.405623853953234459e+01
9.471409598601080404e+01
9.510122219615169570e+01
9.556940950674021451e+01
9.734185463426393881e+01
9.837122332082628873e+01
9.842630289774247387e+01
9.996280620095249958e+01
1.003218580574815917e+02
1.007494974528937632e+02
1.020921622131902495e+02
1.027801170439125826e+02
1.032030725131866262e+02
1.048860487068010912e+02
1.052471663690277097e+02
1.061154039128946778e+02
1.073780026069867120e+02
1.082696092862540240e+02
1.091134094171687394e+02
1.095919417681661798e+02
1.112156154068416498e+02
1.113413519963845744e+02
1.116182838870385865e+02
1.119565246272659493e+02
1.124028350443853697e+02
1.129088944671338055e+02
1.139734844379881054e+02
1.143236701316840254e+02
1.146063120465527163e+02
1.146161837222408337e+02
1.146489161167782243e+02
1.152531653656535582e+02
1.156449130774010854e+02
1.164486684474884015e+02
1.169884864363863954e+02
1.173376266775241561e+02
1.182463232209986188e+02
1.186406618710353911e+02
1.188822523448180419e+02
