1.128450706601142883e+00
1.130072213742539633e+00
1.145349221204234436e+00
1.151298001897519629e+00
1.151544012354059010e+00
1.152928964808437762e+00
1.156101191437707065e+00
1.160830103402421987e+00
1.162407117970204462e+00
1.177944555694445894e+00
1.181554014570491917e+00
1.188544944036794782e+00
1.197075917550103785e+00
1.226708050753803292e+00
1.243696133737449028e+00
1.250636807912239634e+00
1.274330501744085575e+00
1.289450434615066809e+00
1.299852901026034013e+00
1.313171705709529125e+00
1.327695850537676137e+00
1.339934836158040321e+00
1.357735060541597649e+00
1.360517899596906055e+00
1.367896894990082934e+00
1.377478430557375511e+00
1.383359797580231643e+00
1.387185192063088657e+00
1.388197901443404270e+00
1.400812260708183432e+00
1.402528497809618413e+00
1.419920948270150474e+00
1.440985981637678881e+00
1.536873596924813734e+00
1.650767572439940878e+00
1.652666828412010513e+00
1.661788624268930814e+00
1.666302171077335803e+00
1.667284589067282496e+00
1.707768364387463045e+00
1.724002096353790536e+00
1.724483309467932379e+00
1.729307155638525773e+00
