1.818842412898289407e+00
1.818767840675375114e+00
1.818800088418361049e+00
1.818851904044103129e+00
1.818794535794255651e+00
1.818826343006933355e+00
1.818893338964981732e+00
1.818845808458723790e+00
1.818870648985612570e+00
1.818956251541341995e+00
1.818921836039971263e+00
1.818943737719425968e+00
1.819047048680730638e+00
1.819025438131595118e+00
1.819050591013703810e+00
1.819171741576652401e+00
1.819151156184353413e+00
1.819195722709864516e+00
1.819324337982673789e+00
1.819229219077210136e+00
1.820551627613082868e+00
