6.607787265272600052e+01
6.607374344347167039e+01
6.605718971478090396e+01
6.602956609977641733e+01
6.601636145678894252e+01
6.598781031824428567e+01
6.598190429260363032e+01
6.596532406821600603e+01
6.596108781035557911e+01
6.596018235595082047e+01
6.596026503629546767e+01
6.596187931041954755e+01
6.596576905996671769e+01
6.600875040524311999e+01
6.606198600750560956e+01
6.606551143854821362e+01
6.619077753017026566e+01
6.622677714715008790e+01
6.627233363031713509e+01
6.642971353720294303e+01
6.651641055545903214e+01
6.657137718239866331e+01
6.680501848312252378e+01
6.685915833412643394e+01
6.699659168210851590e+01
6.721520938523572397e+01
6.738064082128551036e+01
6.754208396160940708e+01
6.763449815234370988e+01
6.794678177672253128e+01
6.797079465949857990e+01
6.802363652189264087e+01
6.808816357752664317e+01
6.817349659975054976e+01
6.827091773828766463e+01
6.848034431737798400e+01
6.855106017019545561e+01
6.860889453241057367e+01
6.861092696451541428e+01
6.861767213306639235e+01
6.874384367199441215e+01
6.882724411354980987e+01
6.900164046058715428e+01
6.912053316554744242e+01
6.919784252327902152e+01
6.939926710612873251e+01
6.948633032937618736e+01
6.953947884090200660e+01
