1.186147986911237240e+00
1.187769052358366384e+00
1.203217033687896009e+00
1.209229787497614561e+00
1.209477505707038381e+00
1.210870792831700182e+00
1.214082127935396604e+00
1.219041338635010741e+00
1.220715255283688627e+00
1.237260981051180320e+00
1.241105081974735347e+00
1.248547902962554579e+00
1.257625548212078392e+00
1.289120825595786668e+00
1.307157823266608121e+00
1.314524347502894042e+00
1.339666562619827861e+00
1.355713049384243973e+00
1.366757756860052631e+00
1.380908970573850203e+00
1.396361094965762328e+00
1.409407621611878714e+00
1.428456891183732536e+00
1.431447957272458327e+00
1.439405955292788475e+00
1.449815668252951051e+00
1.456241445594328665e+00
1.460418417522585388e+00
1.461522175384608380e+00
1.475160540707186163e+00
1.477000379499799676e+00
1.495485718263033670e+00
1.517595952468043352e+00
1.615927145033110301e+00
1.730085665643407600e+00
1.731983618213146059e+00
1.741099505135088377e+00
1.745610418472985481e+00
1.746592293357622117e+00
1.787068806281477906e+00
1.803315385793682335e+00
1.803797257387336206e+00
1.808628879222852870e+00
