3.203944590091705322e+02
3.199430718865116887e+02
3.158344949581274363e+02
3.133912708388449460e+02
3.132523897237371102e+02
3.123643819125822461e+02
3.095055764809595189e+02
3.057641843981636498e+02
3.048878005585767141e+02
2.993327036489046691e+02
2.983836860720981576e+02
2.967092628677915513e+02
2.948681231361400137e+02
2.893737303825711820e+02
2.865327604332038050e+02
2.854014388138932645e+02
2.815880613311243792e+02
2.791476314809098653e+02
2.774458367207544143e+02
2.752196848995207006e+02
2.726951650403384519e+02
2.704374238281113776e+02
2.667422575619941085e+02
2.660906074637259167e+02
2.642084464801464492e+02
2.613345681325759529e+02
2.593779631423010414e+02
2.581233862995774757e+02
2.578023888071700753e+02
2.543540951422884291e+02
2.539581514042265837e+02
2.505816731298250204e+02
2.473934005373364187e+02
2.367655175924412845e+02
2.258083841084036578e+02
2.256216168144375445e+02
2.247192918660295788e+02
2.242691866961204710e+02
2.241708652717280756e+02
2.199654729592889453e+02
2.181516428297883010e+02
2.180962586727202392e+02
2.175351292883044039e+02
