1.187101789780984573e+00
1.189094621514451555e+00
1.199989543458709784e+00
1.201273326132990205e+00
1.201269465568706174e+00
1.201114248016846853e+00
1.199813237215685335e+00
1.198435466499925495e+00
1.198356705431751212e+00
1.200649194104560058e+00
1.201528972241673099e+00
1.203411862584259806e+00
1.205943379876248223e+00
1.215884935980719561e+00
1.221949452616660992e+00
1.224424964664477589e+00
1.232527044047417419e+00
1.237135352877669181e+00
1.239926040315834532e+00
1.242968869218500361e+00
1.245595648307333159e+00
1.247354892082144673e+00
1.249913938115291279e+00
1.250462255325530903e+00
1.252503388041860788e+00
1.257771623687887530e+00
1.263485676735623953e+00
1.268205296580955599e+00
1.269548130332323943e+00
1.287261277782679958e+00
1.289647774404856007e+00
1.312376817236171389e+00
1.336881354221462148e+00
1.426350571024997294e+00
1.501840202691479442e+00
1.502971522870509835e+00
1.508445412567060329e+00
1.511189561453959662e+00
1.511790924365869815e+00
1.538950401766407738e+00
1.552095519821829139e+00
1.552514832385142984e+00
1.556826668828126481e+00
