8.023158788328837545e+02
8.018703357477917280e+02
7.999592898970876149e+02
7.962509185146438995e+02
7.941686841033196060e+02
7.884014183625790793e+02
7.868120092096360167e+02
7.802250182301863788e+02
7.767634827089232203e+02
7.752974152561356505e+02
7.720821296962893712e+02
7.701864985045380081e+02
7.678850536167009295e+02
7.589689169697312536e+02
7.535277495799483631e+02
7.532294018951755561e+02
7.446045779777185771e+02
7.425149550001434591e+02
7.399998639908093310e+02
7.320007696008320863e+02
7.278848153304132893e+02
7.253534968511606849e+02
7.151863357248619195e+02
7.129579477880364493e+02
7.074904367814652915e+02
6.992467533746583968e+02
6.932693954988016003e+02
6.875699131411920462e+02
6.843429725418118323e+02
6.734978034614400713e+02
6.726635104050925520e+02
6.708266610866777455e+02
6.685821846071041819e+02
6.656132141768750898e+02
6.622268068370395895e+02
6.549855853624895872e+02
6.525583445653893477e+02
6.505806566468201027e+02
6.505112743556614987e+02
6.502810669046289149e+02
6.459893908220612957e+02
6.431644052054514304e+02
6.372677940666482073e+02
6.332388483413043332e+02
6.306082374082969864e+02
6.236975605477399540e+02
6.206851459087143894e+02
6.188410468509493967e+02
