1.216493454196138480e+01
1.216901341609100484e+01
1.218136337071445574e+01
1.219037005593511047e+01
1.219083662350628927e+01
1.218861442953886431e+01
1.218909883843346975e+01
1.220417238535881310e+01
1.222126257565872010e+01
1.223001150717962204e+01
1.225108911881159557e+01
1.226396817794485372e+01
1.227919781835952406e+01
1.232290934663917525e+01
1.233503186696409770e+01
1.233546556621997681e+01
1.234534242201653598e+01
1.234857246097879369e+01
1.235368657861038955e+01
1.238134482777001821e+01
1.240219497338535781e+01
1.241655632218482275e+01
1.247407304878344547e+01
1.248434436694728156e+01
1.250339763951547312e+01
1.251641020286501771e+01
1.251873678547385360e+01
1.252085893329047650e+01
1.252381197677000735e+01
1.255141954341991273e+01
1.255477579276659483e+01
1.256268903344027521e+01
1.257317747647534212e+01
1.258796203539175984e+01
1.260515607829799123e+01
1.263772802391669359e+01
1.264606948922440388e+01
1.265163827797014662e+01
1.265181289934931286e+01
1.265238213695157476e+01
1.266018071938387735e+01
1.266262772925582958e+01
1.266313050295095977e+01
1.266272915569592072e+01
1.266374158751021284e+01
1.267935279909685242e+01
1.269597116016911365e+01
1.271032133823291410e+01
