2.245761385776405206e+01
2.245535249100693065e+01
2.243768944817539079e+01
2.237954259996788409e+01
2.233919270423308490e+01
2.222033040784981139e+01
2.218912828441347784e+01
2.208152631782927955e+01
2.204073106071081156e+01
2.202608934892825232e+01
2.199725755777114600e+01
2.198100618160767894e+01
2.196048969958662411e+01
2.185369141541680094e+01
2.176376089477884435e+01
2.175846784591393046e+01
2.160305275998059926e+01
2.156741815695184528e+01
2.152682855638412462e+01
2.141759123201065051e+01
2.137223669738488141e+01
2.134668237982670647e+01
2.124214348911433703e+01
2.121519522889909126e+01
2.113901191069220786e+01
2.099863643592666307e+01
2.088507399707252077e+01
2.077611641961409106e+01
2.071698538341411577e+01
2.054581476915497262e+01
2.053461576507537245e+01
2.051081338537196430e+01
2.048307433929737087e+01
2.044789425287734730e+01
2.040833560356821152e+01
2.031671875682099682e+01
2.028162842179486702e+01
2.025093023512544477e+01
2.024981754884074192e+01
2.024610820252998877e+01
2.017209232046501555e+01
2.011871148707174584e+01
1.999927839868507462e+01
1.991640882764711407e+01
1.986456370435581320e+01
1.975123826673239336e+01
1.971912229692917151e+01
1.970679772773770466e+01
