9.109043369954934022e+00
9.109715613128944511e+00
9.104779531804496173e+00
9.093754571241595031e+00
9.093022440612445578e+00
9.088211042604603662e+00
9.072813130168066564e+00
9.057843264089445512e+00
9.055646392322307392e+00
9.055252296235522635e+00
9.057615111886205383e+00
9.063542497085318672e+00
9.072643410132727126e+00
9.115167604480499008e+00
9.144884153484392542e+00
9.157754374412927945e+00
9.203017521399287304e+00
9.231147015935047051e+00
9.249130726577703854e+00
9.269505087086466588e+00
9.287103666385432277e+00
9.297257242189884252e+00
9.303150916117710167e+00
9.303125380700944191e+00
9.302231266139436627e+00
9.302210478283125639e+00
9.306698673828458723e+00
9.312717499400104515e+00
9.314712366665364840e+00
9.348515338023945631e+00
9.353808250021813819e+00
9.408790125070773058e+00
9.472145808119810440e+00
9.660163865640223335e+00
9.653300729378717193e+00
9.652587200026486514e+00
9.649841517111466871e+00
9.649001995191822445e+00
9.648873684891917435e+00
9.671230798753759572e+00
9.705006328313624309e+00
9.706331723575917891e+00
9.720814876967599716e+00
