1.165003053952706978e+03
1.165203847806853446e+03
1.166026645612622815e+03
1.167523018440443366e+03
1.168337634431775086e+03
1.170582690801621766e+03
1.171206772091990842e+03
1.173831833718930511e+03
1.175230357574583877e+03
1.175824574811773573e+03
1.177128348792238967e+03
1.177895576206052965e+03
1.178823457116242935e+03
1.182336218181022105e+03
1.184376312112443429e+03
1.184485473971147258e+03
1.187530673086686647e+03
1.188242282652826816e+03
1.189089828667547863e+03
1.191750891453214081e+03
1.193114374464367984e+03
1.193952648476886679e+03
1.197288239500769578e+03
1.198003964996842797e+03
1.199724792165814051e+03
1.202227240724095282e+03
1.203994399001532429e+03
1.205666816695966190e+03
1.206615275517259079e+03
1.209833426649969851e+03
1.210082638438871300e+03
1.210631521389290356e+03
1.211301919354923257e+03
1.212186513910708982e+03
1.213189534893757809e+03
1.215299590310489293e+03
1.215993674729472559e+03
1.216553885141935780e+03
1.216573451314181966e+03
1.216638328599492297e+03
1.217835982701379862e+03
1.218612447332855709e+03
1.220205510501552908e+03
1.221275364203862864e+03
1.221967218272560103e+03
1.223766852231980010e+03
1.224546828245555616e+03
1.225024142302447444e+03
