3.667828739961207063e+00
3.670525738449867958e+00
3.680123027612645537e+00
3.693134033604286159e+00
3.698776383260042433e+00
3.713292618026286185e+00
3.717715351611475594e+00
3.740579296859902314e+00
3.755616886510585228e+00
3.762449976013952480e+00
3.777949418285055039e+00
3.787152490378889791e+00
3.798099315562610379e+00
3.834500575121990273e+00
3.851188844955760526e+00
3.852011302153045325e+00
3.873998456296920967e+00
3.879263177643861304e+00
3.885762525682512347e+00
3.907705971038211157e+00
3.919065091033183901e+00
3.925598607829830389e+00
3.942673073839099818e+00
3.943554751119567658e+00
3.940687186997025471e+00
3.924348788930327459e+00
3.906174940528695405e+00
3.886360355063446459e+00
3.874770160224089821e+00
3.836530690649997410e+00
3.833627533221719563e+00
3.827190276320168838e+00
3.819156434284018964e+00
3.808006129750067359e+00
3.794096965226961604e+00
3.757392677016042626e+00
3.742272167575058095e+00
3.728736019123995327e+00
3.728240616356755410e+00
3.726586795526638074e+00
3.692874054636234415e+00
3.667693083911581553e+00
3.607951553069122852e+00
3.562340727818560371e+00
3.530947447895661728e+00
3.444957035727211458e+00
3.407093928153477336e+00
3.384170882280857384e+00
