1.052214413646812318e+03
1.052331193699786127e+03
1.052816000523125012e+03
1.053716039177367293e+03
1.054211873877126664e+03
1.055585711989027232e+03
1.055967886754388019e+03
1.057573073975939906e+03
1.058427475779156111e+03
1.058790704368011347e+03
1.059588779779939159e+03
1.060059517767924945e+03
1.060630360398325593e+03
1.062815081054150369e+03
1.064108330688842898e+03
1.064178133312027512e+03
1.066149805740559941e+03
1.066616608939718617e+03
1.067174864604509366e+03
1.068937966754793251e+03
1.069844111716942507e+03
1.070401500349966682e+03
1.072623163429155966e+03
1.073101605265399940e+03
1.074256144385881271e+03
1.075946478861967535e+03
1.077146060556237671e+03
1.078282582293473070e+03
1.078926641644341998e+03
1.081105845382384359e+03
1.081274223073253097e+03
1.081644944160251953e+03
1.082097568817414640e+03
1.082694695767441772e+03
1.083371881354709330e+03
1.084798056850383546e+03
1.085267858317735545e+03
1.085647315488098229e+03
1.085660572958768853e+03
1.085704534039458849e+03
1.086516636512485775e+03
1.087043686426529575e+03
1.088126215533218328e+03
1.088853988334051564e+03
1.089324915547298588e+03
1.090550825430050509e+03
1.091082542548719402e+03
1.091408054290897326e+03
