2.342211701501193843e+00
2.347253090173392565e+00
2.392184073313338377e+00
2.416312906682734685e+00
2.417595402137485916e+00
2.425555983479904754e+00
2.448522684428299012e+00
2.473951961765356256e+00
2.479430855866124439e+00
2.512619203476982310e+00
2.518269270955723727e+00
2.528374089633148358e+00
2.539774488744430236e+00
2.576357849099011332e+00
2.596950190874086850e+00
2.605429600306068405e+00
2.634729413265021858e+00
2.653560197037799107e+00
2.666451262279639245e+00
2.682767077690429325e+00
2.700278016415630589e+00
2.714956190091746713e+00
2.737314915127032400e+00
2.741133345515823105e+00
2.752184841232135692e+00
2.769893940174153801e+00
2.783196929592098190e+00
2.792458786179830899e+00
2.794928688881281431e+00
2.824056551419701577e+00
2.827689993281271796e+00
2.860663359226816027e+00
2.894153719399428226e+00
3.000584465083607544e+00
3.058476670590736468e+00
3.059256298343212777e+00
3.063179371522520622e+00
3.065258567306485826e+00
3.065725730156710238e+00
3.092524414293207347e+00
3.110089488140959091e+00
3.110699203252978773e+00
3.117139072376459819e+00
