1.471486165378476541e+00
1.450854312117761058e+00
1.324771000859191528e+00
1.297713416642102713e+00
1.297007339614032029e+00
1.294162766875632808e+00
1.299202411790207679e+00
1.321172631868515968e+00
1.327150294132120045e+00
1.365135065320183028e+00
1.371391391398198545e+00
1.382264665715986052e+00
1.394071570167592311e+00
1.430028381977169971e+00
1.450208736085141448e+00
1.458710487887886265e+00
1.489437862799611656e+00
1.510457905132468692e+00
1.525393925075480883e+00
1.544763397354813828e+00
1.565688120041919262e+00
1.582693433370566449e+00
1.605661017302860039e+00
1.609039001797557544e+00
1.617825774770883740e+00
1.629757786993486723e+00
1.638559909458735753e+00
1.645273174124768145e+00
1.647178076979960437e+00
1.673791923708580320e+00
1.677643634857517885e+00
1.717265841028802420e+00
1.764432843242117022e+00
1.933819100828460869e+00
1.979377850576970577e+00
1.979376224248943883e+00
1.979660830052938136e+00
1.980055314661187227e+00
1.980169981647497801e+00
2.001940852497052781e+00
2.027454620318671186e+00
2.028441799127005840e+00
2.039204400488385804e+00
