2.800235087691921976e+00
2.800612010704387700e+00
2.801173220136456532e+00
2.801784264000796387e+00
2.802246694226943724e+00
2.802865732750424943e+00
2.803557905635942316e+00
2.804092236207921918e+00
2.804756004141033543e+00
2.805530717669258323e+00
2.806137262980330505e+00
2.806846318439985222e+00
2.807695574092068824e+00
2.808366214509119718e+00
2.809121362320760706e+00
2.810035486614525624e+00
2.810740989153755365e+00
2.811554731705069088e+00
2.812504003589619828e+00
2.813112795020147328e+00
2.815906265690081955e+00
