1.947784546869210232e+01
1.948316728568067902e+01
1.949800243633043451e+01
1.950349845215519196e+01
1.949941336012848581e+01
1.948261112761633029e+01
1.947971903979383868e+01
1.948845795523926583e+01
1.950762310228334684e+01
1.951814570683534455e+01
1.954423853429807068e+01
1.956034897015725704e+01
1.957927218285092508e+01
1.962852794274772705e+01
1.963587446696822880e+01
1.963592338347901745e+01
1.963374819993149245e+01
1.963472402385378857e+01
1.963792015617639919e+01
1.966656904140403128e+01
1.969196241818897164e+01
1.971004983990562209e+01
1.978263991662802113e+01
1.979490279015042020e+01
1.981535105057942658e+01
1.982155219804013768e+01
1.981494170533978760e+01
1.980856187062261142e+01
1.980774870636826179e+01
1.983318294067035481e+01
1.983710584105591224e+01
1.984658184499562594e+01
1.985947664821549452e+01
1.987800904393376200e+01
1.989971750048647436e+01
1.993964389618826516e+01
1.994898431180522635e+01
1.995466202688440305e+01
1.995482854098873915e+01
1.995536504146521040e+01
1.996093552935441551e+01
1.996037525168875248e+01
1.995200825707037495e+01
1.994522024947877270e+01
1.994287423574421680e+01
1.995757953956929143e+01
1.997974073757475821e+01
1.999999930060308984e+01
