2.333473740191911929e+02
2.333231629084274346e+02
2.332090286255971421e+02
2.329560032999068824e+02
2.328023112033453401e+02
2.323505790945671663e+02
2.322212872086452649e+02
2.316696455155495755e+02
2.313705270392452462e+02
2.312418547094105747e+02
2.309550113354871144e+02
2.307825158023140375e+02
2.305691880057921139e+02
2.296923681426376049e+02
2.291127681130591611e+02
2.290800408921253961e+02
2.280992477484175822e+02
2.278536830261844273e+02
2.275553373911591848e+02
2.265938235814414838e+02
2.260954771254731099e+02
2.257886083943800486e+02
2.245548465479201354e+02
2.242840531061073364e+02
2.236188301249613914e+02
2.226149830639255072e+02
2.218890966039921864e+02
2.212011773067671072e+02
2.208143464230936388e+02
2.195322756393380246e+02
2.194348783805292555e+02
2.192210531095194881e+02
2.189608933502601076e+02
2.186185633594876947e+02
2.182304640115060579e+02
2.174083030910104810e+02
2.171349352849091474e+02
2.169130038518703145e+02
2.169052310702053887e+02
2.168794476685685595e+02
2.164005823122535901e+02
2.160872597788112728e+02
2.154381875661808010e+02
2.149985863978550356e+02
2.147132780678561517e+02
2.139703429199010998e+02
2.136495780466045744e+02
2.134541983747626830e+02
