4.183847248554229736e+00
4.065068752056467893e+00
3.463685013096547305e+00
3.404950352467926766e+00
3.405617765275636533e+00
3.416836189842959115e+00
3.503888320788079991e+00
3.656498438961675035e+00
3.692795035443762419e+00
3.914324122167492703e+00
3.950874904209944916e+00
4.014892388630697084e+00
4.084996870542097369e+00
4.296872240387803465e+00
4.410213311803733660e+00
4.456317647350577893e+00
4.616086006660482965e+00
4.721844748661571778e+00
4.797178050926483195e+00
4.897729308494558786e+00
5.014796930749928272e+00
5.122777906707074891e+00
5.308061529715819127e+00
5.341999300682290119e+00
5.442178952840603046e+00
5.600188455132256493e+00
5.709333990862962338e+00
5.779042770022938313e+00
5.796782354423441141e+00
5.983749401696757175e+00
6.004788235039026034e+00
6.182252812758759042e+00
6.351554543729334590e+00
7.008718813854349250e+00
7.794709135784300358e+00
7.807885292841445057e+00
7.871406834345715531e+00
7.903018282754149304e+00
7.909917687216267090e+00
8.203525404256303943e+00
8.328946851202379875e+00
8.332754023205136917e+00
8.371224369282986189e+00
