1.947784245655889279e+01
1.948316425662052964e+01
1.949799936604967954e+01
1.950349539611755745e+01
1.949941034323348177e+01
1.948260825612825542e+01
1.947971620575932405e+01
1.948845520952858834e+01
1.950762034916991539e+01
1.951814294037870567e+01
1.954423572316562385e+01
1.956034612677435902e+01
1.957926929930037474e+01
1.962852496771766297e+01
1.963587151920234675e+01
1.963592043886870897e+01
1.963374538431243721e+01
1.963472124134067087e+01
1.963791740928597918e+01
1.966656635246549456e+01
1.969195971774871268e+01
1.971004711904203432e+01
1.978263706100702990e+01
1.979489990690437295e+01
1.981534812484667540e+01
1.982154930169066631e+01
1.981493889920496088e+01
1.980855918525044501e+01
1.980774609437308698e+01
1.983318051879459887e+01
1.983710342660635817e+01
1.984657944216887770e+01
1.985947425058147076e+01
1.987800663838033799e+01
1.989971506812204538e+01
1.993964137480972454e+01
1.994898176404316459e+01
1.995465946403628976e+01
1.995482597775025368e+01
1.995536247700753663e+01
1.996093296847748988e+01
1.996037272853725852e+01
1.995200593888085194e+01
1.994521819508591420e+01
1.994287241811013445e+01
1.995757862551406703e+01
1.997974036094573691e+01
1.999999930060249653e+01
