1.373114864612194651e+03
1.373351560408971409e+03
1.374321485435584918e+03
1.376085449499626748e+03
1.377045741968058792e+03
1.379692272536120981e+03
1.380427954978662001e+03
1.383522444313525057e+03
1.385171060457481417e+03
1.385871538961931492e+03
1.387408460640555404e+03
1.388312887483009490e+03
1.389406696730220119e+03
1.393547630584364470e+03
1.395952546961038706e+03
1.396081229789711642e+03
1.399670987974192485e+03
1.400509851467029875e+03
1.401508960598225713e+03
1.404645892139984880e+03
1.406253202328401130e+03
1.407241381799455212e+03
1.411173462711243019e+03
1.412017178666834297e+03
1.414045735557762100e+03
1.416995687623692447e+03
1.419078856602633095e+03
1.421050340602058668e+03
1.422168405421947455e+03
1.425962043498096136e+03
1.426255821375011692e+03
1.426902860382923109e+03
1.427693145286668141e+03
1.428735932112239652e+03
1.429918324140934146e+03
1.432405722922891755e+03
1.433223930946852988e+03
1.433884324015082711e+03
1.433907389209019584e+03
1.433983868515099175e+03
1.435395699350742689e+03
1.436311020301666076e+03
1.438188988788224378e+03
1.439450212179492610e+03
1.440265855914031818e+03
1.442387760441848968e+03
1.443307626919531003e+03
1.443870648935000645e+03
