6.295098134651690103e+00
6.296250778409852700e+00
6.298683512378507210e+00
6.296030550762296230e+00
6.292233799806579597e+00
6.279727766412087853e+00
6.276747493154918978e+00
6.270414438357272857e+00
6.271226958397621232e+00
6.272203219225729320e+00
6.274978920719827435e+00
6.276615592804310140e+00
6.278150590452525215e+00
6.273795092197431700e+00
6.262084418534763053e+00
6.261297001149557673e+00
6.236130170981977194e+00
6.230149001117148977e+00
6.223389037744990304e+00
6.206025295691966370e+00
6.199254226206075025e+00
6.195416167438538402e+00
6.176599827909287299e+00
6.170703466122750669e+00
6.152504347881279756e+00
6.115880721839898726e+00
6.084909700496772267e+00
6.054583825865331725e+00
6.037923918066569584e+00
5.988647359084376731e+00
5.985335999330152035e+00
5.978240533162699322e+00
5.969857324320019032e+00
5.959020090580453122e+00
5.946544705785187901e+00
5.916740076750513389e+00
5.905125870331475291e+00
5.894915373634851186e+00
5.894544557934530360e+00
5.893308034856191924e+00
5.868533997884410880e+00
5.850548549170237145e+00
5.809834625301883548e+00
5.780979324006832343e+00
5.762497026765984742e+00
5.719425641778768110e+00
5.705120627904964437e+00
5.698319827535471838e+00
