9.401367708700490766e+01
9.401763246297537080e+01
9.403053685100712755e+01
9.404168312279117004e+01
9.404183012778356954e+01
9.402413732802912705e+01
9.401518204640673559e+01
9.396248116010879414e+01
9.392584393039281565e+01
9.390845517765606587e+01
9.386571423714377715e+01
9.383688102830480204e+01
9.379721360963479526e+01
9.357169382842042182e+01
9.335938863532450682e+01
9.334595808784763449e+01
9.288371268010168080e+01
9.275276278459324431e+01
9.258709920908144397e+01
9.201218736536198151e+01
9.169274256782232158e+01
9.148890866704215341e+01
9.060507889032440687e+01
9.039463231711259539e+01
8.984820638005373894e+01
8.894166203871282050e+01
8.822881697459710892e+01
8.751683213015259355e+01
8.710434921021250432e+01
8.569698295137942523e+01
8.558811507956561115e+01
8.534807484649644493e+01
8.505380085213934649e+01
8.466183074982630785e+01
8.420863255966800409e+01
8.320302025515827893e+01
8.285110129494479736e+01
8.255805549189234682e+01
8.254766962554245424e+01
8.251315846099892326e+01
8.185542730674227130e+01
8.140815085759344072e+01
8.044317155977334721e+01
7.976536995494943483e+01
7.931758662409768590e+01
7.813203348937294379e+01
7.761409373096552144e+01
7.729703322630240336e+01
