5.036700648602224106e+00
5.039261484151215775e+00
5.047960075150366599e+00
5.058212565922673321e+00
5.061926958679167754e+00
5.070434894700770023e+00
5.073151247150422094e+00
5.089275938114765196e+00
5.101075965969838144e+00
5.106580173205464313e+00
5.119166386847530781e+00
5.126595916725353419e+00
5.135267403102350414e+00
5.160723109229089722e+00
5.168961436937397735e+00
5.169293296440611307e+00
5.176854508983075753e+00
5.178789402495536542e+00
5.181511393731054405e+00
5.194072595631952893e+00
5.202783909069034429e+00
5.208604848499543749e+00
5.230571652404601757e+00
5.234147396825085785e+00
5.240018761052042784e+00
5.241558204328512716e+00
5.239220267361955230e+00
5.236579191985462955e+00
5.235646794901298584e+00
5.238947205884573854e+00
5.239654663221832820e+00
5.241401499162833488e+00
5.243824822079727888e+00
5.247326271760352157e+00
5.251352109859202422e+00
5.257898695479097384e+00
5.258941695950006157e+00
5.259256372107564026e+00
5.259258412122216342e+00
5.259260786176492175e+00
5.258089562106516901e+00
5.256159730216061199e+00
5.250130648894059782e+00
5.245646905666742299e+00
5.243229241510804606e+00
5.242193502358054147e+00
5.245788356752320247e+00
5.249713428019967765e+00
