5.139020398419382296e+00
5.140554724733666703e+00
5.145178343262423404e+00
5.148567022352469991e+00
5.148844619132949774e+00
5.148982234246997969e+00
5.149658791844631267e+00
5.158562396680984818e+00
5.167409592854276923e+00
5.171848462605129981e+00
5.182498695030947289e+00
5.189051749959068260e+00
5.196930899210305377e+00
5.222222742227749848e+00
5.232609128672251586e+00
5.233105388920432866e+00
5.247325416344450488e+00
5.251387924453644551e+00
5.256915110249797962e+00
5.280044753657749723e+00
5.295068092927014192e+00
5.305018279890272304e+00
5.344850377249078299e+00
5.352492904245135463e+00
5.368411797449630818e+00
5.385228688174775513e+00
5.394216309078789351e+00
5.402779474361970813e+00
5.408432345767950622e+00
5.435356022416766741e+00
5.437970668627617243e+00
5.443953020684735300e+00
5.451610498415595529e+00
5.462109629767599728e+00
5.474175184614781919e+00
5.497893977156411260e+00
5.504637915890339350e+00
5.509567836622236037e+00
5.509731282391971519e+00
5.510268945002335883e+00
5.519008238941596645e+00
5.523537749487305248e+00
5.530891299055486598e+00
5.535550706407414978e+00
5.539145283542661780e+00
5.554283512656068567e+00
5.565210873934496760e+00
5.573745262393912547e+00
