7.711801032272757261e+00
7.713435926338187976e+00
7.717425371053025174e+00
7.716358030332554740e+00
7.713057843417255199e+00
7.701989410566027594e+00
7.699659973424376247e+00
7.698269621759261661e+00
7.703340998765302317e+00
7.706451793601391209e+00
7.714501659138290890e+00
7.719564927776668917e+00
7.725499909064914128e+00
7.739578585345367578e+00
7.739803715817552998e+00
7.739690917793547342e+00
7.735636455587943772e+00
7.735412341596799024e+00
7.736013627056448350e+00
7.745663282432144747e+00
7.755036716324065438e+00
7.761827181131672582e+00
7.789336520821072973e+00
7.793963026113614134e+00
7.801545816807510469e+00
7.803344029424080119e+00
7.800335595835299785e+00
7.797503483365439081e+00
7.797036528207646811e+00
7.806750129559073770e+00
7.808282498028638052e+00
7.811990723954388649e+00
7.817046216114238888e+00
7.824321275969331246e+00
7.832846875639710049e+00
7.848500596093380466e+00
7.852143915682911590e+00
7.854346461948754410e+00
7.854410790285512256e+00
7.854617898769188145e+00
7.856725690875857815e+00
7.856443709784108442e+00
7.853033017427157425e+00
7.850315921573315592e+00
7.849392010423102306e+00
7.855354411826408700e+00
7.864263984104097993e+00
7.872395110174648991e+00
