1.401853357220206817e+02
1.401952634985697443e+02
1.402400076871800536e+02
1.403335020322333833e+02
1.403884503634275234e+02
1.405458918034846079e+02
1.405901605089831037e+02
1.407759756027962226e+02
1.408749320758373358e+02
1.409171726619176752e+02
1.410107353395032987e+02
1.410666562297968483e+02
1.411355167614998152e+02
1.414159579163303420e+02
1.415997022349663723e+02
1.416100502835766690e+02
1.419194735803374954e+02
1.419968875234999643e+02
1.420910013371612877e+02
1.423952804324769659e+02
1.425537926464775751e+02
1.426516927371957593e+02
1.430470102488833390e+02
1.431340078802363394e+02
1.433479442412300386e+02
1.436716991202432325e+02
1.439071428918775837e+02
1.441319101872360875e+02
1.442591634516024612e+02
1.446857519430549530e+02
1.447184447978533228e+02
1.447903378600152848e+02
1.448780092760830485e+02
1.449936494208591000e+02
1.451250375080424817e+02
1.454039063735793889e+02
1.454966801704553063e+02
1.455719890036951654e+02
1.455746262952308996e+02
1.455833743978205348e+02
1.457457897439743704e+02
1.458519766240895592e+02
1.460716817606870279e+02
1.462202610793088127e+02
1.463166073785229457e+02
1.465673714871128936e+02
1.466757413196973800e+02
1.467418472660359612e+02
