2.079471892790098764e+01
2.079671179891225918e+01
2.079733234974234080e+01
2.077515041849887467e+01
2.075534741386617910e+01
2.069437758282827033e+01
2.067923105829195052e+01
2.063750074716311644e+01
2.063056026905044504e+01
2.063010738138578404e+01
2.063221385509417516e+01
2.063417938958188103e+01
2.063586274675326848e+01
2.061709911964169351e+01
2.058235834875286940e+01
2.058010483178112437e+01
2.051230643142510957e+01
2.049773065919259096e+01
2.048239372377129541e+01
2.045316428745337234e+01
2.044914785090512055e+01
2.044918766532449794e+01
2.044918983238271792e+01
2.044550854251849614e+01
2.042682433207820480e+01
2.037406023337730332e+01
2.032472211636579118e+01
2.027762620022722473e+01
2.025379599690279164e+01
2.020246444524395457e+01
2.020054159507172997e+01
2.019718432953842324e+01
2.019446819418467243e+01
2.019246428896366652e+01
2.019088362078023025e+01
2.018126831646709718e+01
2.017400852036276504e+01
2.016614339132035028e+01
2.016583443501881590e+01
2.016479316112540232e+01
2.014089751166526199e+01
2.012089768030501702e+01
2.007199027283090587e+01
2.003773665381732627e+01
2.001768139147704773e+01
1.998732755886543444e+01
1.999080378599713725e+01
1.999999925724114291e+01
