3.079440254689333578e+00
3.077910683967785221e+00
3.062613459792379977e+00
3.050011676031817220e+00
3.049186399460591446e+00
3.043631152816518082e+00
3.022765758052941010e+00
2.990309889791817888e+00
2.982121353849139123e+00
2.926966043493205216e+00
2.917127656877714692e+00
2.899552980965588667e+00
2.879957316483893415e+00
2.820330489951787811e+00
2.789185044871698160e+00
2.776786265554418875e+00
2.735169864614045654e+00
2.708704248342576282e+00
2.690275998579839456e+00
2.666082168524939178e+00
2.638306588975415146e+00
2.612968994125008937e+00
2.570493181540406180e+00
2.562961152097747775e+00
2.541486964668051129e+00
2.511051045640141588e+00
2.493586919844360317e+00
2.484380717845454001e+00
2.482307745393760978e+00
2.467777168175988578e+00
2.467010718489043075e+00
2.467254462013781957e+00
2.476639722078110228e+00
2.530709566530847443e+00
2.547087798228850009e+00
2.547245387015251161e+00
2.548273673394481964e+00
2.548986079863647891e+00
2.549162288331420001e+00
2.567042203452401417e+00
2.583726680514519813e+00
2.584345808229713271e+00
2.591012547301837721e+00
