3.503928536040120001e+00
3.511983081995982747e+00
3.588820826641045070e+00
3.633989062020495542e+00
3.636464905032821271e+00
3.651990857151461878e+00
3.698078942522099233e+00
3.750171824400065912e+00
3.761331367815710092e+00
3.826589183494077506e+00
3.837157024009810069e+00
3.855611504796375932e+00
3.875747418066066263e+00
3.935821009646567781e+00
3.966973336529800775e+00
3.979314250353445992e+00
4.019968626976158532e+00
4.044568396583771097e+00
4.060747211840203263e+00
4.080469167869293479e+00
4.100737920127633274e+00
4.117119287707615705e+00
4.141707560846380254e+00
4.145992451416747215e+00
4.158817376398749488e+00
4.181324636941350370e+00
4.200009135537651872e+00
4.213781994298846811e+00
4.217542197610693044e+00
4.263816317977704884e+00
4.269765560384684022e+00
4.324682608725341382e+00
4.381300857007466298e+00
4.559054198482214382e+00
4.637151186606393694e+00
4.637906281690214350e+00
4.641698793486061625e+00
4.643721643203678084e+00
4.644178656200117494e+00
4.672864966486705463e+00
4.693915408655844779e+00
4.694668518724006034e+00
4.702698498226661528e+00
