1.533411720160652747e+00
1.536998622103491474e+00
1.550579898788371658e+00
1.571447827516144535e+00
1.581239021001998424e+00
1.604979784230018192e+00
1.611186121995403786e+00
1.637802339660900053e+00
1.653082797401094872e+00
1.659878396422009406e+00
1.675400044369945940e+00
1.684880656003983956e+00
1.696614870507801243e+00
1.742155918718042429e+00
1.768247725858927977e+00
1.769623644243394356e+00
1.807183620174390715e+00
1.815781827142329830e+00
1.825973680602539950e+00
1.857833669904049634e+00
1.874118427726423119e+00
1.884090864762168138e+00
1.922864464493465597e+00
1.930869876436031918e+00
1.949509902503995917e+00
1.975119979613528365e+00
1.992462038868256791e+00
2.008729462037897040e+00
2.018034066288956208e+00
2.050640199536456709e+00
2.053235161033640122e+00
2.058976161343469613e+00
2.066022502616523759e+00
2.075339045329889665e+00
2.085853551309184706e+00
2.107376429579740140e+00
2.114175466368920286e+00
2.119539630988601875e+00
2.119724929432059479e+00
2.120338343116861868e+00
2.131391513609357080e+00
2.138305223018281520e+00
2.152084369897745653e+00
2.161305664345592792e+00
2.167412053144684325e+00
2.184623459322673877e+00
2.193063272144093023e+00
2.198638317039776524e+00
