6.911759492321580183e+02
6.912670399237816810e+02
6.916436874892142441e+02
6.923382321884015482e+02
6.927191358345600065e+02
6.937709503824842159e+02
6.940629287667305789e+02
6.952871212212695582e+02
6.959372327513714254e+02
6.962132482186431162e+02
6.968188502105449516e+02
6.971754662651522949e+02
6.976072803636782282e+02
6.992526717996454408e+02
7.002206742188392354e+02
7.002727897737800049e+02
7.017395689967117960e+02
7.020854777609747543e+02
7.024985841067887122e+02
7.038000522183832572e+02
7.044675540992141123e+02
7.048778013891760565e+02
7.065105564062532721e+02
7.068616150607136888e+02
7.077078125161202706e+02
7.089442393794161035e+02
7.098201503435720952e+02
7.106491727877381663e+02
7.111187218706795647e+02
7.127065870526789695e+02
7.128292255428125372e+02
7.130992150568179113e+02
7.134288009566097344e+02
7.138635124706888746e+02
7.143563635754901497e+02
7.153937985327022488e+02
7.157353917219739969e+02
7.160112450217117157e+02
7.160208820040132878e+02
7.160528373668414588e+02
7.166430601536692393e+02
7.170260231125884047e+02
7.178124206934630820e+02
7.183409845904743634e+02
7.186829609040531750e+02
7.195730462407489085e+02
7.199590649061691465e+02
7.201953803214220216e+02
