1.353174698981005349e+03
1.352655388082509262e+03
1.350438126467064421e+03
1.346159194280153997e+03
1.343760713532394902e+03
1.337110054832338619e+03
1.335273479998371386e+03
1.327645085942673404e+03
1.323627825104349313e+03
1.321925096488322424e+03
1.318188477161520723e+03
1.315984190582136989e+03
1.313307046280874829e+03
1.302938270945798877e+03
1.296629866220901022e+03
1.296284654866951541e+03
1.286336056671236975e+03
1.283932985374285408e+03
1.281042801065109416e+03
1.271855458446789044e+03
1.267126274789594845e+03
1.264217310764666081e+03
1.252552325280216337e+03
1.250005330209630756e+03
1.243778069240272089e+03
1.234446309697318384e+03
1.227710329218237803e+03
1.221296935389955024e+03
1.217665751587667728e+03
1.205448792155636966e+03
1.204508364652157297e+03
1.202437978555738709e+03
1.199908875067172630e+03
1.196565926776052493e+03
1.192758758834929949e+03
1.184650533401818166e+03
1.181945442738239990e+03
1.179746736165549692e+03
1.179669689997266914e+03
1.179414098077985273e+03
1.174661753403217972e+03
1.171546582823137669e+03
1.165076279153328869e+03
1.160677824960504950e+03
1.157814254320454666e+03
1.150314045928859741e+03
1.147050215577020026e+03
1.145052330522905777e+03
