1.084741402406819155e+01
1.084811613841517719e+01
1.084715892995843944e+01
1.083367033899605758e+01
1.082251511407904765e+01
1.078921631763381228e+01
1.078110095963213588e+01
1.075939413792402277e+01
1.075645837493582135e+01
1.075665598835671233e+01
1.075901747771931660e+01
1.076099251190448314e+01
1.076323241116209317e+01
1.076086326206448973e+01
1.074880491896600176e+01
1.074799152588571083e+01
1.072426706870712465e+01
1.071980396112097367e+01
1.071574207470868068e+01
1.071417191696125037e+01
1.071978343004928824e+01
1.072475145923892725e+01
1.074580777552078814e+01
1.074865792868142300e+01
1.075070448505028864e+01
1.074109155666719673e+01
1.072851857173452927e+01
1.071678807962162949e+01
1.071179536213027284e+01
1.071104689314138270e+01
1.071210627002951021e+01
1.071491889287678489e+01
1.071911480102838077e+01
1.072553632672150847e+01
1.073325562542037304e+01
1.074645381371898978e+01
1.074872404258783654e+01
1.074953336932926362e+01
1.074954414351772591e+01
1.074957126685961128e+01
1.074768566959106941e+01
1.074416668920024165e+01
1.073299334008886241e+01
1.072489114416556966e+01
1.072081427055553249e+01
1.072189939697124750e+01
1.073121314838734719e+01
1.074065904340911182e+01
