2.653191880489212053e+02
2.652683079091713125e+02
2.650588761741287840e+02
2.646810104546829621e+02
2.644805185375163319e+02
2.639576358486371532e+02
2.638208576567772070e+02
2.632847819629591299e+02
2.630224633719869303e+02
2.629154510645981304e+02
2.626897401907780818e+02
2.625628542004424162e+02
2.624155694669224772e+02
2.619268928915083166e+02
2.616988750781780482e+02
2.616878705037171926e+02
2.614274022374531228e+02
2.613785504412416003e+02
2.613256583535885511e+02
2.611928648409517564e+02
2.611420888797081830e+02
2.611161311004052550e+02
2.610503639921028025e+02
2.610439147228170214e+02
2.610394065887487045e+02
2.610600146660835321e+02
2.610926418386127921e+02
2.611354144610257890e+02
2.611640048377560106e+02
2.612786093822430757e+02
2.612884016492587875e+02
2.613103755848708261e+02
2.613379647073064689e+02
2.613756475429782995e+02
2.614202293515929796e+02
2.615212548390515508e+02
2.615568521267982192e+02
2.615864791921333108e+02
2.615875284447433273e+02
2.615910145208330277e+02
2.616572586034624806e+02
2.617020255104151829e+02
2.617976566377672611e+02
2.618640488448028236e+02
2.619076135460512660e+02
2.620224345703417725e+02
2.620728121208163088e+02
2.621039033932189568e+02
