9.533735233525931108e+01
9.528515337446873446e+01
9.504066892203469763e+01
9.451380921198222040e+01
9.420547438926119810e+01
9.335118582272887977e+01
9.312030522982577452e+01
9.219407322000053284e+01
9.172578929550205373e+01
9.153065258511897184e+01
9.110815985795191807e+01
9.086184028105827792e+01
9.056447166921485348e+01
8.940096424206502945e+01
8.865148006237859590e+01
8.860911057385641243e+01
8.732976152307963957e+01
8.700738122605467595e+01
8.661588073759470774e+01
8.536671608124025568e+01
8.473231069626764622e+01
8.434635036203508207e+01
8.280801925597012314e+01
8.246701943664140799e+01
8.161523463918767618e+01
8.029082067925381239e+01
7.931629109998908689e+01
7.839513429195983463e+01
7.788301976493156076e+01
7.623527644548430260e+01
7.611331191376422112e+01
7.584685277505151646e+01
7.552468621702264784e+01
7.510312515272963196e+01
7.462657058802912502e+01
7.361222549379471047e+01
7.327135897532446052e+01
7.299284981873785227e+01
7.298306496173948688e+01
7.295059212530270543e+01
7.234318868770894539e+01
7.194135675688620779e+01
7.109891877334177934e+01
7.052249701320620545e+01
7.014705870649362396e+01
6.917202899567584495e+01
6.875661894474157521e+01
6.850686227878969703e+01
