6.627392755151735315e+00
6.629738919313711953e+00
6.637081799776347601e+00
6.643488485592515147e+00
6.644728105647482508e+00
6.646657048484291508e+00
6.647867991217901285e+00
6.660221316480319231e+00
6.671779815447042239e+00
6.677505117273604185e+00
6.691106308100481570e+00
6.699385855400047163e+00
6.709238674459061080e+00
6.739487658941923698e+00
6.750467239933231056e+00
6.750954400706099534e+00
6.764070282747072227e+00
6.767837935725283138e+00
6.773105179912147555e+00
6.796479955456532274e+00
6.812304428312157434e+00
6.822911117960078542e+00
6.865367641452960079e+00
6.873331317745668301e+00
6.889358961180266583e+00
6.904577592142896236e+00
6.911583740367204243e+00
6.918216671932147399e+00
6.922961534931909355e+00
6.948804638659532351e+00
6.951476979961599412e+00
6.957647980120436948e+00
6.965634034508914496e+00
6.976681891181101491e+00
6.989428225152865437e+00
7.014191372347197806e+00
7.021010673085832821e+00
7.025868043638256566e+00
7.026026668997944924e+00
7.026547222300167483e+00
7.034657395501774602e+00
7.038475799079381368e+00
7.043838065657585190e+00
7.047064064527506666e+00
7.049873466950255185e+00
7.064450596861943765e+00
7.076266232803155809e+00
7.085825655509189858e+00
