5.288572928025473630e+00
5.291839611326407677e+00
5.303141481326528961e+00
5.317159744889471185e+00
5.322549122166044810e+00
5.335068472623928137e+00
5.338888559973439918e+00
5.360439596326463274e+00
5.375962680476267685e+00
5.383263623614841009e+00
5.400258103030455281e+00
5.410576765808269073e+00
5.423019066376493669e+00
5.465024420827385043e+00
5.484047397582402006e+00
5.484972995203015955e+00
5.509623821980263791e+00
5.515688155903529122e+00
5.523398124737902926e+00
5.552185185166257142e+00
5.569597698225807747e+00
5.580913648447196174e+00
5.625872937674516017e+00
5.634606483748060057e+00
5.653163809754335745e+00
5.673769475766483161e+00
5.685272924596846522e+00
5.696005695218248732e+00
5.702783464209840503e+00
5.733032415668259496e+00
5.735883701282914693e+00
5.742383779658660536e+00
5.750672869029587631e+00
5.762018336607341418e+00
5.775084604219317796e+00
5.801160050228939546e+00
5.808775689181038260e+00
5.814447466547277621e+00
5.814637441964635833e+00
5.815263368488876594e+00
5.825711386884900200e+00
5.831421745209175889e+00
5.841322650673719252e+00
5.847725627797295544e+00
5.852429129495452464e+00
5.870227060984609224e+00
5.882134216804685956e+00
5.891195156573513003e+00
