7.748723194308376527e+00
7.751004237558813514e+00
7.757615217054870449e+00
7.761212180444950981e+00
7.760397557521996781e+00
7.755989291344676850e+00
7.755461477251168745e+00
7.761398103651730551e+00
7.770193379086215657e+00
7.774845133856250534e+00
7.786184341585277835e+00
7.793121830336946054e+00
7.801260230764426318e+00
7.823032578564698802e+00
7.827261791557544868e+00
7.827354143738995518e+00
7.828682153298097468e+00
7.829628174752016001e+00
7.831583664104972087e+00
7.845224036293724446e+00
7.856495607928955849e+00
7.864404345057636192e+00
7.895989124213445010e+00
7.901410963426449108e+00
7.910792580158600096e+00
7.914937052516669347e+00
7.913417039826598831e+00
7.911888645012239429e+00
7.912123235984895864e+00
7.924052466145667495e+00
7.925746823090944915e+00
7.929807071199476809e+00
7.935283504234512009e+00
7.943098280119844645e+00
7.952212980065649361e+00
7.969019305246736629e+00
7.973014454275428875e+00
7.975490906504719923e+00
7.975564639873039319e+00
7.975802855930171020e+00
7.978463983790461178e+00
7.978520725199740760e+00
7.975764210227810125e+00
7.973465120587309052e+00
7.972807528097739294e+00
7.979473057551192738e+00
7.988703810414108375e+00
7.997039945666965188e+00
