1.951323943521808246e+01
1.951843215565877188e+01
1.953274139326022407e+01
1.953729739925300990e+01
1.953271130010656620e+01
1.951457012267641744e+01
1.951131580032209101e+01
1.951856037125479304e+01
1.953693393228589414e+01
1.954711784531016505e+01
1.957245823767750537e+01
1.958811815717996652e+01
1.960648762569417158e+01
1.965356494746498228e+01
1.965961910417408376e+01
1.965959922995001818e+01
1.965555886565831756e+01
1.965612039262536825e+01
1.965883627171793435e+01
1.968606901224609729e+01
1.971077997897672063e+01
1.972845598738403083e+01
1.979939950612136812e+01
1.981129504251641649e+01
1.983082578821488084e+01
1.983560214594648130e+01
1.982793543067434427e+01
1.982053883351450096e+01
1.981914876822028759e+01
1.984265570319713134e+01
1.984643159682347502e+01
1.985558457818338951e+01
1.986808569142250747e+01
1.988609839009238911e+01
1.990721409667587949e+01
1.994586369733861630e+01
1.995477105074028756e+01
1.996009366761432702e+01
1.996024768781394343e+01
1.996074271688016921e+01
1.996553573537094550e+01
1.996446051576849712e+01
1.995502050532497407e+01
1.994751199104876349e+01
1.994470715051683385e+01
1.995828053591076667e+01
1.997999551737002477e+01
1.999999929847606595e+01
