9.864302759591810172e+02
9.865866505097109211e+02
9.872306890902095802e+02
9.884093417133477715e+02
9.890521691785023677e+02
9.908213221021569552e+02
9.913121365851354767e+02
9.933733166025584751e+02
9.944700512876411267e+02
9.949358120805309227e+02
9.959572494314496680e+02
9.965580459032124736e+02
9.972844781357596275e+02
1.000037819965752533e+03
1.001644580055372671e+03
1.001730781682597126e+03
1.004143619024668396e+03
1.004709001844469185e+03
1.005382625628584265e+03
1.007496601962334466e+03
1.008578429578381133e+03
1.009243227786396119e+03
1.011889496331842111e+03
1.012457938421171775e+03
1.013825498407364648e+03
1.015814533319962607e+03
1.017217780109563819e+03
1.018544248836399788e+03
1.019295888282289525e+03
1.021843368697566689e+03
1.022040454828350903e+03
1.022474421619655686e+03
1.023004244126527169e+03
1.023702960576991018e+03
1.024494685126542890e+03
1.026158767831747582e+03
1.026705928243081871e+03
1.027147555599007319e+03
1.027162980624879083e+03
1.027214127124364268e+03
1.028158461444370232e+03
1.028770904795062052e+03
1.030027945962428475e+03
1.030872267626560188e+03
1.031418184134794728e+03
1.032837637058040627e+03
1.033452888135571811e+03
1.033829666769678397e+03
