2.587946824797030754e+00
2.590119122547220432e+00
2.604843581914450645e+00
2.608893848567031437e+00
2.609029366114060444e+00
2.609694842897988476e+00
2.610082985776698283e+00
2.608849209945794723e+00
2.608544694725710489e+00
2.608148952823294398e+00
2.608459923865017682e+00
2.609332432472823537e+00
2.610790319234618462e+00
2.618244261912401338e+00
2.623649327819135735e+00
2.625988679769096557e+00
2.634011670011121797e+00
2.638631242224895423e+00
2.641281948059506224e+00
2.643738440740370788e+00
2.644818910777289034e+00
2.644089224104675839e+00
2.639715398778591737e+00
2.638643556638139653e+00
2.635375242120844952e+00
2.631177461690169306e+00
2.630138030759538559e+00
2.630696683671037039e+00
2.631017135271868757e+00
2.639378667487219943e+00
2.640914566614640968e+00
2.658350951065665768e+00
2.680672392356853617e+00
2.768172662209453794e+00
2.822902218516346817e+00
2.823668533023132365e+00
2.827527988670885950e+00
2.829575076966099445e+00
2.830035131781158952e+00
2.856451627739343024e+00
2.873785815906797048e+00
2.874387819469898631e+00
2.880747492979401247e+00
