1.072725329851590637e+00
1.073709443213950232e+00
1.079510385008940032e+00
1.080655091052859174e+00
1.080686132538280164e+00
1.080828572492547712e+00
1.080984045432374252e+00
1.081578345630331173e+00
1.081882264504623992e+00
1.085659099345201106e+00
1.086634923967606747e+00
1.088587902643965100e+00
1.091064050834567922e+00
1.100215481784872606e+00
1.105650710328091924e+00
1.107860372346127775e+00
1.115080587727326211e+00
1.119171718353830114e+00
1.121625006262922719e+00
1.124235509528726862e+00
1.126331882097945325e+00
1.127510056774668090e+00
1.128698473872403962e+00
1.128932383613738821e+00
1.129925903350189387e+00
1.133225082086799285e+00
1.137438561852181618e+00
1.141189528303812484e+00
1.142288889045588895e+00
1.157668010898281086e+00
1.159832595228310614e+00
1.181170429262762944e+00
1.205235721451480169e+00
1.297908084157518127e+00
1.375567022862599798e+00
1.376687991527699717e+00
1.382102528848278000e+00
1.384813345459709133e+00
1.385407279118832991e+00
1.412434784936017484e+00
1.425844355390981866e+00
1.426276907308553721e+00
1.430742960202547431e+00
