1.591916657378897071e+01
1.601415940877408062e+01
1.693025995556306285e+01
1.748814863803467290e+01
1.751932246661772297e+01
1.771636598925912409e+01
1.831781037985668448e+01
1.902664964451662755e+01
1.918195312986525636e+01
2.010644391607748460e+01
2.025792881313410376e+01
2.052324749006242754e+01
2.081386125562620393e+01
2.169245624978721310e+01
2.216248496295706261e+01
2.235367214900103860e+01
2.301605846846831582e+01
2.345431245997107794e+01
2.376638267113178671e+01
2.418286567097654327e+01
2.466787594644631199e+01
2.511552863333336205e+01
2.588435389460617841e+01
2.602523551098688515e+01
2.644111369839890813e+01
2.709698295527046952e+01
2.754991008534603480e+01
2.783901661050338561e+01
2.791254293214069904e+01
2.868426903581390519e+01
2.877044050936518715e+01
2.948598167374417400e+01
3.013916468570070961e+01
3.232692856531122061e+01
3.460202845028960894e+01
3.463967859905336866e+01
3.482116373323642478e+01
3.491146482948981600e+01
3.493117220937181600e+01
3.576946236335021467e+01
3.612771644376176994e+01
3.613859931639525058e+01
3.624860432535424337e+01
