3.301626431944363560e+00
3.303373735182384863e+00
3.312995427325583719e+00
3.339531939113284054e+00
3.357827294119230643e+00
3.415516534719489350e+00
3.432099056964584172e+00
3.498462742291919891e+00
3.531288946251339489e+00
3.545106975637708935e+00
3.576291653647376112e+00
3.595848074459126131e+00
3.621366695851928164e+00
3.743016002089395666e+00
3.831051519805975136e+00
3.836014595127778648e+00
3.979254869193375566e+00
4.013166039379163053e+00
4.053456484433079154e+00
4.179273421053069981e+00
4.243927705491791436e+00
4.283965628918497082e+00
4.445800629712731933e+00
4.480874539399832379e+00
4.565292719213079664e+00
4.688088386926259510e+00
4.775297458092029323e+00
4.858675614283030519e+00
4.906348871889083973e+00
5.068998953583333744e+00
5.081573864707976895e+00
5.109233933119213589e+00
5.142949634227051980e+00
5.187347761289879067e+00
5.237664922564554182e+00
5.344319636980790378e+00
5.379925699274683559e+00
5.408930190414022121e+00
5.409947820535286667e+00
5.413324353376145481e+00
5.476296386097890156e+00
5.517753436115660826e+00
5.604027038868808042e+00
5.662466269439295097e+00
5.700286240269797133e+00
5.798413022183710908e+00
5.840987303237067607e+00
5.867206757815328189e+00
