1.284382338375609834e+03
1.284603639660559338e+03
1.285510471647860641e+03
1.287159673156994359e+03
1.288057488291446361e+03
1.290531839204937796e+03
1.291219659912411998e+03
1.294112827836163433e+03
1.295654187784323994e+03
1.296309094536827160e+03
1.297746027700984541e+03
1.298591614938383373e+03
1.299614263916879054e+03
1.303485797674582273e+03
1.305734255102237512e+03
1.305854566131904221e+03
1.309210785089452429e+03
1.309995074708188213e+03
1.310929184700349651e+03
1.313862035207953795e+03
1.315364777757039519e+03
1.316288669038281569e+03
1.319964941921566151e+03
1.320753768527106558e+03
1.322650353837997045e+03
1.325408392485430568e+03
1.327356041298815626e+03
1.329199273228144875e+03
1.330244604076167661e+03
1.333791445735637353e+03
1.334066111138731230e+03
1.334671055034347319e+03
1.335409924999039049e+03
1.336384868722213696e+03
1.337490334376725741e+03
1.339815902559374990e+03
1.340580878102897486e+03
1.341198306308936026e+03
1.341219870892308791e+03
1.341291374504010264e+03
1.342611352630957981e+03
1.343467122625445654e+03
1.345222896460523089e+03
1.346402023978716670e+03
1.347164545751314563e+03
1.349148020131623525e+03
1.350007692176655610e+03
1.350533785806200513e+03
