1.399113921012089534e+01
1.399399670696972109e+01
1.400069724732532173e+01
1.399743922856963962e+01
1.399056943127767916e+01
1.396757995188122692e+01
1.396244263529130869e+01
1.395570980295432584e+01
1.396244770254773293e+01
1.396699941203485729e+01
1.397910438285621737e+01
1.398674614262194460e+01
1.399556338845216352e+01
1.401269368691993300e+01
1.400728794195629412e+01
1.400675038152770213e+01
1.398918388285041026e+01
1.398613923119339120e+01
1.398397177059968222e+01
1.399052215072485872e+01
1.400156511119424962e+01
1.401012907244150441e+01
1.404462385086054432e+01
1.404964070790470210e+01
1.405520647915940025e+01
1.404638251667962301e+01
1.403224985130380631e+01
1.401877987194897202e+01
1.401315251867065470e+01
1.401428968916535212e+01
1.401577939061220057e+01
1.401966016141882854e+01
1.402534768593174697e+01
1.403394069163735480e+01
1.404418139871172500e+01
1.406159846629138421e+01
1.406460419498009884e+01
1.406569434132715202e+01
1.406570960317874963e+01
1.406574899562054881e+01
1.406336706658180624e+01
1.405883085918864595e+01
1.404435502551047321e+01
1.403380793293175799e+01
1.402846207883749052e+01
1.402952776130252488e+01
1.404133962934110258e+01
1.405338019477625444e+01
