1.879366556741178584e+01
1.879839334334495859e+01
1.881106567119854489e+01
1.881347657803220486e+01
1.880800095012047279e+01
1.878765587598684306e+01
1.878373111272263785e+01
1.878740542664033697e+01
1.880335207828563426e+01
1.881241945549496819e+01
1.883520599262685380e+01
1.884934086830070399e+01
1.886589405271571707e+01
1.890702906334450262e+01
1.891052299075470700e+01
1.891038139955481512e+01
1.890318515140963029e+01
1.890298382912389386e+01
1.890472936190188236e+01
1.892830922616768063e+01
1.895079042296612926e+01
1.896701338033182083e+01
1.903219901701717731e+01
1.904298841614367177e+01
1.906020161115971234e+01
1.906249993628887651e+01
1.905350946176585580e+01
1.904488272058550891e+01
1.904269946053899432e+01
1.906251174514865809e+01
1.906593131439190714e+01
1.907426929924429970e+01
1.908572722759376106e+01
1.910230857969463614e+01
1.912177647161650995e+01
1.915717130359542608e+01
1.916514764577694763e+01
1.916978746461356664e+01
1.916991881107147222e+01
1.917033923631389314e+01
1.917391555612768883e+01
1.917220676550632064e+01
1.916174039312878463e+01
1.915359493409361846e+01
1.915030853642530317e+01
1.916189052362145162e+01
1.918217616127487801e+01
1.920106388309781309e+01
