2.117736731802287977e+02
2.118971656777133887e+02
2.124031667047557903e+02
2.133233367578106652e+02
2.138242673348246115e+02
2.152048298606555647e+02
2.155885996445167336e+02
2.172028325470813286e+02
2.180628235620158080e+02
2.184282238674853716e+02
2.192299495947027879e+02
2.197017380645464755e+02
2.202723159822715502e+02
2.224323946173122408e+02
2.236868912193036749e+02
2.237540170724604138e+02
2.256265683146695835e+02
2.260641493919536060e+02
2.265853195313251831e+02
2.282216478382169669e+02
2.290600723521755810e+02
2.295755375299871730e+02
2.316266232996642032e+02
2.320667276557187506e+02
2.331248750155417326e+02
2.346636463628520914e+02
2.357502802286774397e+02
2.367786525956982473e+02
2.373618596429154763e+02
2.393407021849820921e+02
2.394939432125954966e+02
2.398314531404199954e+02
2.402436833380235157e+02
2.407876237029248330e+02
2.414043837346583530e+02
2.427018550783368482e+02
2.431286452716825011e+02
2.434731164472972580e+02
2.434851476030003710e+02
2.435250403782880255e+02
2.442614727870173112e+02
2.447389181787613381e+02
2.457185021139786443e+02
2.463764108747529349e+02
2.468019295028711326e+02
2.479094151865684807e+02
2.483900213044333611e+02
2.486844635364024327e+02
