3.995608398206923084e+01
3.995649500605429694e+01
3.995692604357640221e+01
3.995738038237101364e+01
3.995785799938579430e+01
3.995835895235717317e+01
3.995888323990993740e+01
3.995943077627356388e+01
3.996000133730950665e+01
3.996059457343289978e+01
3.996121001852361587e+01
3.996184704860525017e+01
3.996250485708242195e+01
3.996318240119967413e+01
3.996387841599090507e+01
3.996459140102473384e+01
3.996531958015771124e+01
3.996606087409878683e+01
3.996681285827838792e+01
3.996757292241414916e+01
3.996833499630520237e+01
