5.268701891529963710e+00
5.269520255572039069e+00
5.271026575616677867e+00
5.268103828264870003e+00
5.264673292053863918e+00
5.253975579098519866e+00
5.251549571831020558e+00
5.247348334809323944e+00
5.249302244141849982e+00
5.250842943275227270e+00
5.255195346393354505e+00
5.258073937693112043e+00
5.261527706520457315e+00
5.269975054384619995e+00
5.270302822567397349e+00
5.270253038043240856e+00
5.268959612110852397e+00
5.269343078795773572e+00
5.270481925992021921e+00
5.279944668655745410e+00
5.288131206125013861e+00
5.293960909735546672e+00
5.318121541475772318e+00
5.322550568842847163e+00
5.330926282255573412e+00
5.337122831089119224e+00
5.338766297431952523e+00
5.340449063434402177e+00
5.342224046480597011e+00
5.356145259451329466e+00
5.357766094299444504e+00
5.361567978997596740e+00
5.366579075217390304e+00
5.373617166973750692e+00
5.381804360842386004e+00
5.397534297343169030e+00
5.401700855781125910e+00
5.404567931115087376e+00
5.404659601418685178e+00
5.404959400819409510e+00
5.409341738409201739e+00
5.411078211454857012e+00
5.412764936702911811e+00
5.413654998405522001e+00
5.414822435925232824e+00
5.423664987057327025e+00
5.431862890203096761e+00
5.438724084146794979e+00
