7.254145570035034325e+02
7.255341890379307870e+02
7.260260631818000547e+02
7.269243543767784104e+02
7.274139788097676274e+02
7.287621371978933666e+02
7.291364072936781895e+02
7.307089930482538875e+02
7.315460786551853971e+02
7.319016267410850105e+02
7.326814962089940764e+02
7.331402996359433928e+02
7.336951329528455972e+02
7.357981723495843198e+02
7.370244786450360834e+02
7.370902348184881703e+02
7.389295355928609297e+02
7.393603077888111557e+02
7.398735415109755422e+02
7.414846216417100777e+02
7.423094671557004176e+02
7.428164303624913600e+02
7.448342618579290502e+02
7.452675732317836719e+02
7.463098427883965087e+02
7.478256717106257838e+02
7.488953441120140724e+02
7.499067817417590049e+02
7.504800128372227164e+02
7.524231537482942258e+02
7.525735024802430644e+02
7.529045680420384770e+02
7.533087820047320520e+02
7.538418899419561967e+02
7.544460187179288368e+02
7.557159346830969753e+02
7.561334886300626295e+02
7.564704894766275629e+02
7.564822597429440521e+02
7.565212875411983759e+02
7.572418001698795251e+02
7.577090011302248058e+02
7.586677239879904846e+02
7.593115684484416761e+02
7.597278535741972973e+02
7.608103551840832779e+02
7.612796154204531831e+02
7.615669877178435172e+02
