1.411252834064973285e+03
1.410727635108562026e+03
1.408486129680565682e+03
1.404162704692203533e+03
1.401739827035414464e+03
1.395021447282073041e+03
1.393165942143516304e+03
1.385457498226622647e+03
1.381397325721827883e+03
1.379676308929072547e+03
1.375899443268378036e+03
1.373671392065178907e+03
1.370965421235772965e+03
1.360486539959453012e+03
1.354113381910294265e+03
1.353764688104749439e+03
1.343718270550106354e+03
1.341292178265313851e+03
1.338374516549268492e+03
1.329100684307777101e+03
1.324327217541581604e+03
1.321391100601672406e+03
1.309619200304655124e+03
1.307049604089548438e+03
1.300768641617126377e+03
1.291360541466888662e+03
1.284571859420162355e+03
1.278109354033579848e+03
1.274450585106089875e+03
1.262141234534743262e+03
1.261193736928382805e+03
1.259107834246839502e+03
1.256559895451981220e+03
1.253192330131900007e+03
1.249357651772632380e+03
1.241193407668016334e+03
1.238470564475543597e+03
1.236257806730280208e+03
1.236180274466794799e+03
1.235923072946197408e+03
1.231141656219067045e+03
1.228008302355390924e+03
1.221502324050627522e+03
1.217081081689125767e+03
1.214203231324650687e+03
1.206667337933710996e+03
1.203388600147844500e+03
1.201381733870390917e+03
