4.311969545134197688e+02
4.312671555522378526e+02
4.315598282436411068e+02
4.321066062072745240e+02
4.324087861033214608e+02
4.332464631796286199e+02
4.334792226686448089e+02
4.344546513190991277e+02
4.349725494234899088e+02
4.351925368271959087e+02
4.356756812013161948e+02
4.359606280028330048e+02
4.363062531398620649e+02
4.376317939765883125e+02
4.384199228894864859e+02
4.384625493488991879e+02
4.396699810004577103e+02
4.399566179096797214e+02
4.402996480542458926e+02
4.413836501501085081e+02
4.419405899911062647e+02
4.422830268588032823e+02
4.436474392677321816e+02
4.439414059395311369e+02
4.446513766996276331e+02
4.456925223359767756e+02
4.464321582112405622e+02
4.471328259153684712e+02
4.475296412608939818e+02
4.488702589105199650e+02
4.489737201664899544e+02
4.492014685308586195e+02
4.494794677923327981e+02
4.498461542203614840e+02
4.502619885363156982e+02
4.511380370916393190e+02
4.514267702350202853e+02
4.516600446217337321e+02
4.516681958390261684e+02
4.516952253776545945e+02
4.521946913398789434e+02
4.525189817224994613e+02
4.531853544597355494e+02
4.536335286888690348e+02
4.539235842546532353e+02
4.546786915159801765e+02
4.550061342456472744e+02
4.552065351119784964e+02
