5.164790857297296256e+00
5.171027162157763257e+00
5.217309725865333370e+00
5.233446010573220342e+00
5.234094723583480047e+00
5.237609659275946683e+00
5.242569775462937898e+00
5.239232394325444631e+00
5.237475952571933213e+00
5.222078323511764708e+00
5.219011470227467697e+00
5.213428468869537369e+00
5.207086251753498374e+00
5.186955501981527661e+00
5.175453581054029861e+00
5.170523551271001494e+00
5.151647483301831976e+00
5.136994347681433482e+00
5.125184017130838043e+00
5.107357348260737950e+00
5.083365456698607510e+00
5.058089570943090862e+00
5.008425274762285717e+00
4.998629791629734420e+00
4.968846362300280539e+00
4.920460187828034293e+00
4.887068375695980293e+00
4.866082712087833606e+00
4.860801240623429109e+00
4.806814811835010914e+00
4.800924749730881125e+00
4.752122340696159242e+00
4.705234197909986094e+00
4.476974376601214445e+00
4.081801378282098547e+00
4.074877702586501727e+00
4.041907524106636451e+00
4.025807366886207106e+00
4.022325262313728444e+00
3.889962379336252329e+00
3.846907013829265587e+00
3.845764179279600015e+00
3.834808441828225334e+00
