3.105115494378194008e+00
3.109859839953267979e+00
3.149031331772473852e+00
3.165578405966899656e+00
3.166316094888850241e+00
3.170501939672473402e+00
3.178075283373362758e+00
3.176947819668142436e+00
3.175304588869732658e+00
3.156212409296872856e+00
3.151718285233665817e+00
3.143043936456241472e+00
3.132465654082435158e+00
3.094794056268336480e+00
3.071823295841520363e+00
3.062021364611883012e+00
3.026288746543198460e+00
3.001309049259656359e+00
2.982952932666976587e+00
2.957812140848030680e+00
2.927792438377966544e+00
2.899645051253643580e+00
2.851396764493588698e+00
2.842716094329779786e+00
2.817679506883495666e+00
2.780850203550217170e+00
2.758043583988070147e+00
2.744841700335355128e+00
2.741664828101230356e+00
2.712916296153722762e+00
2.710224006753107595e+00
2.691484230708373726e+00
2.678770300149907690e+00
2.636807010383629191e+00
2.565585815503037548e+00
2.564643639221128257e+00
2.560517018957896074e+00
2.558749749039883170e+00
2.558391860339055857e+00
2.555262083395418049e+00
2.563391485942014825e+00
2.563748348667287846e+00
2.567746906393341799e+00
