9.905864973925636150e+02
9.907391416746611412e+02
9.913689273119309746e+02
9.925240935541970657e+02
9.931545978582398675e+02
9.948893757186461926e+02
9.953704142847936964e+02
9.973898040463111556e+02
9.984640969314316408e+02
9.989203044239064866e+02
9.999207245750229731e+02
1.000509108333239965e+03
1.001220489872744338e+03
1.003917277757346255e+03
1.005492613789722895e+03
1.005577179496471899e+03
1.007946088107783680e+03
1.008501536014139333e+03
1.009163379042056249e+03
1.011240150358230835e+03
1.012302639216138800e+03
1.012955495504219130e+03
1.015554710055535679e+03
1.016113265918126331e+03
1.017457361070106003e+03
1.019412616775705601e+03
1.020791886245112664e+03
1.022095462023551590e+03
1.022834052080244646e+03
1.025337116560345976e+03
1.025530757182054458e+03
1.025957130184979633e+03
1.026477665591718051e+03
1.027164102414309355e+03
1.027941867101357957e+03
1.029576529139885224e+03
1.030114039644020067e+03
1.030547906497334679e+03
1.030563061027245112e+03
1.030613310983647125e+03
1.031541188931689021e+03
1.032143071829338851e+03
1.033378710462435038e+03
1.034208796970858202e+03
1.034745524795015854e+03
1.036140977796340621e+03
1.036745764855731750e+03
1.037116139472769873e+03
