5.109415952097204894e+00
5.112818888962531894e+00
5.124660523786277011e+00
5.139555256946162665e+00
5.145349823165610736e+00
5.158689155522155900e+00
5.162662520340773220e+00
5.184601987765282693e+00
5.200255236384530910e+00
5.207617562333133776e+00
5.224792155983876363e+00
5.235260798433316154e+00
5.247941041563906950e+00
5.291483573624885750e+00
5.311767945874661834e+00
5.312764678282809072e+00
5.339342882486671549e+00
5.345801986911367543e+00
5.353936204210572036e+00
5.383688122906788109e+00
5.401396223815011055e+00
5.412846687343848551e+00
5.458244261633811156e+00
5.467096958111460125e+00
5.486026918905800187e+00
5.507382565794386231e+00
5.519476451010536522e+00
5.530707175833857292e+00
5.537707489621012336e+00
5.568269963257429289e+00
5.571118443664336617e+00
5.577602173634077509e+00
5.585856467848852702e+00
5.597142647349580891e+00
5.610145083189625126e+00
5.636220227970664354e+00
5.643906006277796372e+00
5.649666831204629425e+00
5.649860465462905879e+00
5.650498792914060431e+00
5.661250365369418169e+00
5.667230298329282157e+00
5.677822463654344176e+00
5.684736413446406011e+00
5.689756213234635318e+00
5.708147151525584384e+00
5.720122194257183601e+00
5.729141812248450094e+00
