3.649600245058536530e+00
3.555940719068719780e+00
3.069948252449900661e+00
3.012011535632007853e+00
3.011871281441395265e+00
3.016515566071630960e+00
3.072722496965406780e+00
3.179351182512270224e+00
3.205070812035460293e+00
3.362801817956429851e+00
3.388866416698115724e+00
3.434520901532912340e+00
3.484518479566276916e+00
3.635651172478396642e+00
3.716516738850976775e+00
3.749412338063101924e+00
3.863406274356037340e+00
3.938866164670344894e+00
3.992624126416773223e+00
4.064395956167897950e+00
4.147995290213616570e+00
4.225149051701522218e+00
4.357622030042170636e+00
4.381893301158482856e+00
4.453530925680297514e+00
4.566385296572699204e+00
4.644074639186499986e+00
4.693483766163785376e+00
4.706022996137905423e+00
4.837035309179135822e+00
4.851623585165838470e+00
4.973322693663118521e+00
5.087608432630560173e+00
5.536477265573795492e+00
6.099284135116874950e+00
6.108739113366419282e+00
6.154300661684832363e+00
6.176965971115925491e+00
6.181912482140205611e+00
6.392935855773577813e+00
6.483892149258905668e+00
6.486664011378590722e+00
6.514708253979780039e+00
