9.001331123953644209e+00
9.005263934559893713e+00
9.017942556735356163e+00
9.030288463904495799e+00
9.033386289136119629e+00
9.038477538440186976e+00
9.040569160977010910e+00
9.058891401720686076e+00
9.075524009584713170e+00
9.083766667026555552e+00
9.103436105148249524e+00
9.115495235755160408e+00
9.129955712959169745e+00
9.175477554232784883e+00
9.192533923020427267e+00
9.193288568927981075e+00
9.212467318621591517e+00
9.217525827476070077e+00
9.224420670001160616e+00
9.254172823685401283e+00
9.274117564754041254e+00
9.287463668829406771e+00
9.340639948633688405e+00
9.350507907257455287e+00
9.370065532706552958e+00
9.387597630112152203e+00
9.394780708615153131e+00
9.401347577178464476e+00
9.406274437995824300e+00
9.435531066073654216e+00
9.438675459990031769e+00
9.445981086970395069e+00
9.455508472454164703e+00
9.468785000243254757e+00
9.484189727766136002e+00
9.514173607470144844e+00
9.522382301706445062e+00
9.528190060254010163e+00
9.528378923257138311e+00
9.528998278504795749e+00
9.538525160748495324e+00
9.542868745363547234e+00
9.548644054701739492e+00
9.552084020367225037e+00
9.555268088474061727e+00
9.573076903915954006e+00
9.587982821190951910e+00
9.600146514542261755e+00
