2.831368288143639802e+02
2.831505014422651243e+02
2.831987736090301269e+02
2.832601908865549944e+02
2.832823431611703313e+02
2.833128371658662559e+02
2.833147182512386166e+02
2.832959111972808728e+02
2.832687689475826573e+02
2.832534489541902190e+02
2.832110969302658532e+02
2.831799067689428853e+02
2.831350147737016982e+02
2.828715861888547352e+02
2.826297998150405988e+02
2.826147324029144556e+02
2.821064402992080886e+02
2.819647496501302157e+02
2.817862515468542028e+02
2.811698791224889646e+02
2.808283860893316159e+02
2.806110738826305351e+02
2.796845295434966374e+02
2.794700319463528331e+02
2.789266296858571081e+02
2.780638609313632514e+02
2.774092102016415424e+02
2.767658539970416882e+02
2.763946379279724397e+02
2.751195652936330021e+02
2.750201084740371016e+02
2.748005704394192321e+02
2.745312957854714568e+02
2.741734196960594545e+02
2.737628464603705538e+02
2.728757927030752057e+02
2.725755621103411954e+02
2.723298938299030283e+02
2.723212587904146744e+02
2.722926003234991299e+02
2.717563052058192170e+02
2.714015110458471440e+02
2.706582176994219253e+02
2.701497533186895339e+02
2.698180895107323067e+02
2.689493234125678782e+02
2.685716522884387700e+02
2.683405215503519798e+02
