3.526908211585521258e+00
3.542440967799685314e+00
3.606078956500226251e+00
3.721794053097574828e+00
3.784787555692142202e+00
3.958402950617832428e+00
4.006665490850989997e+00
4.209667810899246909e+00
4.317816850221226410e+00
4.363768206555922013e+00
4.464590935716638676e+00
4.523922291777883409e+00
4.595677737648188099e+00
4.867327893756554502e+00
5.025091890563753161e+00
5.033533610901812949e+00
5.269030329738328966e+00
5.324063173580566577e+00
5.389609123343328534e+00
5.595404714468664942e+00
5.700849286426041829e+00
5.765676686343726765e+00
6.023636244821217289e+00
6.078988504447817576e+00
6.212073373756438421e+00
6.405604459267103756e+00
6.542267279901637700e+00
6.671602472864885058e+00
6.744951136848865936e+00
6.993826559406888244e+00
7.013099226827021582e+00
7.055546714585846146e+00
7.107391332885990565e+00
7.175800539344534101e+00
7.253368195906862326e+00
7.416545301519035682e+00
7.470217844253817852e+00
7.513535454335992902e+00
7.515048330935311327e+00
7.520064681041370491e+00
7.612658565982699521e+00
7.672678348263052506e+00
7.795805184460576243e+00
7.878521840142068022e+00
7.932062060202954790e+00
8.071812147744630295e+00
8.132801921462128547e+00
8.170332256804202942e+00
