9.015070764066908993e+00
9.018629203363021318e+00
9.029963553876797278e+00
9.040558288307375179e+00
9.043015542699608389e+00
9.047126108387848475e+00
9.049073894706131327e+00
9.066903055284337043e+00
9.083114707311752412e+00
9.091107666606236037e+00
9.110047291319197882e+00
9.121551057200170121e+00
9.135213521149331939e+00
9.176660881255243041e+00
9.190928034202727304e+00
9.191532235972283971e+00
9.206727061971408332e+00
9.210954277849404903e+00
9.216923305782838582e+00
9.244225977322965804e+00
9.263144709391712084e+00
9.275913732862354877e+00
9.326973945969131208e+00
9.336393997261611233e+00
9.354863073222738024e+00
9.370839313714489194e+00
9.377041379033325796e+00
9.382853593195605413e+00
9.387445943178249763e+00
9.416053255013586920e+00
9.419170761642561729e+00
9.426422872466453384e+00
9.435890017375424321e+00
9.449081374792195120e+00
9.464356579173973216e+00
9.493822053191777854e+00
9.501755850536005354e+00
9.507296879265108913e+00
9.507475676281183397e+00
9.508061288288693902e+00
9.516863370080690387e+00
9.520635748877335658e+00
9.525023316824375641e+00
9.527416627002370575e+00
9.529903353573921265e+00
9.545970886108902320e+00
9.560225955274498588e+00
9.572044128200353441e+00
