1.073377506407351190e+00
1.073175157648593725e+00
1.071088480376777730e+00
1.068916070473261648e+00
1.068762381072746237e+00
1.067703043756615733e+00
1.063495479681570544e+00
1.056761178869862094e+00
1.055075794015177371e+00
1.044193414512107676e+00
1.042364114303160560e+00
1.039196833016969190e+00
1.035827933227306152e+00
1.026736288073516246e+00
1.022706302345152141e+00
1.021230717063868365e+00
1.016697285834880171e+00
1.013993666144425543e+00
1.012088408251623273e+00
1.009439141793989636e+00
1.006039434912159081e+00
1.002503781503700786e+00
9.956329944043780245e-01
9.943145382838975976e-01
9.904700465978152346e-01
9.851508377677222761e-01
9.826234228390640091e-01
9.817495387441996790e-01
9.816364093906011501e-01
9.836090821468745915e-01
9.842232987551626788e-01
9.926293313035494670e-01
1.005325336567024941e+00
1.069161373134029258e+00
1.133794334301116091e+00
1.134822810830249606e+00
1.139849742929550658e+00
1.142404613109468059e+00
1.142967864724485860e+00
1.169936712446703053e+00
1.184197169362534829e+00
1.184665260639484519e+00
1.189524884352421319e+00
