2.350459362380206585e+00
2.347082225740641626e+00
2.321125795987967866e+00
2.310780606061669129e+00
2.310284423926852071e+00
2.307268286246541233e+00
2.298345289426175775e+00
2.285081783987168436e+00
2.281407977254452213e+00
2.252404880857154179e+00
2.246525733003788439e+00
2.235592451274295289e+00
2.222850650713627196e+00
2.181918627386915333e+00
2.160251572102929618e+00
2.151754601170579484e+00
2.124369795098421942e+00
2.108246798565196034e+00
2.097746004193729252e+00
2.084914636987025283e+00
2.071490774919281908e+00
2.060364638071622956e+00
2.043799272170548242e+00
2.041113755513958683e+00
2.033883492808030713e+00
2.024974964382333376e+00
2.021091938241259989e+00
2.019836748007354910e+00
2.019691680390826694e+00
2.023302815552485701e+00
2.024375983204573792e+00
2.039698891061473507e+00
2.065322797057001392e+00
2.244036540172090088e+00
2.532399673027793785e+00
2.537432939726026682e+00
2.561690412905290870e+00
2.573751101010158138e+00
2.576381935019364189e+00
2.687378156381828642e+00
2.733913442215758050e+00
2.735315024567765985e+00
2.749436797157346568e+00
