2.237747126670749864e+01
2.237592804179886485e+01
2.236127250478027406e+01
2.230881512022480706e+01
2.227165176807217861e+01
2.216176082611977449e+01
2.213307960816461417e+01
2.203611888653549045e+01
2.200100907858528387e+01
2.198879078296015521e+01
2.196530704427714298e+01
2.195223215421078677e+01
2.193559801431016609e+01
2.184409885815951569e+01
2.176363102707237474e+01
2.175885790299007638e+01
2.161851808897812077e+01
2.158656381356240672e+01
2.155043346930483850e+01
2.145572133728131803e+01
2.141811490274066543e+01
2.139742838586092688e+01
2.131307644941712454e+01
2.129063540618656702e+01
2.122554624139579715e+01
2.110193495064510572e+01
2.100063078725054311e+01
2.090356822350262433e+01
2.085130493473605995e+01
2.070411855134066315e+01
2.069482498154239281e+01
2.067524669613479915e+01
2.065272072842014950e+01
2.062451679259745774e+01
2.059301442459923948e+01
2.051891552717399847e+01
2.048977127734377035e+01
2.046394188486246080e+01
2.046300038231998286e+01
2.045985919443494794e+01
2.039648326487051833e+01
2.035015254872822865e+01
2.024553829506422886e+01
2.017286119065493821e+01
2.012769500633876874e+01
2.003199038299151979e+01
2.000758900590334477e+01
1.999999920463914904e+01
