2.525320723043696489e+02
2.526190193212914892e+02
2.529752813671915135e+02
2.536231551977221841e+02
2.539758507624418939e+02
2.549478719870453745e+02
2.552180737591926913e+02
2.563546116585254140e+02
2.569601111600872514e+02
2.572173813543706729e+02
2.577818581146366341e+02
2.581140326910931435e+02
2.585157611826641642e+02
2.600366080756995188e+02
2.609198674259210406e+02
2.609671292173777601e+02
2.622855500747464248e+02
2.625936395853315162e+02
2.629605810578179330e+02
2.641126714488207767e+02
2.647029820000904579e+02
2.650659071856591709e+02
2.665100456344966915e+02
2.668199195490516331e+02
2.675648903310020046e+02
2.686474027717908939e+02
2.694099489989874883e+02
2.701284886264464262e+02
2.705339642166704834e+02
2.718947540457375567e+02
2.719990624721575614e+02
2.722282624011731400e+02
2.725072445949791700e+02
2.728738938881924128e+02
2.732879258838489704e+02
2.741550559234713091e+02
2.744396934082212738e+02
2.746693490503089379e+02
2.746773693136605061e+02
2.747039625184935403e+02
2.751948218312546715e+02
2.755129824405411796e+02
2.761651934094090279e+02
2.766023587841075937e+02
2.768845651230810745e+02
2.776170752206463703e+02
2.779345190562264065e+02
2.781291439547933351e+02
