2.499692006665281951e+01
2.440522822210914455e+01
2.385155006523564225e+01
2.333965725060988916e+01
2.287213693487865385e+01
2.245029239815630717e+01
2.207414497919671703e+01
2.174254977351665730e+01
2.145339158908245736e+01
2.120380717346051824e+01
2.099042476782415179e+01
2.080959118341343128e+01
2.065755285804698360e+01
2.053059790026964038e+01
2.042515842250577407e+01
2.033786054116353625e+01
2.026553656914984458e+01
2.020519948236687924e+01
2.015397762499924283e+01
2.010899212221193011e+01
2.006733631583483657e+01
