2.216319888650181014e+01
2.216203175910806067e+01
2.214902901600698826e+01
2.209993417661504367e+01
2.206472933621249410e+01
2.196041019845900522e+01
2.193327616260094715e+01
2.184262877992225427e+01
2.181073955335501324e+01
2.179986877226766140e+01
2.177932682701078093e+01
2.176799140168419910e+01
2.175348980903650187e+01
2.167064757059317159e+01
2.159577358258428958e+01
2.159131158791358374e+01
2.146003461065533813e+01
2.143027762943563275e+01
2.139678806383855658e+01
2.131047463611563231e+01
2.127722839201615912e+01
2.125925195439202398e+01
2.118610051482411194e+01
2.116618835059808035e+01
2.110741014769046942e+01
2.099356767829673132e+01
2.089951544596871003e+01
2.080948657481483366e+01
2.076125149839618800e+01
2.062779088787467074e+01
2.061956286019666251e+01
2.060233507249937901e+01
2.058269021131118492e+01
2.055831519489060355e+01
2.053121197658948560e+01
2.046668959498990148e+01
2.044082453539945021e+01
2.041769755951119691e+01
2.041685138479798667e+01
2.041402674757419788e+01
2.035662577631647352e+01
2.031430443832928034e+01
2.021823706690011591e+01
2.015150830548071070e+01
2.011025501405377014e+01
2.002484313352003298e+01
2.000489019362734666e+01
1.999999921221670007e+01
