3.064976028240344021e+02
3.065915927319377374e+02
3.069767273848424338e+02
3.076771320308431541e+02
3.080584271360741013e+02
3.091092688067579388e+02
3.094013823238271357e+02
3.106300921390947565e+02
3.112846970892309741e+02
3.115628315095065091e+02
3.121730873120285423e+02
3.125322025113468385e+02
3.129665145853616082e+02
3.146107283084847381e+02
3.155656332084274140e+02
3.156167285138470788e+02
3.170420923040464913e+02
3.173751746815423758e+02
3.177718846677980764e+02
3.190174458888050708e+02
3.196556502900970713e+02
3.200480204178757617e+02
3.216093051480474401e+02
3.219443132884718466e+02
3.227497775571873717e+02
3.239210954014585013e+02
3.247482468663746999e+02
3.255310520382517439e+02
3.259749949091662415e+02
3.274813100139692210e+02
3.275979582145556037e+02
3.278548725535973176e+02
3.281686623114304666e+02
3.285827038985681270e+02
3.290521600754341307e+02
3.300396357769284350e+02
3.303643965967183931e+02
3.306264860263561900e+02
3.306356392980640067e+02
3.306659893190448543e+02
3.312261678454059961e+02
3.315892362555801469e+02
3.323338325635339743e+02
3.328336536738921154e+02
3.331568062354697304e+02
3.339974064635464970e+02
3.343619599830585116e+02
3.345852145007748391e+02
