9.097071794295064961e+00
9.098896683262422513e+00
9.103318051940329170e+00
9.102091446420281784e+00
9.098494526042690822e+00
9.087153268825131747e+00
9.085091328578624115e+00
9.087160581263081127e+00
9.095581159907933255e+00
9.100370335325317583e+00
9.112484082988336453e+00
9.120096759113200946e+00
9.129177207694047169e+00
9.154632962184892975e+00
9.160798081635068257e+00
9.160997364654651420e+00
9.166166058103407011e+00
9.168407409960991572e+00
9.172180263821452684e+00
9.193635928020043480e+00
9.210035439382687983e+00
9.221360685941704105e+00
9.267008597462773167e+00
9.275270468900581378e+00
9.290898513308077256e+00
9.302626012194908256e+00
9.305850914513936090e+00
9.308977530181547166e+00
9.312135792651128341e+00
9.336439430629997815e+00
9.339256413736061191e+00
9.345858824000854881e+00
9.354550676937654075e+00
9.366737672767682099e+00
9.380878089881964144e+00
9.407857877702619831e+00
9.414919557117611859e+00
9.419732270243443395e+00
9.419885227571569430e+00
9.420384966755488421e+00
9.427550437632023161e+00
9.430216817599946566e+00
9.432284638092660600e+00
9.433153322227347815e+00
9.434707990274917577e+00
9.448746280513159235e+00
9.462392152099093678e+00
9.473946277332359500e+00
