2.214848861336115959e+01
2.214734871405509864e+01
2.213446494274419862e+01
2.208561000467005186e+01
2.205054412793771945e+01
2.194661886668979633e+01
2.191959401915295302e+01
2.182939217234932983e+01
2.179773042700425378e+01
2.178695487345138559e+01
2.176662086956812203e+01
2.175540838709813940e+01
2.174105745266038170e+01
2.165882516706233574e+01
2.158434355601598398e+01
2.157990334584809133e+01
2.144925933294818066e+01
2.141965540026249570e+01
2.138634958435869038e+01
2.130061928266383120e+01
2.126767504459016678e+01
2.124988607482146463e+01
2.117750747730318750e+01
2.115776939195594153e+01
2.109942499929031001e+01
2.098625245056625488e+01
2.089269639788480859e+01
2.080314787731837001e+01
2.075518749489036807e+01
2.062266054594033804e+01
2.061450484198778099e+01
2.059743651275319465e+01
2.057798695370184561e+01
2.055387123147475492e+01
2.052706557139087096e+01
2.046318974169498262e+01
2.043754572880512654e+01
2.041460079760102175e+01
2.041376104255184387e+01
2.041095772185450485e+01
2.035395883441242404e+01
2.031190702295658923e+01
2.021641342910776373e+01
2.015008332275200331e+01
2.010909193243386994e+01
2.002436744423925674e+01
2.000471075836787094e+01
1.999999921274042691e+01
