1.325738960877060890e+01
1.323276933159671565e+01
1.324756712951771576e+01
1.340510275385418737e+01
1.341591563267894216e+01
1.348792406772112606e+01
1.373604293724100955e+01
1.405650506527556942e+01
1.412840682353796495e+01
1.455979429611860354e+01
1.463063998093077700e+01
1.475472933100214767e+01
1.489065413820569184e+01
1.530169346528230712e+01
1.552165201421361296e+01
1.561112153617870568e+01
1.592105814637435834e+01
1.612608859255454519e+01
1.627208208291202496e+01
1.646693076327906269e+01
1.669385881977018116e+01
1.690333103861996022e+01
1.726330964574260918e+01
1.732935459706887826e+01
1.752463618919664867e+01
1.783429750792088697e+01
1.805008694618301135e+01
1.818893083782432285e+01
1.822439443990467467e+01
1.860055976706376057e+01
1.864300267402876443e+01
1.899829220457523959e+01
1.932559689097169553e+01
2.042182740455475454e+01
2.156265219879043826e+01
2.158145616906575270e+01
2.167194950781490448e+01
2.171687744136568554e+01
2.172667329933490876e+01
2.214025897822296329e+01
2.231583868698539774e+01
2.232117544028994871e+01
2.237516152381946455e+01
