1.192210027532360161e+00
1.193710478920587459e+00
1.202178418784009661e+00
1.203556784667884516e+00
1.203583480931372351e+00
1.203671961646767485e+00
1.203542776358488720e+00
1.204051837324238150e+00
1.204425765043802610e+00
1.209545064304472284e+00
1.210903334556873379e+00
1.213635317772181699e+00
1.217116713972556497e+00
1.230119862848765067e+00
1.237981433386319052e+00
1.241224337789226029e+00
1.252140945777737047e+00
1.258718466038314387e+00
1.262940419078105281e+00
1.267897485320494511e+00
1.272702365899171850e+00
1.276362006410679095e+00
1.281791670310581166e+00
1.282800675643997579e+00
1.286073961761152740e+00
1.292905984972149813e+00
1.299461320269413189e+00
1.304637187648531649e+00
1.306087889831474502e+00
1.324800490965131194e+00
1.327289530090915992e+00
1.350864364088027347e+00
1.376181594647815309e+00
1.468115956916699494e+00
1.543303142786545790e+00
1.544416810561659359e+00
1.549816080355840509e+00
1.552531425627089012e+00
1.553127398665981485e+00
1.580547623026375303e+00
1.594257181803809154e+00
1.594699476452794640e+00
1.599265115679647353e+00
