2.820549135521396238e+02
2.818816189094833931e+02
2.811430017202604859e+02
2.797343648261697808e+02
2.789598601335060266e+02
2.768873207452062957e+02
2.763365387773675366e+02
2.741503520788983224e+02
2.730610111550848842e+02
2.726113634061179596e+02
2.716495849573440751e+02
2.710987402247157547e+02
2.704471968920006475e+02
2.681270768028405200e+02
2.668836189893606274e+02
2.668190842478784361e+02
2.650939458739597967e+02
2.647111879044836655e+02
2.642656498949655770e+02
2.629455448268276996e+02
2.623188000868712493e+02
2.619503973381148967e+02
2.605979989186274111e+02
2.603274193911588554e+02
2.596988109032969305e+02
2.588355530800629936e+02
2.582657796468532183e+02
2.577620532821748043e+02
2.574925525181168382e+02
2.566575047229536608e+02
2.565971377205938211e+02
2.564659251782684919e+02
2.563086541030351668e+02
2.561056354550977971e+02
2.558810320391466462e+02
2.554269612207482396e+02
2.552832283930935375e+02
2.551693423681371655e+02
2.551653993328810088e+02
2.551523417328734524e+02
2.549158636784391661e+02
2.547669935077134653e+02
2.544708339975874196e+02
2.542771886147410214e+02
2.541534958043953907e+02
2.538365964836366402e+02
2.537025575728199556e+02
2.536223390556928905e+02
