7.644071634707111151e+00
7.646801682789110544e+00
7.655158522553636935e+00
7.661521961219980525e+00
7.661980637852106923e+00
7.660205369182256696e+00
7.660182376052611986e+00
7.667225995662932725e+00
7.676002928284588300e+00
7.680534215818572541e+00
7.691396843890106361e+00
7.697928547531512677e+00
7.705462501152766208e+00
7.723920375238059854e+00
7.725493051605839767e+00
7.725427396439333627e+00
7.721665338127182920e+00
7.721231111087725196e+00
7.721452614857757801e+00
7.729098586217979516e+00
7.737063305423359516e+00
7.742896753390030362e+00
7.766238070737804478e+00
7.769945274482261688e+00
7.775335403147786373e+00
7.774001648478599868e+00
7.768769940167049803e+00
7.763755637088276984e+00
7.761995904735966789e+00
7.766956430299758019e+00
7.768098563190671157e+00
7.770938660210502391e+00
7.774920555217357254e+00
7.780764469983531662e+00
7.787661743050841245e+00
7.799948630589693899e+00
7.802520417500618422e+00
7.803874994770479745e+00
7.803909989848408557e+00
7.804019973318363945e+00
7.804372192913336725e+00
7.802986395031307865e+00
7.797360528798789936e+00
7.793148548755058691e+00
7.791229248132960805e+00
7.794366231717216209e+00
7.801882207389639667e+00
7.809090654878057869e+00
