1.145765057762914196e+01
1.146161313719143138e+01
1.147373730951605530e+01
1.148310461094116341e+01
1.148402020098903620e+01
1.148322455785317864e+01
1.148403853169217648e+01
1.149973373854895087e+01
1.151662779826566130e+01
1.152520748617422086e+01
1.154580636112454251e+01
1.155837763051858680e+01
1.157325693881746709e+01
1.161647026456461163e+01
1.162908341632622466e+01
1.162955593656593756e+01
1.164064274304989155e+01
1.164410034994054044e+01
1.164941059729297201e+01
1.167699984356426057e+01
1.169742018563158581e+01
1.171142579671253969e+01
1.176749677823670659e+01
1.177757752512063227e+01
1.179650138705921769e+01
1.181018468922861686e+01
1.181338829226793052e+01
1.181634824429413300e+01
1.181967580154314668e+01
1.184753485986491484e+01
1.185083984239360078e+01
1.185860986796619265e+01
1.186887550009447168e+01
1.188331103610701689e+01
1.190008415818635612e+01
1.193197916963488225e+01
1.194023568675832259e+01
1.194580348023316319e+01
1.194597922084282970e+01
1.194655273678317187e+01
1.195458758644060104e+01
1.195733914438721968e+01
1.195872828096620566e+01
1.195896392911077122e+01
1.196031363430558159e+01
1.197604430289378108e+01
1.199213989873332764e+01
1.200592657373764638e+01
