1.250000000000000069e-02
1.250000000000000069e-02
1.250000000000000069e-02
1.250000000000000069e-02
1.250000000000000069e-02
1.250000000000000069e-02
1.250000000000000069e-02
1.250000000000000069e-02
1.250000000000000069e-02
1.250000000000000069e-02
1.250000000000000069e-02
1.250000000000000069e-02
1.250000000000000069e-02
1.250000000000000069e-02
1.250000000000000069e-02
1.250000000000000069e-02
1.250000000000000069e-02
1.250000000000000069e-02
1.250000000000000069e-02
1.250000000000000069e-02
1.250000000000000069e-02
