1.831790975455478474e+02
1.832182897559818855e+02
1.833771807934623439e+02
1.836569169738468190e+02
1.838030822816745342e+02
1.841806307705836332e+02
1.842788796022254587e+02
1.846619731274173546e+02
1.848473734949097036e+02
1.849223068517145805e+02
1.850783516023110735e+02
1.851644222841821374e+02
1.852621928070814477e+02
1.855547280238283747e+02
1.856545296640437925e+02
1.856582267701451485e+02
1.856927989506347103e+02
1.856824894575345297e+02
1.856619004807779163e+02
1.855453441935147225e+02
1.854591805339233588e+02
1.853981544757588438e+02
1.850926863378497274e+02
1.850126907909098861e+02
1.847964657440721510e+02
1.844188176429973396e+02
1.841096649116692276e+02
1.837911970361830640e+02
1.836021769042781955e+02
1.829318146554288376e+02
1.828784362294609309e+02
1.827601213439995149e+02
1.826140844967123940e+02
1.824183832903127325e+02
1.821914267856894298e+02
1.816909544074193832e+02
1.815181602296383687e+02
1.813754668557532170e+02
1.813704302753385491e+02
1.813537044750128189e+02
1.810379417220709115e+02
1.808263773800189540e+02
1.803776005405744343e+02
1.800674358935834221e+02
1.798641961786471768e+02
1.793295132609931102e+02
1.790960431231029872e+02
1.789527013515578062e+02
