3.529131606221199036e+00
3.553976212536553270e+00
3.794194333321988744e+00
3.940539920484615877e+00
3.948716542700826171e+00
4.000400585788067787e+00
4.158220831033000664e+00
4.344446307639652005e+00
4.385279283016075169e+00
4.628428231535412607e+00
4.668262246296562168e+00
4.738013196352517831e+00
4.814387028706479832e+00
5.045139645376824689e+00
5.168549011369382384e+00
5.218748373589953360e+00
5.392691852900391325e+00
5.507793403987029102e+00
5.589755215703042346e+00
5.699132740489735838e+00
5.826488653089568537e+00
5.944016279042031670e+00
6.145880072364554358e+00
6.182891804726160956e+00
6.292269858665235915e+00
6.465609908845525666e+00
6.586596769527196749e+00
6.664743066654371439e+00
6.684763105416343443e+00
6.899492305933603298e+00
6.924069007848049573e+00
7.133120955947911845e+00
7.329918255755877077e+00
7.928628416753161545e+00
8.212469417775464464e+00
8.213890054719952261e+00
8.219103734033202713e+00
8.220629199899208928e+00
8.220861773898946012e+00
8.186985884800062507e+00
8.134209534196532587e+00
8.132093313461497885e+00
8.108740739700124323e+00
