2.644848239433504204e+02
2.643849630723263999e+02
2.639300143417945606e+02
2.629704257627140578e+02
2.624065328279227174e+02
2.608020160683084896e+02
2.603543297114023858e+02
2.584898385019906755e+02
2.575059457484619543e+02
2.570882029631769683e+02
2.561690350097030091e+02
2.556245845684100289e+02
2.549602032826765878e+02
2.523327835603186315e+02
2.506735327460251597e+02
2.505812603048714209e+02
2.478674018416793672e+02
2.472005086960782876e+02
2.463958221290193364e+02
2.438399472749740937e+02
2.425358110492488208e+02
2.417388624179649810e+02
2.385668369008051286e+02
2.378741080137682502e+02
2.361727508665223922e+02
2.336034605305167133e+02
2.317472841422809609e+02
2.299942132453799104e+02
2.290123572692618552e+02
2.257810659650327523e+02
2.255368034309483107e+02
2.250009291371445670e+02
2.243494296532153953e+02
2.234924701090390045e+02
2.225205159813794467e+02
2.204560477632126378e+02
2.197671176431055926e+02
2.192067083728801720e+02
2.191870621690631253e+02
2.191218837264763692e+02
2.179086794606519391e+02
2.171120474740128259e+02
2.154545489704823353e+02
2.143267625409531263e+02
2.135929232911828421e+02
2.116781970779407231e+02
2.108519571165691673e+02
2.103496941966155305e+02
