1.354327281572664887e+01
1.354344780316831809e+01
1.350678999351783460e+01
1.345215503747958863e+01
1.344845457863139515e+01
1.342362017142216501e+01
1.333433193031978803e+01
1.321079124204703703e+01
1.318225222150323894e+01
1.301176493968696768e+01
1.298473947384300153e+01
1.293862194809528177e+01
1.289019063864297543e+01
1.275865834514111441e+01
1.269664945217528107e+01
1.267260631410297478e+01
1.259152252004128236e+01
1.253681111878633558e+01
1.249574887005178425e+01
1.243672149860577747e+01
1.236022718668804998e+01
1.228131425370174057e+01
1.212822359476072087e+01
1.209822302777804914e+01
1.200744917836777148e+01
1.186217222651675840e+01
1.176460801591272620e+01
1.170501940460599144e+01
1.169028530006997713e+01
1.154754343605246447e+01
1.153298858499296031e+01
1.142103137525107925e+01
1.132558613473830178e+01
1.085544557779761909e+01
9.804317208186832389e+00
9.783302035786624273e+00
9.681723584693500584e+00
9.631154537130754534e+00
9.620128338679881708e+00
9.168790150778079351e+00
8.997997490025142042e+00
8.993126702543534634e+00
8.945089394039266395e+00
