1.326375669451552852e+01
1.326680527019838429e+01
1.327459284245304971e+01
1.327428061756889477e+01
1.326935983610149172e+01
1.325219556184225311e+01
1.324866581282424605e+01
1.324811903927048284e+01
1.325772559560047625e+01
1.326342923928551265e+01
1.327799546616935800e+01
1.328708817630367989e+01
1.329771401377637297e+01
1.332291464963382133e+01
1.332333079748196880e+01
1.332312557382869223e+01
1.331529984104412812e+01
1.331456808135075853e+01
1.331512168576849575e+01
1.332978048338844168e+01
1.334469862158565512e+01
1.335558155693798277e+01
1.339941053734310472e+01
1.340656882470976541e+01
1.341763090500562505e+01
1.341770528460452994e+01
1.341029838565164312e+01
1.340323523669150241e+01
1.340115557225762899e+01
1.341337853667179836e+01
1.341565918454989159e+01
1.342125265293348235e+01
1.342898544307179165e+01
1.344022316396489813e+01
1.345343703703303539e+01
1.347730845075257733e+01
1.348257134288050274e+01
1.348554959096604300e+01
1.348563193332071286e+01
1.348589430976684334e+01
1.348778439169705301e+01
1.348616877126854696e+01
1.347795305830395662e+01
1.347166416305833359e+01
1.346900648933594269e+01
1.347635928333519395e+01
1.349035437025446527e+01
1.350350021903409647e+01
