3.705234799559406156e+00
3.700959255108795531e+00
3.679630057200296456e+00
3.679456940389744357e+00
3.679643060474334426e+00
3.681205099650740387e+00
3.689256959414502823e+00
3.703041411196410948e+00
3.706518443819379449e+00
3.730441191975953252e+00
3.734945576502350484e+00
3.743293127124889708e+00
3.753151789982463349e+00
3.787785039996550474e+00
3.809086865822021384e+00
3.818178793179585639e+00
3.850708072949774241e+00
3.872182288351219359e+00
3.886915542950936775e+00
3.905304938741041898e+00
3.924214102776240498e+00
3.938835490283143059e+00
3.957680797449916632e+00
3.960422040936196986e+00
3.967711052204897726e+00
3.978648511800629617e+00
3.987697483532988585e+00
3.994855516099898196e+00
3.996896423540357457e+00
4.024956823477920942e+00
4.028918919876361748e+00
4.068409645872431923e+00
4.113188390170579467e+00
4.262045926697429543e+00
4.301982361940397404e+00
4.302129106569664962e+00
4.303151475763268508e+00
4.303913803541567162e+00
4.304107652130429784e+00
4.327391444197538739e+00
4.351119283992143316e+00
4.352015636652975417e+00
4.361719288823651119e+00
