1.966401644326576204e+01
1.966886484768022925e+01
1.968169757744187720e+01
1.968335197683225957e+01
1.967710316304201612e+01
1.965422975125570559e+01
1.964964557801829059e+01
1.965132586694149452e+01
1.966676272553912952e+01
1.967570022940950381e+01
1.969829470641726843e+01
1.971232308811299561e+01
1.972869433934196337e+01
1.976783459835421297e+01
1.976897196527042411e+01
1.976868337043194046e+01
1.975699728637553321e+01
1.975574992980691036e+01
1.975631091240511239e+01
1.977681389153212521e+01
1.979810229697966051e+01
1.981367657210661548e+01
1.987615960933300485e+01
1.988619669281298741e+01
1.990116871459559533e+01
1.989908541085909732e+01
1.988645395654053161e+01
1.987432765478096641e+01
1.987026300473410245e+01
1.988483714490892851e+01
1.988793185633750227e+01
1.989558903793433942e+01
1.990627005000377281e+01
1.992188805908364202e+01
1.994028891542502890e+01
1.997317549275965831e+01
1.998015838277055423e+01
1.998391434626759278e+01
1.998401342373058398e+01
1.998432616443624710e+01
1.998572408866790795e+01
1.998241968753185205e+01
1.996836207609909053e+01
1.995775211802301641e+01
1.995296043833704758e+01
1.996153154687813824e+01
1.998119885198492440e+01
1.999999929347666239e+01
