9.357321409106857502e+00
9.358047289952024173e+00
9.357768541075090596e+00
9.347336401769293701e+00
9.338471802249852516e+00
9.312162019799362866e+00
9.305908110407793643e+00
9.290635186180526972e+00
9.290135124228173780e+00
9.291209785736151971e+00
9.295319720396902241e+00
9.298303679691988677e+00
9.301848677989925207e+00
9.306644353598207076e+00
9.300824447871104184e+00
9.300381551710398043e+00
9.287689468355933897e+00
9.285803800140868702e+00
9.284705817749463463e+00
9.291307313505107857e+00
9.300408920200602836e+00
9.307358230895840023e+00
9.336322031553692113e+00
9.341121773277507145e+00
9.348532990600888937e+00
9.348490396374197431e+00
9.343510968635706959e+00
9.338988055246561615e+00
9.337876688766847622e+00
9.348181421224786902e+00
9.349948474411903021e+00
9.354255311240303072e+00
9.360173395424029152e+00
9.368746037663916226e+00
9.378840495595834881e+00
9.397421253056558399e+00
9.401733758662603080e+00
9.404327082937657067e+00
9.404402492516194201e+00
9.404645079113485906e+00
9.407055983428392665e+00
9.406631418641426379e+00
9.402349548413035052e+00
9.398974030621211284e+00
9.397809884262835922e+00
9.404966584042272260e+00
9.415762685920874731e+00
9.425627067569589457e+00
