8.978888943791389465e+00
9.025295474934738493e+00
9.472855527701225853e+00
9.745406343662015303e+00
9.760636350139446193e+00
9.856904083686496065e+00
1.015077506950250630e+01
1.049718669915950287e+01
1.057309226350035480e+01
1.102497555042844901e+01
1.109902236021687472e+01
1.122871195235897090e+01
1.137076569674954740e+01
1.180022774225399651e+01
1.202998216572702361e+01
1.212343668741334568e+01
1.244721904189640327e+01
1.266144131950571250e+01
1.281398275826737887e+01
1.301756069916581282e+01
1.325463523730311977e+01
1.347345123284456925e+01
1.384926339269163975e+01
1.391812837973405337e+01
1.412141480548194927e+01
1.444200798271578812e+01
1.466340090955047692e+01
1.480471891740485546e+01
1.484065957609779929e+01
1.521789765574263242e+01
1.526002090054244142e+01
1.560979305369987991e+01
1.592905994531268377e+01
1.699935662555295934e+01
1.811888012440045870e+01
1.813744465413763152e+01
1.822693150257182637e+01
1.827145732728835981e+01
1.828117471493344937e+01
1.869475250546925693e+01
1.887201938722863659e+01
1.887741502360162471e+01
1.893200148087613854e+01
