9.692480779180856487e+00
9.690818005201411012e+00
9.680313359255327654e+00
9.649796304165890959e+00
9.629399259172176428e+00
9.570130100977564780e+00
9.554587565539696570e+00
9.500542394438394211e+00
9.479825910643358000e+00
9.472413218237020871e+00
9.458068789533628618e+00
9.450260087576381807e+00
9.440762211183640673e+00
9.395181384291145577e+00
9.358540459232079556e+00
9.356406315865022805e+00
9.294816863931398387e+00
9.281076812594145409e+00
9.265695792274037501e+00
9.226692014480089910e+00
9.212243757596443317e+00
9.204727821226812878e+00
9.176583413765539987e+00
9.169245014130986249e+00
9.147619497201750605e+00
9.105620739068026381e+00
9.071150890461147753e+00
9.038842980524263382e+00
9.022053086545195555e+00
8.979846083027650749e+00
8.977603223514575959e+00
8.973111394658289441e+00
8.968346220817528192e+00
8.962930459345585632e+00
8.957310469605110015e+00
8.943287331009809549e+00
8.936983649499310900e+00
8.931036689349486579e+00
8.930814197401064192e+00
8.930069169835432419e+00
8.914283012784121496e+00
8.902078294945981796e+00
8.873595060334434237e+00
8.853891785058257469e+00
8.842117975699954613e+00
8.821428616865773620e+00
8.820021977956239212e+00
8.822372642459880510e+00
