2.736003608448796864e+00
2.740381729190594751e+00
2.774631292647464331e+00
2.789572706257057888e+00
2.790303768734218703e+00
2.794709493014906787e+00
2.806304342085339965e+00
2.817877759828199657e+00
2.820298971627577256e+00
2.835085003800785319e+00
2.837648504451832920e+00
2.842255474094157908e+00
2.847457188979023890e+00
2.863593673420232300e+00
2.871804580895942038e+00
2.874899604053771540e+00
2.883849714919044960e+00
2.887732767865903494e+00
2.889277205465347276e+00
2.889599637214190331e+00
2.887393147116001479e+00
2.882998055202041776e+00
2.871134644397044688e+00
2.868530406443644765e+00
2.860416941196845642e+00
2.847396331505365641e+00
2.839168292545118266e+00
2.834554399242609879e+00
2.833478108240309545e+00
2.824925204722885663e+00
2.824296136728466688e+00
2.821446065548420812e+00
2.821684616667441414e+00
2.819262812973680532e+00
2.790873565463271699e+00
2.790579633704425522e+00
2.789489357957424698e+00
2.789171982951341278e+00
2.789124598908590436e+00
2.796605996102234482e+00
2.807208310840115129e+00
2.807615997975692057e+00
2.812041187803577369e+00
