1.546099640873690078e+02
1.546099700595547688e+02
1.546099975952057832e+02
1.546100516067024842e+02
1.546100788946973523e+02
1.546101357507980651e+02
1.546101463831444391e+02
1.546101723411555326e+02
1.546101784069152814e+02
1.546101801146250807e+02
1.546101826199392519e+02
1.546101834180099956e+02
1.546101837438622510e+02
1.546101792032571041e+02
1.546101749506676413e+02
1.546101747628223109e+02
1.546101730297530992e+02
1.546101736181140609e+02
1.546101746558032062e+02
1.546101787481514123e+02
1.546101807971232063e+02
1.546101821498322124e+02
1.546101917251507416e+02
1.546101952274562734e+02
1.546102059863615921e+02
1.546102260077525159e+02
1.546102417989280298e+02
1.546102577233388899e+02
1.546102673876683582e+02
1.546103053808494678e+02
1.546103086828642574e+02
1.546103161178013465e+02
1.546103254741901765e+02
1.546103382181304084e+02
1.546103531360111845e+02
1.546103862108258795e+02
1.546103977797496043e+02
1.546104074643774595e+02
1.546104078089008169e+02
1.546104089544460010e+02
1.546104310563160027e+02
1.546104464401761334e+02
1.546104806065035859e+02
1.546105051300519619e+02
1.546105213896672410e+02
1.546105641529781849e+02
1.546105828669311961e+02
1.546105945491728733e+02
