9.774535407940402365e+01
9.774169292232495820e+01
9.772148598463583369e+01
9.766845690090130461e+01
9.763351703230925693e+01
9.752449818416786798e+01
9.749205284609007549e+01
9.734931754350317590e+01
9.726960119511278435e+01
9.723481607736202648e+01
9.715588793759280861e+01
9.710718971905933472e+01
9.704518781868758026e+01
9.675854570968701296e+01
9.653406176068753552e+01
9.652055897863155565e+01
9.608171968062475798e+01
9.596332502256083785e+01
9.581597423157967341e+01
9.532046657419736846e+01
9.505350555916038502e+01
9.488580632183594332e+01
9.417999932844419675e+01
9.401668401316518953e+01
9.360033975526056338e+01
9.293107497461791411e+01
9.242003982591910471e+01
9.191984615503417899e+01
9.163371680007159625e+01
9.067161491900330361e+01
9.059793596434295182e+01
9.043585945526145053e+01
9.023792865258931784e+01
8.997580109207143551e+01
8.967533921256460872e+01
8.902130926860628790e+01
8.879706797251782291e+01
8.861220834941104840e+01
8.860568735670803164e+01
8.858403363212595139e+01
8.817555991202968357e+01
8.790203003092099721e+01
8.732171287693739714e+01
8.692055558437584750e+01
8.665782754714662417e+01
8.596904957618454546e+01
8.567074738290823177e+01
8.548888760056975400e+01
