5.637124013754982954e+00
5.633753766366107918e+00
5.616967899665412212e+00
5.576879306907675193e+00
5.551597687043019036e+00
5.477189555813043675e+00
5.456579215939349581e+00
5.375831037588561401e+00
5.337557033920359295e+00
5.322141381181863196e+00
5.289441872407342871e+00
5.270498290668633956e+00
5.247377092253432629e+00
5.149989062333002465e+00
5.082067174843030166e+00
5.078180335847649829e+00
4.961347425595266536e+00
4.932283779577025129e+00
4.897132562860614158e+00
4.784205761934918755e+00
4.724799633897211137e+00
4.687423432264300693e+00
4.526499564486831773e+00
4.488266091637832744e+00
4.389425489627559074e+00
4.227620195300439754e+00
4.102374994322780744e+00
3.978796795934647523e+00
3.907916720939989652e+00
3.672808676945279238e+00
3.655331827891044050e+00
3.617334068733156105e+00
3.571894136596406977e+00
3.513636878646659856e+00
3.449947091366611929e+00
3.323779681696001909e+00
3.284407040278407131e+00
3.253339919032238292e+00
3.252266102496259137e+00
3.248710945927391514e+00
3.184566297847485128e+00
3.144517019197736296e+00
3.066615433517929201e+00
3.018231589228682399e+00
2.989063740543606684e+00
2.923362217886612324e+00
2.900620589499434132e+00
2.888778870336990323e+00
