4.169621730840805007e+00
4.173197257969943230e+00
4.197003847306667979e+00
4.201120088623820692e+00
4.201114332357085424e+00
4.200516894008191393e+00
4.193070882648517461e+00
4.175342523921059090e+00
4.170511273377154104e+00
4.138397854104295170e+00
4.133005492182428853e+00
4.123758187582912349e+00
4.114102755433640013e+00
4.089663200945262922e+00
4.080110380607958831e+00
4.076918086987939560e+00
4.068425598186104608e+00
4.064314710272543429e+00
4.061695185591764456e+00
4.058141189819284733e+00
4.053345739875661380e+00
4.047902106579865489e+00
4.036239249008896302e+00
4.033894255294504738e+00
4.026971792695613672e+00
4.017531896393652602e+00
4.013560304916671484e+00
4.012698004832946808e+00
4.012724819142964527e+00
4.019999339754395606e+00
4.021663200008072536e+00
4.042194771141251586e+00
4.070162241789436308e+00
4.178865323069874016e+00
4.223403846771401682e+00
4.223840117658527404e+00
4.226198649618896575e+00
4.227572575857558412e+00
4.227893780895298548e+00
4.252909227526742164e+00
4.273829147023478825e+00
4.274593840538422285e+00
4.282795526183774903e+00
