6.478236559852957726e+02
6.479751450158288435e+02
6.485958583698319444e+02
6.497246324905112260e+02
6.503391253181201819e+02
6.520326689774531133e+02
6.525034424427691420e+02
6.544836381417031816e+02
6.555385998675257042e+02
6.559868414930090239e+02
6.569703306835815511e+02
6.575490815072511168e+02
6.582490196615084415e+02
6.608988328564535095e+02
6.624377543759368336e+02
6.625200993939879481e+02
6.648172103475945960e+02
6.653540043057912499e+02
6.659933399782595416e+02
6.680006785183464899e+02
6.690292040836440037e+02
6.696615445457482565e+02
6.721776933602386634e+02
6.727175879100036582e+02
6.740156633909530228e+02
6.759033458208527918e+02
6.772363734937516710e+02
6.784979310544115378e+02
6.792133821310892472e+02
6.816409383138170597e+02
6.818289279558007365e+02
6.822429711065760785e+02
6.827486783115514299e+02
6.834159627009902351e+02
6.841725799961780012e+02
6.857642695188011430e+02
6.862878404448972560e+02
6.867104256045847706e+02
6.867251850091294045e+02
6.867741240838951171e+02
6.876775544618344611e+02
6.882632689502605672e+02
6.894649920201320583e+02
6.902720947899150588e+02
6.907941086180671846e+02
6.921527416628964602e+02
6.927423374179261373e+02
6.931035523101271565e+02
