9.603453487158531061e+02
9.605100461065754871e+02
9.611849163194945049e+02
9.624122376699763208e+02
9.630803828061348213e+02
9.649217793827546075e+02
9.654336521935023256e+02
9.675867296521696517e+02
9.687337988546598808e+02
9.692211762162743298e+02
9.702905337027024189e+02
9.709198154646369403e+02
9.716808657805441953e+02
9.745620375654458485e+02
9.762353247019334503e+02
9.763248594545352717e+02
9.788225409705578386e+02
9.794062056735814394e+02
9.801013656679397172e+02
9.822839758110404773e+02
9.834023077164646338e+02
9.840898622817807109e+02
9.868257227733056425e+02
9.874127624074083087e+02
9.888241897365353452e+02
9.908766985162765195e+02
9.923260585402018705e+02
9.936975444431157030e+02
9.944752014910194475e+02
9.971125762125687970e+02
9.973167157581870015e+02
9.977662760447790333e+02
9.983152675311420126e+02
9.990395148441001538e+02
9.998605378343554548e+02
1.001587221847362002e+03
1.002155075117749902e+03
1.002613355800348927e+03
1.002629361119004329e+03
1.002682430998094219e+03
1.003661990169377304e+03
1.004296902487227271e+03
1.005599027021077859e+03
1.006473052431781866e+03
1.007038102523356542e+03
1.008507801037132595e+03
1.009145169634218632e+03
1.009535518231284300e+03
