1.137234133746135001e+01
1.136873592814584555e+01
1.131162183796312348e+01
1.125698136857779730e+01
1.125351645500927056e+01
1.123068984574711671e+01
1.115239433761385257e+01
1.104886871575990703e+01
1.102542352901951794e+01
1.088819666346417847e+01
1.086690368310100396e+01
1.083091685192615294e+01
1.079367684860084253e+01
1.069661058358062711e+01
1.065384908053191992e+01
1.063793440795891954e+01
1.058706269293306512e+01
1.055471772451717527e+01
1.053105331503699382e+01
1.049743370754087124e+01
1.045398086663220205e+01
1.040901879452043843e+01
1.032182590617546225e+01
1.030487493730738180e+01
1.025421084562620422e+01
1.017648669754458801e+01
1.012825890631889791e+01
1.010123826737020636e+01
1.009492243303670556e+01
1.004424430234356436e+01
1.004045236412805231e+01
1.002293038387939283e+01
1.002437342018555455e+01
1.001368990452352747e+01
9.764725831725852956e+00
9.759796095669042160e+00
9.736827299833027638e+00
9.726009668340369174e+00
9.723713096475234963e+00
9.659231465578823617e+00
9.660993322324710419e+00
9.661412378594839367e+00
9.666977998078467138e+00
