2.937365562021732330e+02
2.932887820578122842e+02
2.892327177459342806e+02
2.868349175714833450e+02
2.866992031847312887e+02
2.858334792051351769e+02
2.830756046619159747e+02
2.795424792029735954e+02
2.787269260887729843e+02
2.736464769915905890e+02
2.727918421519269714e+02
2.712920777770156633e+02
2.696542387726274228e+02
2.648317975445497154e+02
2.623767162900777521e+02
2.614068452191568781e+02
2.581729292269969278e+02
2.561334313123745687e+02
2.547253829287452049e+02
2.529006004723672731e+02
2.508534443887456575e+02
2.490413160737080034e+02
2.461131552805244098e+02
2.456020984187398994e+02
2.441368966681997108e+02
2.419388776072723601e+02
2.404773915865525851e+02
2.395578198442098881e+02
2.393248590972797558e+02
2.368828595763080216e+02
2.366094253903481217e+02
2.343318017253029666e+02
2.322628844127915499e+02
2.258515408988471052e+02
2.197367394647054653e+02
2.196346058632884706e+02
2.191420684860053996e+02
2.188969425055809097e+02
2.188434476891086149e+02
2.165720670910639569e+02
2.156004715626887389e+02
2.155708410650148323e+02
2.152706683129866008e+02
