1.425167848333066267e+01
1.425552764515082949e+01
1.426623890919073467e+01
1.427014223578332341e+01
1.426715180425557783e+01
1.425500937095698895e+01
1.425296197384261987e+01
1.425969528535997632e+01
1.427390696235985779e+01
1.428168603854249419e+01
1.430095425141890431e+01
1.431284946983550910e+01
1.432683329206215106e+01
1.436357918289497526e+01
1.436959638447646093e+01
1.436967284037932835e+01
1.436950160127635634e+01
1.437062716362729198e+01
1.437349271782205662e+01
1.439633059281328009e+01
1.441596845775229063e+01
1.442987354020636559e+01
1.448571820869987903e+01
1.449527767791185795e+01
1.451164109961653459e+01
1.451819694421908125e+01
1.451478646075040224e+01
1.451148321093556959e+01
1.451167193099564834e+01
1.453299335399166381e+01
1.453607604260827380e+01
1.454347763365313462e+01
1.455348445786555445e+01
1.456779744574584079e+01
1.458453030597783240e+01
1.461550122318066514e+01
1.462290301470938658e+01
1.462751157848697758e+01
1.462764922194778983e+01
1.462809415897251242e+01
1.463313059304255326e+01
1.463333888282853579e+01
1.462848712351182989e+01
1.462438806657221591e+01
1.462324563168870917e+01
1.463557856263090784e+01
1.465252607168842403e+01
1.466781675271566598e+01
