2.379055198223177285e+02
2.378768539546462080e+02
2.377504942386265157e+02
2.374953196613438138e+02
2.373486763332603289e+02
2.369363460068381357e+02
2.368218289040134721e+02
2.363453179628062344e+02
2.360938101851003239e+02
2.359869685656524609e+02
2.357516596807567737e+02
2.356120603131740836e+02
2.354413964430769965e+02
2.347616946519902399e+02
2.343279157754670905e+02
2.343036876810500360e+02
2.335858253394663677e+02
2.334076812011917355e+02
2.331916598054707492e+02
2.324965183006086136e+02
2.321358962992599970e+02
2.319135013816775768e+02
2.310156823942201925e+02
2.308176747891971843e+02
2.303295371917310206e+02
2.295876353303847566e+02
2.290466141424440139e+02
2.285299751169563649e+02
2.282376966937616487e+02
2.272597901299006082e+02
2.271849344038542142e+02
2.270203283263210210e+02
2.268195658590985317e+02
2.265546016546253156e+02
2.262531595846539858e+02
2.256110524041325505e+02
2.253965393298857123e+02
2.252220356171652327e+02
2.252159183294597824e+02
2.251956237754225754e+02
2.248179824205082582e+02
2.245702036437647848e+02
2.240554493966241125e+02
2.237059234159608252e+02
2.234787785116153600e+02
2.228864236892418944e+02
2.226302787641532746e+02
2.224741096156196534e+02
