1.999999461491097463e+01
2.000666762647051655e+01
2.001450829024634004e+01
2.002360250841866218e+01
2.003402948722668953e+01
2.004586147726513445e+01
2.005916192219046934e+01
2.007398368533904431e+01
2.009036728385626702e+01
2.010833899931526503e+01
2.012790902684628236e+01
2.014906958104370460e+01
2.017179281644712319e+01
2.019602861994189880e+01
2.022170228286904603e+01
2.024871178381658865e+01
2.027692476830770829e+01
2.030617491582688672e+01
2.033625805137148745e+01
2.036692676122129342e+01
2.039789079091815438e+01
