3.887393667484066562e+00
3.885662986719256029e+00
3.860545952197818487e+00
3.840698971122935568e+00
3.839556029506435930e+00
3.832338362393481024e+00
3.811370851371363777e+00
3.791950181938307463e+00
3.788854390286914064e+00
3.781474201225846876e+00
3.782209779976764885e+00
3.784839094026389628e+00
3.789624158897320960e+00
3.814688424258056543e+00
3.832987254009565525e+00
3.841020595806789117e+00
3.869860235735238518e+00
3.888498207657182348e+00
3.900950001324298366e+00
3.916026815726344701e+00
3.930948927176143304e+00
3.942127569961362266e+00
3.956597587541988315e+00
3.958828857939574508e+00
3.965197057367842781e+00
3.976290004573773018e+00
3.986205476535478631e+00
3.994005755567593408e+00
3.996200890829217478e+00
4.024953255949705877e+00
4.028826585345419709e+00
4.065682260143847593e+00
4.104789953279479597e+00
4.224804202110783002e+00
4.267595868844719753e+00
4.268080306735438256e+00
4.270699449344691701e+00
4.272216571852688993e+00
4.272569850828317861e+00
4.298689273378355047e+00
4.319413060229215340e+00
4.320159955371050131e+00
4.328134242929151831e+00
