8.879737081937491894e+00
8.922112020307187308e+00
9.333012953506699461e+00
9.583528510354300423e+00
9.597476921519760396e+00
9.685442296239267890e+00
9.951119051939311788e+00
1.025758900677281638e+01
1.032382132949890163e+01
1.071394464461902274e+01
1.077755799453429830e+01
1.088897430417211787e+01
1.101105887891706558e+01
1.137861978728431644e+01
1.157078127703261927e+01
1.164702485256233189e+01
1.189767589862814212e+01
1.204802587181347917e+01
1.214584033732735691e+01
1.226332049082561326e+01
1.238097644994413571e+01
1.247220142233302731e+01
1.259530796956463661e+01
1.261385758258097134e+01
1.266193215923026649e+01
1.271604835133201661e+01
1.273376931064461459e+01
1.273383493911778963e+01
1.273218511810618914e+01
1.266364531628911472e+01
1.264919035289684501e+01
1.246445708374365324e+01
1.218332737502576002e+01
1.049491620033178130e+01
8.164447446285322485e+00
8.126377973554236078e+00
7.944396510826426727e+00
7.854904589848538343e+00
7.835477040841591467e+00
7.055767831894903530e+00
6.761657793049999476e+00
6.753212317559351696e+00
6.669649663139191276e+00
