2.826575656631293896e+02
2.827124903553555555e+02
2.829433561466493643e+02
2.833799085724238012e+02
2.836226745607609132e+02
2.842967378923469823e+02
2.844838100312820757e+02
2.852655279025326536e+02
2.856793153872731068e+02
2.858549288993114601e+02
2.862405237227330304e+02
2.864679994490367108e+02
2.867441161439408575e+02
2.878075901642984604e+02
2.884452157154523206e+02
2.884798358287726501e+02
2.894657893271986495e+02
2.897010970000666248e+02
2.899831167912575438e+02
2.908757799609545032e+02
2.913344685675768346e+02
2.916163845937651899e+02
2.927397028289999525e+02
2.929820722928423038e+02
2.935684905505585220e+02
2.944313830401848122e+02
2.950458090805311713e+02
2.956279645075469489e+02
2.959573965368509221e+02
2.970679007922664141e+02
2.971534530230929931e+02
2.973417258069552531e+02
2.975714657908588947e+02
2.978744356757525225e+02
2.982180321272763308e+02
2.989424272734792680e+02
2.991814241789016933e+02
2.993746186557212354e+02
2.993813710658530454e+02
2.994037629560285154e+02
2.998177539403512810e+02
3.000867619356656633e+02
3.006399877598537955e+02
3.010123259859659584e+02
3.012533716358346965e+02
3.018809224750187354e+02
3.021529342782707772e+02
3.023193256253705385e+02
