6.409458857032004744e+02
6.411021391563754150e+02
6.417423744565309107e+02
6.429066497788367087e+02
6.435404691620391304e+02
6.452872769730515756e+02
6.457728569126190905e+02
6.478153327341485692e+02
6.489034747446811480e+02
6.493658143377107308e+02
6.503802359975125000e+02
6.509771895910084822e+02
6.516991421118392509e+02
6.544322972598325805e+02
6.560196211897670082e+02
6.561045561414958911e+02
6.584739164900080368e+02
6.590275938982242678e+02
6.596870382273411906e+02
6.617575125914615910e+02
6.628183879432938284e+02
6.634706171713716003e+02
6.660659056911882772e+02
6.666227814395153928e+02
6.679616850942633164e+02
6.699087406053982932e+02
6.712836959128374019e+02
6.725849332239408795e+02
6.733228874070746315e+02
6.758267977331050815e+02
6.760207002357724377e+02
6.764477663384101334e+02
6.769693796205823446e+02
6.776576522064473238e+02
6.784380675185390146e+02
6.800798208052808604e+02
6.806198597460230530e+02
6.810557365913919057e+02
6.810709602284392759e+02
6.811214385964912026e+02
6.820532848266694828e+02
6.826574219616281880e+02
6.838969431988556380e+02
6.847294320530537561e+02
6.852678649800692483e+02
6.866692316241876597e+02
6.872773721215008891e+02
6.876499484102866973e+02
