5.131496724604276416e+00
5.134462674498090351e+00
5.144726229201468826e+00
5.157532872686504177e+00
5.162546810258956675e+00
5.174647234095457904e+00
5.178430818939488312e+00
5.199749150852073676e+00
5.214924367143134454e+00
5.222009071111203937e+00
5.238377842464000622e+00
5.248234196252222539e+00
5.260033526297118733e+00
5.299048910393971745e+00
5.316212102133563988e+00
5.317040157327165062e+00
5.339149312057915431e+00
5.344678177567812938e+00
5.351779463847218032e+00
5.378830427712557594e+00
5.395431497118641673e+00
5.406267993854243947e+00
5.449455392723864477e+00
5.457842543745221597e+00
5.475634194698705492e+00
5.495335516358172079e+00
5.506366061930046740e+00
5.516766654946626325e+00
5.523395347602053640e+00
5.553237232235688658e+00
5.556057269097760098e+00
5.562485938316916290e+00
5.570681322820914438e+00
5.581888572980609808e+00
5.594772801852357702e+00
5.620356067855028392e+00
5.627773203058105800e+00
5.633270600870449840e+00
5.633454252658123274e+00
5.634059097715685915e+00
5.644086030290750955e+00
5.649490128891061502e+00
5.658676174613645138e+00
5.664529269955530744e+00
5.668844844080970446e+00
5.685502005680912241e+00
5.696849322543464211e+00
5.705546157343617253e+00
