9.100917979906320454e+00
9.103103714845504513e+00
9.108724564294028880e+00
9.108596421156283540e+00
9.105054011047633011e+00
9.092088635564550714e+00
9.089148971143801603e+00
9.085660345795414372e+00
9.089913777444126097e+00
9.092672670035033988e+00
9.099762789359507664e+00
9.104035093221849451e+00
9.108670629571360422e+00
9.112798130671620811e+00
9.102901900443713501e+00
9.102159985230290573e+00
9.077650006610401334e+00
9.072011121386529098e+00
9.065946488321227292e+00
9.053507124241216175e+00
9.050925086523871954e+00
9.050093337877051169e+00
9.044139788992877627e+00
9.040725551639729574e+00
9.027491935594834871e+00
8.995360385211652599e+00
8.966313276873073335e+00
8.937929842731561436e+00
8.922808727405829643e+00
8.882986090464369155e+00
8.880708259531989057e+00
8.876027515150543223e+00
8.870824981866197945e+00
8.864492726592782645e+00
8.857386456607988734e+00
8.838829609191682479e+00
8.830662539835630653e+00
8.823090818442668848e+00
8.822809700298613222e+00
8.821869388699413506e+00
8.802238927578738270e+00
8.787306817304305184e+00
8.752649877637924902e+00
8.728331559633060621e+00
8.713345632439741806e+00
8.683293427470559323e+00
8.677285696335628629e+00
8.676628673463456565e+00
