5.744002865185029805e+01
5.777557896819119776e+01
6.101158742915234967e+01
6.298225678622708301e+01
6.309237285031061049e+01
6.378838866094832838e+01
6.591278787312248255e+01
6.841634685004410699e+01
6.896484261397259274e+01
7.222982922878580325e+01
7.276481415812627063e+01
7.370181437713161188e+01
7.472814789625246590e+01
7.783101718060945018e+01
7.949099161090200028e+01
8.016619760832789154e+01
8.250551525067403702e+01
8.405327787157901298e+01
8.515540478674094516e+01
8.662628625784721237e+01
8.833918972482530307e+01
8.992016358948538368e+01
9.263543267855209251e+01
9.313298732488631515e+01
9.460175610947550240e+01
9.691811801373880542e+01
9.851774828253317651e+01
9.953880671876049746e+01
9.979848534506348301e+01
1.025240595962383452e+02
1.028284001547424964e+02
1.053555593507469439e+02
1.076624993243325576e+02
1.153892634746585202e+02
1.234234133192228597e+02
1.235563630925575325e+02
1.241972220457762717e+02
1.245160931970736300e+02
1.245856839403533485e+02
1.275458774421493899e+02
1.288109652792253996e+02
1.288493956514011529e+02
1.292378538495096052e+02
