5.948804661631584167e+00
5.863829005376637760e+00
5.493416135409201928e+00
5.523781501427952989e+00
5.528805551740396673e+00
5.566501799448637655e+00
5.726704239864275792e+00
5.958895565975254272e+00
6.012302012143658558e+00
6.335185223368381635e+00
6.388324131384862881e+00
6.481394936194425860e+00
6.583324262034049745e+00
6.891443219052299618e+00
7.056295755244613943e+00
7.123354827770806530e+00
7.355712061835602888e+00
7.509478478698805581e+00
7.618990087760750818e+00
7.765157952600453939e+00
7.935372829029075703e+00
8.092445889663963499e+00
8.362121578089766416e+00
8.411530436408218847e+00
8.557386936925787779e+00
8.787459370536343073e+00
8.946397357751273205e+00
9.047888749140433617e+00
9.073708162207156036e+00
9.345132732218349503e+00
9.375522609217098235e+00
9.629177744419541440e+00
9.863940988808986177e+00
1.067458561830082608e+01
1.146881799833607296e+01
1.148102599353184061e+01
1.153950577529517751e+01
1.156838412857724485e+01
1.157466767096690852e+01
1.183551257227094133e+01
1.194208638652171572e+01
1.194525734794817673e+01
1.197704396128326643e+01
