1.180857069112450830e+01
1.181259125777510732e+01
1.182482856072203248e+01
1.183401853395301195e+01
1.183471200280021840e+01
1.183320981573167785e+01
1.183386050825444968e+01
1.184924802826733625e+01
1.186623981713034226e+01
1.187490368986963851e+01
1.189574067681391689e+01
1.190846509172468970e+01
1.192351884604059364e+01
1.196698277846538794e+01
1.197935510031278561e+01
1.197980850586396429e+01
1.199029911073353638e+01
1.199364472385338054e+01
1.199885869599059873e+01
1.202648490690488714e+01
1.204711954213010827e+01
1.206130217894631507e+01
1.211809190100874289e+01
1.212826743264151474e+01
1.214725608402293133e+01
1.216060779296048899e+01
1.216337756937800840e+01
1.216592354898837769e+01
1.216906647812131403e+01
1.219680596973838860e+01
1.220013686309075318e+01
1.220797902287811176e+01
1.221835657629004501e+01
1.223296717954174895e+01
1.224995139889669460e+01
1.228218728397815696e+01
1.229048764668979210e+01
1.229605731342063812e+01
1.229623254698259416e+01
1.229680410026439930e+01
1.230472467899680744e+01
1.230732703587012722e+01
1.230828021316606424e+01
1.230820226758300073e+01
1.230938615814381976e+01
1.232506123391666009e+01
1.234141764063101476e+01
1.235548472794904029e+01
