3.999566042137394106e+01
3.999939283654191513e+01
4.000330653483615606e+01
4.000740690562304280e+01
4.001169518453230012e+01
4.001617199244901713e+01
4.002083710588539134e+01
4.002568936661225507e+01
4.003072654721199797e+01
4.003594527611471676e+01
4.004134095094900658e+01
4.004690759262177835e+01
4.005263770707227877e+01
4.005852210705950256e+01
4.006454978656728372e+01
4.007070776191829964e+01
4.007698087973909651e+01
4.008335160117144369e+01
4.008979980707397317e+01
4.009630270030493193e+01
4.010283201323682079e+01
