7.961320087098283693e+01
7.967143898490030551e+01
7.991006884060571736e+01
8.034402725891170860e+01
8.058027025071353933e+01
8.123135472090736187e+01
8.141234380413342819e+01
8.217363138215999641e+01
8.257921224173769303e+01
8.275153904635426727e+01
8.312964207559762997e+01
8.335214317817168705e+01
8.362123485560975666e+01
8.463995742147102419e+01
8.523159642898636434e+01
8.526325399395180682e+01
8.614637908616887785e+01
8.635274983713361507e+01
8.659854285677468511e+01
8.737026523206594675e+01
8.776568205210976714e+01
8.800878536370517224e+01
8.897611936699614432e+01
8.918368210191670187e+01
8.968272780832228364e+01
9.040844770774430117e+01
9.092093058701206587e+01
9.140593682517025798e+01
9.168099208826923530e+01
9.261427944775647347e+01
9.268655640938155216e+01
9.284574887308605184e+01
9.304019469617462335e+01
9.329679225195111769e+01
9.358779253501091944e+01
9.420025470314098470e+01
9.440183821198758096e+01
9.456459456167105770e+01
9.457027999398543727e+01
9.458913214926568003e+01
9.493728093729365014e+01
9.516313206290107019e+01
9.562683588485307951e+01
9.593844683407161256e+01
9.614001436705389381e+01
9.666437839234293961e+01
9.689161672527231417e+01
9.703066632614125808e+01
