5.281324891916836961e+00
5.282120982686699051e+00
5.283525744180225914e+00
5.280383778139598583e+00
5.276820139250255615e+00
5.265727151509323356e+00
5.263187209903708030e+00
5.258498577108716709e+00
5.260185734072790886e+00
5.261610114351025658e+00
5.265697383941662757e+00
5.268411355317287992e+00
5.271654916610635233e+00
5.279155669788764271e+00
5.278800166713289777e+00
5.278710907299231536e+00
5.276206630075778392e+00
5.276280374645298643e+00
5.277039856589301081e+00
5.285257123160586268e+00
5.292785749375044979e+00
5.298207633450413567e+00
5.320735985037083893e+00
5.324813991929581825e+00
5.332344624634377084e+00
5.337307819640079387e+00
5.338077234103722368e+00
5.338932628387666135e+00
5.340239577215379896e+00
5.352589482238435004e+00
5.354090143755001030e+00
5.357628245959470625e+00
5.362318867966910041e+00
5.368936967036074925e+00
5.376651740173631566e+00
5.391399007684789524e+00
5.395244828291065886e+00
5.397853641819595261e+00
5.397936300061441095e+00
5.398206220857850290e+00
5.402037738867353944e+00
5.403417555212024936e+00
5.404372733688095565e+00
5.404771474658311092e+00
5.405621284781624958e+00
5.413639330351318613e+00
5.421481423933490085e+00
5.428125581922276233e+00
