1.542712643241262413e+03
1.542613684307180847e+03
1.542190658717101996e+03
1.541369734368310674e+03
1.540905902523672239e+03
1.539602672414290055e+03
1.539238015928972800e+03
1.537701105192741352e+03
1.536878029918300854e+03
1.536526502192358976e+03
1.535749774641923295e+03
1.535288276526308891e+03
1.534724634582473300e+03
1.532512822277849637e+03
1.531149643781593113e+03
1.531074757250057701e+03
1.528905584445983322e+03
1.528378432382269239e+03
1.527742632759878006e+03
1.525707210338179266e+03
1.524650770228987312e+03
1.523998387656517025e+03
1.521372401198025045e+03
1.520799081838610618e+03
1.519400320889009436e+03
1.517312647300527487e+03
1.515808435706571572e+03
1.514374081284017620e+03
1.513559809232439648e+03
1.510806198406801741e+03
1.510593523455162767e+03
1.510125152631965193e+03
1.509552900961501109e+03
1.508796806730371600e+03
1.507936964602243279e+03
1.506114200135144756e+03
1.505509520073327849e+03
1.505019481005918351e+03
1.505002333410526944e+03
1.504945459993668919e+03
1.503891318799733426e+03
1.503203749450504574e+03
1.501783884860943544e+03
1.500824404703671689e+03
1.500201873141748138e+03
1.498577354147603273e+03
1.497872130554730347e+03
1.497440621398393205e+03
