1.114841108272386982e+01
1.115079172688333919e+01
1.115648882406949483e+01
1.115428309858702782e+01
1.114888971710316490e+01
1.113034988239517098e+01
1.112608385968028912e+01
1.111946348363101400e+01
1.112379096471046047e+01
1.112688881774590399e+01
1.113517559568795257e+01
1.114032792290187857e+01
1.114607280217353669e+01
1.115319446993285979e+01
1.114370858149443144e+01
1.114297210390352610e+01
1.111907085138539841e+01
1.111396649766316536e+01
1.110887304713843804e+01
1.110232670324286985e+01
1.110443760695718929e+01
1.110694388844758151e+01
1.111583640416810148e+01
1.111557278997210929e+01
1.110940285605232347e+01
1.108609842353242136e+01
1.106277829080921293e+01
1.104022886860826702e+01
1.102887848628308731e+01
1.100566671108314587e+01
1.100493670552356562e+01
1.100378328900282554e+01
1.100308672103227181e+01
1.100296467274180756e+01
1.100312894325487179e+01
1.099987136067709770e+01
1.099653696268451952e+01
1.099274734941418252e+01
1.099259626006453594e+01
1.099208607601364207e+01
1.098011501804635337e+01
1.096989097510344635e+01
1.094458803324396889e+01
1.092676816119168315e+01
1.091634064665954895e+01
1.090082446065147614e+01
1.090298296255077659e+01
1.090808489603273479e+01
