1.980531251218635589e+02
1.984774927080548821e+02
2.025700576428378668e+02
2.050623642136272622e+02
2.052016281033132827e+02
2.060818797922137264e+02
2.087686051443197925e+02
2.119348434030383430e+02
2.126285220607866222e+02
2.167577262932726114e+02
2.174343184309333026e+02
2.186193377440234826e+02
2.199173379288661465e+02
2.238415351328660279e+02
2.259409095463551296e+02
2.267948455048090182e+02
2.297533950915897094e+02
2.317108640092683629e+02
2.331047355448620806e+02
2.349649774786290379e+02
2.371313113202297416e+02
2.391307952635639538e+02
2.425648485695789418e+02
2.431941165742695148e+02
2.450517018416848600e+02
2.479812637345237647e+02
2.500043616024844084e+02
2.512957252519433951e+02
2.516241489537324298e+02
2.550712741697161050e+02
2.554561845651861063e+02
2.586523786745466396e+02
2.615700617161882064e+02
2.713424391341093838e+02
2.815034828190033522e+02
2.816716284071524115e+02
2.824821423506098768e+02
2.828854286533096456e+02
2.829734422568360515e+02
2.867172980747067754e+02
2.883173006826844471e+02
2.883659050172889238e+02
2.888572028825230404e+02
