1.260272890659354061e+01
1.260688404323515144e+01
1.261938975518425110e+01
1.262819653322152824e+01
1.262839497592488591e+01
1.262530828112257453e+01
1.262559212783606633e+01
1.264029136187074798e+01
1.265750837572466736e+01
1.266636481891976374e+01
1.268774634368030796e+01
1.270082162252229807e+01
1.271627643824556664e+01
1.276034270860480113e+01
1.277219708211399940e+01
1.277260875408170726e+01
1.278179258730011725e+01
1.278489400975523616e+01
1.278990046214194543e+01
1.281763673880340804e+01
1.283876593223215501e+01
1.285335386315286144e+01
1.291178251550989131e+01
1.292217466733158027e+01
1.294131565491189306e+01
1.295392943830999144e+01
1.295573079573120978e+01
1.295735648807335494e+01
1.296009263027201719e+01
1.298760658063123152e+01
1.299100000967003510e+01
1.299901416968113566e+01
1.300965599949377705e+01
1.302467774710130932e+01
1.304215721031352260e+01
1.307520307477062360e+01
1.308361581739626800e+01
1.308920050488936226e+01
1.308937497015786278e+01
1.308994334039029184e+01
1.309762889636703775e+01
1.309990923246057193e+01
1.309990866292198852e+01
1.309914361446737452e+01
1.309996702698131443e+01
1.311555504867309274e+01
1.313251848615648321e+01
1.314723039833214102e+01
