3.473939020146208350e+02
3.474921428534950678e+02
3.478946986577311122e+02
3.486267896237919217e+02
3.490253347879387888e+02
3.501237160634224210e+02
3.504290445354376970e+02
3.517133405810535578e+02
3.523975597330460801e+02
3.526882768770279313e+02
3.533261403892844896e+02
3.537015017664571701e+02
3.541554618850779548e+02
3.558740594358320095e+02
3.568721641671069165e+02
3.569255710147646710e+02
3.584154178459461377e+02
3.587635687679538705e+02
3.591782258231047535e+02
3.604801361715148005e+02
3.611472129606011663e+02
3.615573339154134942e+02
3.631892512076052526e+02
3.635394151691631919e+02
3.643813188017154516e+02
3.656056270503721066e+02
3.664701985593226823e+02
3.672884175761423649e+02
3.677524443274538726e+02
3.693269028020405926e+02
3.694488276036167917e+02
3.697173631561213938e+02
3.700453460805034069e+02
3.704781139717214842e+02
3.709688008636267682e+02
3.720009316124834982e+02
3.723403803194170223e+02
3.726143251173830322e+02
3.726238924693012109e+02
3.726556155025638191e+02
3.732411437626359429e+02
3.736206524515334877e+02
3.743990011165794840e+02
3.749215107659165938e+02
3.752593454718368093e+02
3.761381635971325750e+02
3.765192826632388687e+02
3.767526699913897801e+02
