7.696253141942200671e+00
7.698587111346090417e+00
7.705437446719777483e+00
7.709540945298001269e+00
7.709027145530400915e+00
7.705478805853273272e+00
7.705188350136285003e+00
7.712077046763824661e+00
7.721346233748201726e+00
7.726194291852058527e+00
7.737959632571689284e+00
7.745148610164440228e+00
7.753596065887582434e+00
7.776645339149025560e+00
7.781718073341655106e+00
7.781857562345344093e+00
7.784555876646386707e+00
7.785830638979239104e+00
7.788177967918676003e+00
7.803034490766735942e+00
7.814917638709710346e+00
7.823200173472415031e+00
7.856294509939329984e+00
7.862052824809391716e+00
7.872271814675034562e+00
7.877707400638779944e+00
7.877136688863505043e+00
7.876513845287783866e+00
7.877257464646345575e+00
7.890852623829920809e+00
7.892671508510192169e+00
7.897004066194596383e+00
7.902810000370376287e+00
7.911056054232203927e+00
7.920658397925164351e+00
7.938506468154304052e+00
7.942854423772716110e+00
7.945620612992417620e+00
7.945704551245899694e+00
7.945976646644055563e+00
7.949274961552549534e+00
7.949756332398867364e+00
7.947892428735529258e+00
7.946198696750026436e+00
7.945928921289976188e+00
7.953557276684432686e+00
7.963168947798536124e+00
7.971722508979019572e+00
