1.722842559807031648e+02
1.722800247919149399e+02
1.722648023926534790e+02
1.722446786649128114e+02
1.722371540492109148e+02
1.722262183482961007e+02
1.722253083393534041e+02
1.722296943252247843e+02
1.722370189911710838e+02
1.722412033076534783e+02
1.722528680617151622e+02
1.722615308755907790e+02
1.722740841179769120e+02
1.723485872143895676e+02
1.724168015154203033e+02
1.724210304716545465e+02
1.725620060908740072e+02
1.726007529694956872e+02
1.726492608084642768e+02
1.728144791468396591e+02
1.729046784031261552e+02
1.729616213045725885e+02
1.732004936857589996e+02
1.732548883194368159e+02
1.733912194922280037e+02
1.736037807718579415e+02
1.737624603772484875e+02
1.739167198776345913e+02
1.740051189626674955e+02
1.743060918941211810e+02
1.743294085214526490e+02
1.743807924317800655e+02
1.744436510163473315e+02
1.745268853630087733e+02
1.746218983586051365e+02
1.748251894329243612e+02
1.748933323826753394e+02
1.749488377164862811e+02
1.749507845635698686e+02
1.749572438776051797e+02
1.750775668616362282e+02
1.751566197755617509e+02
1.753209913159959967e+02
1.754326228369858143e+02
1.755051573527990456e+02
1.756943889966220524e+02
1.757764091644977498e+02
1.758265547305475991e+02
