1.236459617188596027e+01
1.236871133509105292e+01
1.238113798159514012e+01
1.239006172575706266e+01
1.239040946943025467e+01
1.238779950933264828e+01
1.238819364962851033e+01
1.240310015014099321e+01
1.242025009486670228e+01
1.242904903760628166e+01
1.245026796380604672e+01
1.246323855751532506e+01
1.247857388418702485e+01
1.252246389291426176e+01
1.253447692977178463e+01
1.253490130469377206e+01
1.254448224733399542e+01
1.254765804133786133e+01
1.255272800720465654e+01
1.258043458020776484e+01
1.260141669335691184e+01
1.261588369528672970e+01
1.267382257407845003e+01
1.268415007374632175e+01
1.270324620438391250e+01
1.271608301262216401e+01
1.271817658212761515e+01
1.272008045835063150e+01
1.272294005388802951e+01
1.275052762155264396e+01
1.275390281614336274e+01
1.276186656297038802e+01
1.277243060749729686e+01
1.278733105931431346e+01
1.280466435419258708e+01
1.283747250261963657e+01
1.284585331727726398e+01
1.285143495507995404e+01
1.285160970194119656e+01
1.285217919665197606e+01
1.285993842021271938e+01
1.286231744372771324e+01
1.286260735983280412e+01
1.286205145682582440e+01
1.286298500772915965e+01
1.287860454494809659e+01
1.289538832703660276e+01
1.290990833312321229e+01
