3.357690880575537449e+02
3.358661797026435920e+02
3.362640266277759906e+02
3.369875542044222243e+02
3.373814375248722968e+02
3.384669706943959113e+02
3.387687276173303985e+02
3.400380007518616594e+02
3.407142163224569344e+02
3.410015328179640051e+02
3.416319349169803559e+02
3.420029054785474045e+02
3.424515553563296066e+02
3.441500495728418514e+02
3.451364790181420403e+02
3.451892611401598856e+02
3.466616803224100636e+02
3.470057586830444620e+02
3.474155652141208748e+02
3.487022463359235189e+02
3.493615199488100984e+02
3.497668434664175265e+02
3.513796709955423694e+02
3.517257388111249838e+02
3.525577940487001456e+02
3.537677805300843943e+02
3.546222381875581391e+02
3.554308854895155037e+02
3.558894839521645963e+02
3.574455220490247029e+02
3.575660199716601824e+02
3.578314124320005476e+02
3.581555554559530492e+02
3.585832545057084531e+02
3.590681904925285721e+02
3.600882100240428940e+02
3.604236717303621731e+02
3.606943980187841134e+02
3.607038529558081450e+02
3.607352032475747023e+02
3.613138515145868155e+02
3.616889022026659859e+02
3.624581163096688670e+02
3.629745023826141050e+02
3.633083808721324885e+02
3.641769053855295510e+02
3.645535487837694859e+02
3.647841875172395589e+02
