2.085583481173962355e+02
2.088018968363702754e+02
2.111506647017182274e+02
2.125810303132671208e+02
2.126609556792307956e+02
2.131661438890035356e+02
2.147080944760470231e+02
2.165252503808961251e+02
2.169233646953545360e+02
2.192931919515912966e+02
2.196815014181238155e+02
2.203616075255588669e+02
2.211065560344968333e+02
2.233587343377252239e+02
2.245636101980234400e+02
2.250537025453501485e+02
2.267516793268256095e+02
2.278751147414467084e+02
2.286750893371343523e+02
2.297427249594277612e+02
2.309860343010624035e+02
2.321335850221970247e+02
2.341044695037401198e+02
2.344656214048303013e+02
2.355317340297428643e+02
2.372130802528215270e+02
2.383741853359118466e+02
2.391153305330262810e+02
2.393038209549989119e+02
2.412822111959512767e+02
2.415031208203113522e+02
2.433374960826663198e+02
2.450120268133097454e+02
2.506206372800814108e+02
2.564523520453082597e+02
2.565488558719202956e+02
2.570140342068670520e+02
2.572454922928069436e+02
2.572960059304544416e+02
2.594447146357069300e+02
2.603630021743341558e+02
2.603908975958557335e+02
2.606728675110070981e+02
