1.350670155510306358e+01
1.355954364321507377e+01
1.406909538694538853e+01
1.437939232773196174e+01
1.439673165297845436e+01
1.450633191567790092e+01
1.484089234581515981e+01
1.523523456163601253e+01
1.532163756695827850e+01
1.583599157698479232e+01
1.592027331976023419e+01
1.606788898575498692e+01
1.622957838856928703e+01
1.671840814972415146e+01
1.697992422530379031e+01
1.708629791128733544e+01
1.745483920544733891e+01
1.769867513972041451e+01
1.787230410751509524e+01
1.810402594999496984e+01
1.837387672009003481e+01
1.862294595515088247e+01
1.905072041963421370e+01
1.912910765218106945e+01
1.936050451453145627e+01
1.972543296540273872e+01
1.997744438558121871e+01
2.013830678267032326e+01
2.017921805219461362e+01
2.060862909387651953e+01
2.065657841608902956e+01
2.105473618874449215e+01
2.141818878931041326e+01
2.263622487071566525e+01
2.390737981576427984e+01
2.392844221090385659e+01
2.402996894758796387e+01
2.408048493492100661e+01
2.409150955399975658e+01
2.456057961525388933e+01
2.476135123576838737e+01
2.476745680866370236e+01
2.482920182318617464e+01
