9.735450451747341916e+00
9.737636630358574408e+00
9.743105346517896947e+00
9.742281717119759321e+00
9.738271388747913093e+00
9.724318029244912509e+00
9.721286389435372044e+00
9.718734246948825373e+00
9.724441684534019359e+00
9.728013863687769103e+00
9.737262577162031363e+00
9.743023559505294529e+00
9.749651639849938434e+00
9.762980478197752277e+00
9.759693993806722645e+00
9.759338158390972850e+00
9.747329335559170360e+00
9.745179829770187041e+00
9.743595256345180644e+00
9.747638699834928033e+00
9.754901393580405866e+00
9.760549849175161441e+00
9.782943439886322423e+00
9.786014897569170756e+00
9.788778916142046427e+00
9.780790254455540733e+00
9.769497240209569000e+00
9.758637507231043173e+00
9.753835937687373558e+00
9.751410466046470660e+00
9.752185113166884634e+00
9.754302361169244762e+00
9.757536290730350004e+00
9.762541898961554665e+00
9.768538325267947187e+00
9.778196797842761967e+00
9.779454449894421586e+00
9.779531499934664751e+00
9.779518181453360270e+00
9.779466153098331560e+00
9.776324604062923029e+00
9.772188526142910447e+00
9.760065004887080065e+00
9.751319549360113470e+00
9.746678375574552078e+00
9.744981898054204450e+00
9.752126240065571494e+00
9.759841357219519509e+00
