1.993381210706156281e+01
1.993017088459880881e+01
1.990772104547280108e+01
1.984354746372066103e+01
1.980080537374276517e+01
1.967610620237816121e+01
1.964308662329704447e+01
1.952543499931076809e+01
1.947764636071540778e+01
1.945977830795660424e+01
1.942358499226209645e+01
1.940296713463088807e+01
1.937729757381702456e+01
1.925427145689680941e+01
1.915780175965432974e+01
1.915220402258412236e+01
1.898874118913442288e+01
1.895103263492564238e+01
1.890771255935807815e+01
1.878756107904617778e+01
1.873530667210411949e+01
1.870523045115971073e+01
1.858303407518175376e+01
1.855282971055487451e+01
1.847016219978605278e+01
1.832389171777055381e+01
1.820797980042881292e+01
1.809714879927166820e+01
1.803674892153718190e+01
1.785854790635415412e+01
1.784661390982732243e+01
1.782111664145836727e+01
1.779119619106415229e+01
1.775304028474741713e+01
1.771014916289222541e+01
1.761267856835178947e+01
1.757625857549708925e+01
1.754475879820697060e+01
1.754362267475268666e+01
1.753983784008034874e+01
1.746503748044353088e+01
1.741172395439919285e+01
1.729339188938891780e+01
1.721138858783938730e+01
1.715980899647835756e+01
1.704429402103768609e+01
1.700907142584405918e+01
1.699393681214197116e+01
