9.658175666880463694e+00
9.658282016470527864e+00
9.655213580120950212e+00
9.638848676384357717e+00
9.626401551738830165e+00
9.589460047785745900e+00
9.580143391315496970e+00
9.551888079592249170e+00
9.544486440763771284e+00
9.542626658567591846e+00
9.540255932494947189e+00
9.539372290680352862e+00
9.538152606455650329e+00
9.523481716972067801e+00
9.504969758656644174e+00
9.503816631838194695e+00
9.470159223395732795e+00
9.463101058904817009e+00
9.455741356625045668e+00
9.442190822159954422e+00
9.440800340909145660e+00
9.441269719455045006e+00
9.444266928455757437e+00
9.443445291916141571e+00
9.437237537869902937e+00
9.417100846582235008e+00
9.397762682866192208e+00
9.379603548945699032e+00
9.370773304783048374e+00
9.355187098945222601e+00
9.354975123045999652e+00
9.354937183301563763e+00
9.355573684648044619e+00
9.357215072916861942e+00
9.359491479562596083e+00
9.361688225776555683e+00
9.360605033692280585e+00
9.358833571672439788e+00
9.358756337209356957e+00
9.358492684354619229e+00
9.351525772915969981e+00
9.344984294980591244e+00
9.328060559982660038e+00
9.316143270195754056e+00
9.309447255725032733e+00
9.302270265167775776e+00
9.306922318692384621e+00
9.313060541312070839e+00
