1.579991263477209751e+00
1.559466883762589795e+00
1.438538693702671400e+00
1.416925244055226685e+00
1.416548189018855597e+00
1.415814278236451784e+00
1.427342411784579657e+00
1.456270339671485781e+00
1.463598385631482701e+00
1.508088109442164981e+00
1.515167164583506532e+00
1.527336764325315732e+00
1.540376721787362069e+00
1.579226936171678641e+00
1.600674935210725458e+00
1.609670318584851323e+00
1.642066065846756961e+00
1.664145306250617073e+00
1.679784597975558569e+00
1.699972885047737803e+00
1.721584922704073595e+00
1.738876652910085641e+00
1.761391931488565543e+00
1.764554917012147728e+00
1.772495429348364127e+00
1.782626708632200296e+00
1.790074003570248040e+00
1.795980309665625052e+00
1.797695286039735940e+00
1.822952130707934604e+00
1.826746148017565297e+00
1.866823446785295548e+00
1.915953617728530567e+00
2.098251125147819085e+00
2.149677388068092831e+00
2.149661081907216165e+00
2.149855307939312343e+00
2.150197243697591354e+00
2.150300170148527812e+00
2.171978522894426167e+00
2.198126245692744174e+00
2.199143366573979019e+00
2.210250121596518458e+00
