2.689860316102094657e+02
2.690762277672074561e+02
2.694458156937717490e+02
2.701179443916758487e+02
2.704838458532633467e+02
2.714922625203074062e+02
2.717725825082225697e+02
2.729516838486854340e+02
2.735798584111780656e+02
2.738467626607646253e+02
2.744323779529873946e+02
2.747769928238666353e+02
2.751937680660469709e+02
2.767715886044514946e+02
2.776879324617701741e+02
2.777369643888561654e+02
2.791047664054153756e+02
2.794243972872152426e+02
2.798050860465506844e+02
2.810003438389389885e+02
2.816127727656342472e+02
2.819892957294679263e+02
2.834875209174585962e+02
2.838089979709977797e+02
2.845819289008499595e+02
2.857059346392173893e+02
2.864996739799341299e+02
2.872508573027897683e+02
2.876768665506601792e+02
2.891223320877355718e+02
2.892342684678221758e+02
2.894808058096559193e+02
2.897819232904979572e+02
2.901792499238599135e+02
2.906297689902857542e+02
2.915775237230207608e+02
2.918892787402248814e+02
2.921409027403868777e+02
2.921496910750270786e+02
2.921788313387210110e+02
2.927167692692453898e+02
2.930655263016761864e+02
2.937810748906530307e+02
2.942616390087640639e+02
2.945724374767435165e+02
2.953811416453886523e+02
2.957318862268434714e+02
2.959466580108546054e+02
