2.349457236759953958e+02
2.348076730931917098e+02
2.342011808218980491e+02
2.329909487939468704e+02
2.323063044521815357e+02
2.304303593465492668e+02
2.299228437590042233e+02
2.278722834353384314e+02
2.268268710340599910e+02
2.263900204808451235e+02
2.254432118246089090e+02
2.248918313219942604e+02
2.242288266026128838e+02
2.217180594332713781e+02
2.202191133017082620e+02
2.201374197737134750e+02
2.177941759060173297e+02
2.172323655781613638e+02
2.165601527501428905e+02
2.144605386238696383e+02
2.134084102305768624e+02
2.127717709505948278e+02
2.102845591214590684e+02
2.097507014178390250e+02
2.084519189050590171e+02
2.065205117775022927e+02
2.051461135949498100e+02
2.038638983468999299e+02
2.031523266197850717e+02
2.008405923319954809e+02
2.006675006608252261e+02
2.002884963282845376e+02
1.998290458243110663e+02
1.992269342577586997e+02
1.985472594038139675e+02
1.971168005497790148e+02
1.966440217010000993e+02
1.962612722342502138e+02
1.962478844556601985e+02
1.962034837087223877e+02
1.953811232708729904e+02
1.948452209799029617e+02
1.937393176344757819e+02
1.929925518795598975e+02
1.925085705077507328e+02
1.912519950201587164e+02
1.907130590644731853e+02
1.903868892364017427e+02
