1.947795244905076117e+01
1.948327376748187945e+01
1.949810698238140105e+01
1.950359997535959167e+01
1.949951353128143694e+01
1.948270863583592671e+01
1.947981605538610239e+01
1.948855365349547952e+01
1.950771826745639714e+01
1.951824060616682033e+01
1.954433266170115502e+01
1.956044247452553364e+01
1.957936472488914603e+01
1.962861452185981648e+01
1.963595619156621197e+01
1.963600483248417916e+01
1.963382202110436481e+01
1.963479622535737690e+01
1.963799058321984958e+01
1.966663524824158671e+01
1.969202728001181768e+01
1.971011410484847204e+01
1.978270266163281121e+01
1.979496519433128299e+01
1.981541230407658816e+01
1.982161052647994026e+01
1.981499697706267682e+01
1.980861363993003010e+01
1.980779831765691412e+01
1.983322503630140332e+01
1.983714737175848342e+01
1.984662214899250898e+01
1.985951548874387740e+01
1.987804601171308860e+01
1.989975241296436081e+01
1.993967457076274385e+01
1.994901355613230365e+01
1.995469008033234815e+01
1.995485655210223896e+01
1.995539291181131958e+01
1.996096067178972433e+01
1.996039846313219712e+01
1.995202698776568795e+01
1.994523551477410805e+01
1.994288704823773983e+01
1.995758518409592241e+01
1.997974293762279174e+01
1.999999930059211195e+01
