7.849704494226025417e+02
7.851056541623802332e+02
7.856596776193855476e+02
7.866672317551649485e+02
7.872157368045172916e+02
7.887274042150492050e+02
7.891476185453922199e+02
7.909151575635585232e+02
7.918568286403359480e+02
7.922569343416697620e+02
7.931348079647692657e+02
7.936514074560678864e+02
7.942761803227605242e+02
7.966414380391493069e+02
7.980151011499848437e+02
7.980886035000646643e+02
8.001390395353599843e+02
8.006181904899672190e+02
8.011888720059802154e+02
8.029806558581261697e+02
8.038987356993548019e+02
8.044631745427989244e+02
8.067091431777521393e+02
8.071910656288985138e+02
8.083497575176743339e+02
8.100347447571336943e+02
8.112246374590587266e+02
8.123507379866468909e+02
8.129893701479288666e+02
8.151562824742698012e+02
8.153240890718587934e+02
8.156936808080774881e+02
8.161450985903952642e+02
8.167407538380005008e+02
8.174161619460397787e+02
8.188370382394566604e+02
8.193044253078556949e+02
8.196816633740320412e+02
8.196948389659335135e+02
8.197385264504646329e+02
8.205450122749093680e+02
8.210678806354096650e+02
8.221406988561129765e+02
8.228612647660937682e+02
8.233273117851942970e+02
8.245400096109489141e+02
8.250658788797169336e+02
8.253877989355448790e+02
