4.207654709830312640e+02
4.207820175910559328e+02
4.208523088828958976e+02
4.209872637563094599e+02
4.210629056515113575e+02
4.212736314538541933e+02
4.213321581590003575e+02
4.215767850328988970e+02
4.217064421027442336e+02
4.217615363742385739e+02
4.218826890101991012e+02
4.219542997812714589e+02
4.220413888173097234e+02
4.223792328606996307e+02
4.225844188031408635e+02
4.225956270834926727e+02
4.229177000382043730e+02
4.229952882850679998e+02
4.230885573077586059e+02
4.233851076582691348e+02
4.235379234841066136e+02
4.236319409877976909e+02
4.240077664753665090e+02
4.240892748435464341e+02
4.242873557009020260e+02
4.245810817417515750e+02
4.247914497822692965e+02
4.249911759477187729e+02
4.251042129437523727e+02
4.254847879151621441e+02
4.255140796375477521e+02
4.255785385371788720e+02
4.256572014940895770e+02
4.257609809887695747e+02
4.258787873655464864e+02
4.261277782291577410e+02
4.262101578868861225e+02
4.262768409399307075e+02
4.262791730854563070e+02
4.262869075010881943e+02
4.264301004277750167e+02
4.265233379021730116e+02
4.267155081439739206e+02
4.268451121090420202e+02
4.269291022273266663e+02
4.271479407862522066e+02
4.272427974991552446e+02
4.273007953725073094e+02
