1.999999978451239713e+01
2.000049651609680268e+01
2.000108067945717494e+01
2.000176143894458392e+01
2.000254639467016204e+01
2.000344305114259669e+01
2.000445861454699070e+01
2.000559980723824083e+01
2.000687264256384879e+01
2.000828221223457604e+01
2.000983244595198585e+01
2.001152580876225784e+01
2.001336297419351240e+01
2.001534245266310563e+01
2.001746022896230670e+01
2.001970934038791938e+01
2.002207940976489908e+01
2.002455615148767265e+01
2.002712084906801238e+01
2.002974984330035113e+01
2.003241298655160563e+01
