9.812298433455765023e-01
9.813977971701743908e-01
9.797918265131149163e-01
9.765853989412522917e-01
9.763722125848439681e-01
9.749635950138173524e-01
9.702681607041275802e-01
9.648469518782629706e-01
9.637889031689697017e-01
9.592363280113251900e-01
9.588314052622484152e-01
9.583737355984934814e-01
9.582365664303410524e-01
9.598653492428194101e-01
9.616389096689551552e-01
9.624505989822900176e-01
9.652760294761231208e-01
9.668494432305683173e-01
9.676908908541945742e-01
9.683627204946849698e-01
9.684615652551531451e-01
9.679879087665110848e-01
9.666096740229115358e-01
9.663952964113984301e-01
9.660863155437571237e-01
9.673724521866100545e-01
9.702300558462200186e-01
9.731420304711695390e-01
9.740326581392543259e-01
9.873923506099138159e-01
9.893566976666010593e-01
1.009303019533639656e+00
1.032607004268264239e+00
1.126423352979354808e+00
1.207033322021638710e+00
1.208174688848753675e+00
1.213666506154586378e+00
1.216402469515221574e+00
1.217000693135221079e+00
1.243802440753277949e+00
1.256876018347899082e+00
1.257296255620018899e+00
1.261631166882186683e+00
