6.776499301565177547e+00
6.780142283556436666e+00
6.792386538993865130e+00
6.806236588282079225e+00
6.810887811075985177e+00
6.820697838065289176e+00
6.823863043271614970e+00
6.844255487464733001e+00
6.860347774051672509e+00
6.868100822644404246e+00
6.886386021437853167e+00
6.897568338257932474e+00
6.911057510667324877e+00
6.955677259049566352e+00
6.974730286998129358e+00
6.975631409205488964e+00
6.999254460534297451e+00
7.005159317706493027e+00
7.012814619392273130e+00
7.042714801475672637e+00
7.061450984812099207e+00
7.073755651816608925e+00
7.122653543329588999e+00
7.131977590948947565e+00
7.151263029728843534e+00
7.171096495711593022e+00
7.181153706575639006e+00
7.190434544325816191e+00
7.196566878403746870e+00
7.226609705437221365e+00
7.229587015082138635e+00
7.236427390325559372e+00
7.245233057121113873e+00
7.257381541501544575e+00
7.271428160315022815e+00
7.299231974184733573e+00
7.307168069457808279e+00
7.312973647378883335e+00
7.313166154587016798e+00
7.313799421981134863e+00
7.324090419677624197e+00
7.329418155560320614e+00
7.338062069301276580e+00
7.343573217954560306e+00
7.347863394325345965e+00
7.366149055578808280e+00
7.379436145904920252e+00
7.389834145787946618e+00
