6.933288749752828153e+02
6.934208590510336307e+02
6.938011490299263642e+02
6.945022730917660283e+02
6.948867506879951179e+02
6.959484405473447168e+02
6.962431765133862882e+02
6.974790352637786555e+02
6.981353993141920000e+02
6.984140769476446167e+02
6.990255276131913433e+02
6.993855881375094441e+02
6.998215681405048372e+02
7.014826857074058353e+02
7.024597477158008587e+02
7.025123459395509826e+02
7.039925025680176986e+02
7.043415163547773545e+02
7.047583137852952859e+02
7.060713478319456726e+02
7.067447767474440070e+02
7.071586702982184534e+02
7.088059269746985365e+02
7.091600874567714072e+02
7.100137145569709674e+02
7.112608666600496008e+02
7.121443095222203965e+02
7.129804517846281442e+02
7.134540428965134424e+02
7.150556730198572950e+02
7.151793804616247598e+02
7.154517251810441394e+02
7.157841886206401796e+02
7.162226968050489404e+02
7.167198494236488386e+02
7.177663070780040471e+02
7.181108574963338924e+02
7.183890932873665633e+02
7.183988134089810274e+02
7.184310444154871220e+02
7.190263462386650417e+02
7.194125928519282525e+02
7.202057074074052707e+02
7.207387696757474487e+02
7.210836509452199152e+02
7.219812846799520685e+02
7.223705755091698393e+02
7.226088952045620317e+02
