1.881070883147075534e+01
1.881544812459544147e+01
1.882816136537585550e+01
1.883062725158633199e+01
1.882517509672778999e+01
1.880488926430878394e+01
1.880098243695645621e+01
1.880475042385981155e+01
1.882075974823253262e+01
1.882985586016713597e+01
1.885270811201917240e+01
1.886688233128504066e+01
1.888348259806285512e+01
1.892477572955785092e+01
1.892834209527451961e+01
1.892820405674387985e+01
1.892110281869835831e+01
1.892092472243665924e+01
1.892269957301987304e+01
1.894638703389838597e+01
1.896893241117389195e+01
1.898519691989503499e+01
1.905054810408787347e+01
1.906137007813583750e+01
1.907865361675546367e+01
1.908103339115440988e+01
1.907209055824244004e+01
1.906350855256527410e+01
1.906135300785297915e+01
1.908128348373262284e+01
1.908471388823325299e+01
1.909307645925400010e+01
1.910456555727284567e+01
1.912118934591628516e+01
1.914070594438234707e+01
1.917619817001585147e+01
1.918420321364989078e+01
1.918886455970409344e+01
1.918899663001811362e+01
1.918941944163567115e+01
1.919303598592072646e+01
1.919134957199283420e+01
1.918092259276122036e+01
1.917280234807684280e+01
1.916953392068626627e+01
1.918118028364866490e+01
1.920150733343826488e+01
1.922042615668349796e+01
