1.947777838375061421e+01
1.948310060313204062e+01
1.949793723946518043e+01
1.950343532568493288e+01
1.949935105317756268e+01
1.948255020145501248e+01
1.947965833019380000e+01
1.948839784558199639e+01
1.950756337716334343e+01
1.951808620971890917e+01
1.954417973140847309e+01
1.956029072236932720e+01
1.957921476628916935e+01
1.962847519025399023e+01
1.963582517101736258e+01
1.963587427796118590e+01
1.963370419678083678e+01
1.963468107533413587e+01
1.963787835982964580e+01
1.966653004569377927e+01
1.969192440785685605e+01
1.971001232124013569e+01
1.978260401798039325e+01
1.979486727094370480e+01
1.981531663481646888e+01
1.982152001850620948e+01
1.981491154917056008e+01
1.980853386652080772e+01
1.980772197825497827e+01
1.983316054017913999e+01
1.983708376624512937e+01
1.984656048120739413e+01
1.985945614207632559e+01
1.987798965577216848e+01
1.989969937276720557e+01
1.993962848047570802e+01
1.994896983221143927e+01
1.995464832630675645e+01
1.995481486803503302e+01
1.995535146031515339e+01
1.996092370354747203e+01
1.996036462786348764e+01
1.995200024613832923e+01
1.994521407407813030e+01
1.994286926073824873e+01
1.995757761325524626e+01
1.997974003650053731e+01
1.999999930061458286e+01
