2.245962001679581590e+02
2.246815023219129159e+02
2.250310210889620635e+02
2.256666255401621584e+02
2.260126417738857185e+02
2.269662617720327944e+02
2.272313499278081963e+02
2.283463783844358659e+02
2.289404159558887386e+02
2.291928157768726919e+02
2.297466070305885069e+02
2.300724945570858324e+02
2.304666209159015295e+02
2.319586947929390419e+02
2.328252386832792808e+02
2.328716058990791282e+02
2.341650720672806756e+02
2.344673316352368602e+02
2.348273304784240452e+02
2.359576263912364027e+02
2.365367694391306372e+02
2.368928278900226871e+02
2.383096192438689798e+02
2.386136222090966328e+02
2.393445397173989022e+02
2.404074496224629058e+02
2.411580447674968468e+02
2.418683957382578740e+02
2.422712475889739210e+02
2.436381385872727776e+02
2.437439902682969830e+02
2.439771262318923846e+02
2.442618754506814298e+02
2.446376038661809389e+02
2.450636326829457516e+02
2.459598647980159853e+02
2.462546713539701955e+02
2.464926158130476495e+02
2.465009263679444018e+02
2.465284824178359884e+02
2.470371752451814302e+02
2.473669720494934552e+02
2.480436225108012991e+02
2.484980748480482475e+02
2.487920030119384194e+02
2.495570018245972506e+02
2.498889819409173185e+02
2.500923688270892455e+02
