6.863222299518820364e+02
6.864116563952104570e+02
6.867815701076951882e+02
6.874640968290938190e+02
6.878385161312032778e+02
6.888724642304398458e+02
6.891594563554353954e+02
6.903625570731942389e+02
6.910013739731650730e+02
6.912725831003980375e+02
6.918676288865145807e+02
6.922180277041665022e+02
6.926423187498494372e+02
6.942592235855559011e+02
6.952107334243527248e+02
6.952619688008652474e+02
6.967043143388939370e+02
6.970445447692505923e+02
6.974508988039356154e+02
6.987311904413032835e+02
6.993878251804073898e+02
6.997913807814728671e+02
7.013974790399403219e+02
7.017428297107210255e+02
7.025753510579427257e+02
7.037920280795029839e+02
7.046540603318021567e+02
7.054699520682542015e+02
7.059320415267932276e+02
7.074944871212632052e+02
7.076151513466004417e+02
7.078807911630472063e+02
7.082050631224104791e+02
7.086327640527362064e+02
7.091176729375946479e+02
7.101384455054386535e+02
7.104745749360286027e+02
7.107460250053123900e+02
7.107555083078879079e+02
7.107869541478283963e+02
7.113677852542978144e+02
7.117446734734423899e+02
7.125186403461947293e+02
7.130388789414673738e+02
7.133754797808608146e+02
7.142515999748956119e+02
7.146315632453317903e+02
7.148641673970405463e+02
