1.040806064342385007e+01
1.041036874629575415e+01
1.041627607316387660e+01
1.041620795064377347e+01
1.041271528796800006e+01
1.040112147325791270e+01
1.039906870660970384e+01
1.040240944364171405e+01
1.041237554658810360e+01
1.041795938248150932e+01
1.043197241081477955e+01
1.044072323546602554e+01
1.045111151032634211e+01
1.047968630223789965e+01
1.048598066745875812e+01
1.048615836766612119e+01
1.049027587987785815e+01
1.049231646580465238e+01
1.049596303170896050e+01
1.051813294352888839e+01
1.053555702386334403e+01
1.054766484109182834e+01
1.059641313416608455e+01
1.060511228178383369e+01
1.062118155342023940e+01
1.063195841300269251e+01
1.063375718348038035e+01
1.063550571195066219e+01
1.063806060791395858e+01
1.066215754686422379e+01
1.066508696118498634e+01
1.067199223699533661e+01
1.068114145696206307e+01
1.069403280094304876e+01
1.070901882517448911e+01
1.073740127508787801e+01
1.074467406146771786e+01
1.074953401641575823e+01
1.074968651838697298e+01
1.075018371234467907e+01
1.075701475183866762e+01
1.075918704755807198e+01
1.075975831006319261e+01
1.075953903016856650e+01
1.076052236683833563e+01
1.077443821553669778e+01
1.078906894296126318e+01
1.080166661706804376e+01
