1.817885330845613101e+00
1.818049026222801956e+00
1.818361516941751521e+00
1.818738965109336192e+00
1.819055875275447320e+00
1.819513620332132486e+00
1.820061103095932831e+00
1.820551122985897496e+00
1.821172626822658458e+00
1.821915678468212008e+00
1.822600538240741530e+00
1.823403814106535181e+00
1.824350195476327263e+00
1.825231982259591490e+00
1.826218342869625033e+00
1.827354954702131051e+00
1.828399116231328447e+00
1.829551133037910171e+00
1.830821826926961160e+00
1.831893218584024208e+00
1.834395262015615202e+00
