2.000000397490111936e+01
2.000401407874778670e+01
2.000873074279911634e+01
2.001421276355063128e+01
2.002051619257485982e+01
2.002769452241091130e+01
2.003579743536488422e+01
2.004486948861358542e+01
2.005494870434608856e+01
2.006606498056089549e+01
2.007823841584945512e+01
2.009147748989744287e+01
2.010577702942259748e+01
2.012111601252900073e+01
2.013745527120386214e+01
2.015473490585941363e+01
2.017287152437347686e+01
2.019175516309928753e+01
2.021124613181245877e+01
2.023117106789368336e+01
2.025132256401116138e+01
