6.455223624135032878e+01
6.455508954984672698e+01
6.456895807701629053e+01
6.460073850571012599e+01
6.462028401475447481e+01
6.467773873198632373e+01
6.469406754517247293e+01
6.476268716432520023e+01
6.479914230583253243e+01
6.481470064857657576e+01
6.484927487113696998e+01
6.487011277936140630e+01
6.489609465669512645e+01
6.500858127885038584e+01
6.508986067878205972e+01
6.509461443646098644e+01
6.524359148017951782e+01
6.528243138134627088e+01
6.533019431187695147e+01
6.548708148147061081e+01
6.556958757662830806e+01
6.562072872196571893e+01
6.582977134531060415e+01
6.587664608320069703e+01
6.599367735806744406e+01
6.617532018006497196e+01
6.630983006793321977e+01
6.643898289743037822e+01
6.651205682124505358e+01
6.675510137487731299e+01
6.677358293855630222e+01
6.681416702244355577e+01
6.686357584620141381e+01
6.692868204261156961e+01
6.700270473338012778e+01
6.716074638687653930e+01
6.721377222425618925e+01
6.725701241295037391e+01
6.725852993597661111e+01
6.726356526129656288e+01
6.735748624263642625e+01
6.741931255794861499e+01
6.754806798446907123e+01
6.763554070993588141e+01
6.769231920838359429e+01
6.783984430754237849e+01
6.790331104699927778e+01
6.794189985775604157e+01
