3.525909224552648880e+00
3.541388535510091362e+00
3.604807363855588420e+00
3.720123585462506544e+00
3.782899912108946605e+00
3.955916821615444334e+00
4.004012991387652320e+00
4.206315371589165686e+00
4.314091429236757591e+00
4.359884302509919429e+00
4.460359302466155640e+00
4.519486031792882663e+00
4.590993999062518149e+00
4.861707015109549168e+00
5.018926476070628695e+00
5.027339054197161872e+00
5.262022740834428447e+00
5.316865588255965669e+00
5.382185245388972028e+00
5.587270266033263155e+00
5.692350672434284498e+00
5.756954155596996969e+00
6.014022685807596247e+00
6.069183772258064380e+00
6.201809002848416519e+00
6.394671463553079249e+00
6.530861838933800456e+00
6.659749766717296460e+00
6.732844774791361786e+00
6.980859738593910180e+00
7.000065776105865112e+00
7.042366504712536113e+00
7.094031855112667984e+00
7.162204489817759701e+00
7.239503918907696622e+00
7.402117575830362561e+00
7.455605345934008810e+00
7.498774132227584488e+00
7.500281816374524624e+00
7.505280951992474137e+00
7.597557768095150266e+00
7.657372534836643041e+00
7.780077769119468911e+00
7.862506757727275364e+00
7.915856346771382057e+00
8.055076441799094766e+00
8.115811277650848865e+00
8.153174553059912455e+00
