1.065947695095892200e+01
1.065928848144591967e+01
1.063701468936911887e+01
1.060780129584164477e+01
1.060589755898078224e+01
1.059332851445315704e+01
1.055087717613071874e+01
1.049906819774758837e+01
1.048832792355385202e+01
1.043586509899651737e+01
1.042974383250394332e+01
1.042100809471859613e+01
1.041444006199685468e+01
1.041309599542210229e+01
1.042189155294728842e+01
1.042677270900921194e+01
1.044648441142571649e+01
1.045923025702368037e+01
1.046680459367651750e+01
1.047376929817380642e+01
1.047613816761475469e+01
1.047234634842801171e+01
1.045419292737283357e+01
1.044975257996534346e+01
1.043589220097238979e+01
1.041603675792379313e+01
1.040772615157974990e+01
1.040615324841712841e+01
1.040630260142781438e+01
1.042318982866930988e+01
1.042689727484299134e+01
1.047119029117933486e+01
1.052836892283587211e+01
1.070585216705637599e+01
1.067215931024027675e+01
1.067091041817988462e+01
1.066565319293300007e+01
1.066361914338283690e+01
1.066323608393633648e+01
1.067799534949810258e+01
1.071148941500814367e+01
1.071284407438830044e+01
1.072776162302673519e+01
