8.734181427851986257e+00
8.731377387617079933e+00
8.716295878548576681e+00
8.677661121221134977e+00
8.652831234933692883e+00
8.580780444089031178e+00
8.561465478505127180e+00
8.490326546157191956e+00
8.459769140098268636e+00
8.448055366547881917e+00
8.424089097224607414e+00
8.410531088333458527e+00
8.394021163445993139e+00
8.321375795363236350e+00
8.268215048079945007e+00
8.265165605326336262e+00
8.176051240764659056e+00
8.155195029916548322e+00
8.130945022556989699e+00
8.061268394300531881e+00
8.029594606596646145e+00
8.011087524311221841e+00
7.937469126661897079e+00
7.920239373650707293e+00
7.874921059659771849e+00
7.798839179740467920e+00
7.740367145685338457e+00
7.685065595402751804e+00
7.655005068522491740e+00
7.566126241370298544e+00
7.560167456377423711e+00
7.547451429442411097e+00
7.532580098130324586e+00
7.513762728206163644e+00
7.492922335708942505e+00
7.447140434612270710e+00
7.430540328621786372e+00
7.416347592687488444e+00
7.415838130812361761e+00
7.414142052985752684e+00
7.380916840768573906e+00
7.357485824306863265e+00
7.305878047963859423e+00
7.270253662148725482e+00
7.247841579108967203e+00
7.197360505440616230e+00
7.181684458560433804e+00
7.174774180628179288e+00
