1.947945528507690227e+01
1.948477228419774221e+01
1.949958899778108901e+01
1.950505710352889110e+01
1.950095990814538993e+01
1.948413469636341588e+01
1.948123850824495307e+01
1.948996644245850618e+01
1.950912664746831382e+01
1.951964664572993513e+01
1.954573175106992267e+01
1.956183594834826067e+01
1.958074959776847379e+01
1.962994768836349024e+01
1.963724848024980929e+01
1.963729482332124121e+01
1.963504920612371052e+01
1.963601025683861323e+01
1.963919027446370080e+01
1.966780109699564605e+01
1.969318232944728919e+01
1.971126427249420487e+01
1.978383877041461858e+01
1.979609767313316837e+01
1.981653226870499296e+01
1.982269811330696285e+01
1.981604933075022501e+01
1.980962301116260349e+01
1.980877939534378740e+01
1.983409154661779539e+01
1.983800391907504235e+01
1.984745622977315094e+01
1.986032115795131858e+01
1.987881255158002247e+01
1.990047228412469238e+01
1.994028788989533751e+01
1.994958923520274396e+01
1.995523442486184607e+01
1.995539978683812166e+01
1.995593245929605075e+01
1.996143013461515991e+01
1.996082052132074125e+01
1.995234754856560144e+01
1.994548543215361036e+01
1.994309062429318757e+01
1.995766783944466383e+01
1.997977398600601262e+01
1.999999930046498164e+01
