2.796284080887014412e+00
2.796333636536464162e+00
2.796554132363395340e+00
2.796811310854111721e+00
2.796907080724783334e+00
2.797146272565807834e+00
2.797445690043183664e+00
2.797574925182508832e+00
2.797821086879192620e+00
2.798166046799897000e+00
2.798331541753717122e+00
2.798588342524392036e+00
2.798974659533757681e+00
2.799172856508783891e+00
2.799446462765393662e+00
2.799870726546252353e+00
2.800079651959015870e+00
2.800390815560039215e+00
2.800832761674403759e+00
2.800931724143640000e+00
2.803210594235096664e+00
