9.240240620826646989e+00
9.242686749453808304e+00
9.249449315149917084e+00
9.251717100509111447e+00
9.249660938842410474e+00
9.241504868261975147e+00
9.240099125480425002e+00
9.244087239001892442e+00
9.253054765071521359e+00
9.257983451881752757e+00
9.270205871619257465e+00
9.277750277137721824e+00
9.286608770439665150e+00
9.309678867015973580e+00
9.313237901888566483e+00
9.313272188855679090e+00
9.312875538132715292e+00
9.313577457864745668e+00
9.315419632633480163e+00
9.330276568765849987e+00
9.343073343168127209e+00
9.352134835451273887e+00
9.388529011220720477e+00
9.394762613654769723e+00
9.405448209140162774e+00
9.409791877379115377e+00
9.407642905745808193e+00
9.405563506454347689e+00
9.405723348932097494e+00
9.419677620990677624e+00
9.421685740747760107e+00
9.426504563297683603e+00
9.433015009551342089e+00
9.442320543611410599e+00
9.453191818866839569e+00
9.473293343119072674e+00
9.478092103786245559e+00
9.481077836656124802e+00
9.481166971997893711e+00
9.481455084217691009e+00
9.484711514534474475e+00
9.484840461191705430e+00
9.481692272380048081e+00
9.479050077684094688e+00
9.478331277544226552e+00
9.486448091586156650e+00
9.497525652730038459e+00
9.507507838964242453e+00
