1.818402480143948674e+00
1.818429368816649072e+00
1.818581082460149601e+00
1.818771947094204311e+00
1.818874743519731441e+00
1.819089272248098910e+00
1.819362979516446543e+00
1.819547444798593538e+00
1.819830668910449090e+00
1.820202011389486119e+00
1.820481395544121028e+00
1.820845511842331232e+00
1.821319508753403982e+00
1.821696666253288521e+00
1.822147723237875105e+00
1.822720461302094641e+00
1.823175005356173273e+00
1.823715287307348554e+00
1.824356493465491891e+00
1.824786079002908235e+00
1.826639892153224531e+00
