1.079617150872945786e+01
1.081560605077439874e+01
1.097056671990240240e+01
1.105189421943226336e+01
1.105650022381166231e+01
1.108618160229718086e+01
1.118666928485781575e+01
1.133297883867124511e+01
1.136950755104532718e+01
1.161464961797114626e+01
1.165806267785120554e+01
1.173515712790223908e+01
1.182022990685966590e+01
1.207111039794048146e+01
1.219632605064873765e+01
1.224496322070073262e+01
1.240313948636380736e+01
1.249965255467795266e+01
1.256489720020334744e+01
1.264786841516112226e+01
1.273885314057029916e+01
1.281740479871539407e+01
1.293977935992282369e+01
1.296053562463314712e+01
1.301922741601661926e+01
1.310658235594829080e+01
1.316656114007980349e+01
1.320632642940520363e+01
1.321674945116613209e+01
1.333777170663708667e+01
1.335293650286127232e+01
1.349495823115326765e+01
1.365202859408458735e+01
1.436496494093817056e+01
1.533747858151260779e+01
1.535443708023437814e+01
1.543616005071483066e+01
1.547678229998758148e+01
1.548564214160472829e+01
1.585949034775892663e+01
1.601780769444008001e+01
1.602261982881605817e+01
1.607131398887020168e+01
