1.400096085905315704e+02
1.400217871479414384e+02
1.400764402332557097e+02
1.401899942629412408e+02
1.402565337264552170e+02
1.404468241038393899e+02
1.405002692731583522e+02
1.407243915065882902e+02
1.408436044745373295e+02
1.408944553903693304e+02
1.410069935982382958e+02
1.410741779465568868e+02
1.411568071752556648e+02
1.414917265578323793e+02
1.417095227810781921e+02
1.417217509694674789e+02
1.420858909936396799e+02
1.421766326938195562e+02
1.422868101705240065e+02
1.426422812497437462e+02
1.428271465481166445e+02
1.429412322911499587e+02
1.434010457472369353e+02
1.435020038583684254e+02
1.437498563528326656e+02
1.441238881685220008e+02
1.443952906591153749e+02
1.446541078581357738e+02
1.448005782354175324e+02
1.452915377468211773e+02
1.453291646833494042e+02
1.454119064819344374e+02
1.455128012598194971e+02
1.456458623810823951e+02
1.457969955759417928e+02
1.461175002894248394e+02
1.462240210925810970e+02
1.463104469159896723e+02
1.463134728315391726e+02
1.463235097002548457e+02
1.465097608442727051e+02
1.466314431359431012e+02
1.468830248390873692e+02
1.470530588007705433e+02
1.471632913050239324e+02
1.474501719232032997e+02
1.475741637747472055e+02
1.476498089791902828e+02
