1.546099411350114678e+02
1.546099336606263819e+02
1.546099218746735176e+02
1.546099498900534002e+02
1.546099772014072755e+02
1.546100508123276143e+02
1.546100665862160213e+02
1.546101088993435440e+02
1.546101216491926493e+02
1.546101261704519061e+02
1.546101348746989856e+02
1.546101391171242483e+02
1.546101429574515578e+02
1.546101361099770202e+02
1.546101149962254908e+02
1.546101136140604524e+02
1.546100714446990594e+02
1.546100615938038345e+02
1.546100501148605417e+02
1.546100145307914602e+02
1.546099952794480998e+02
1.546099828778367566e+02
1.546099321605629484e+02
1.546099218949089789e+02
1.546098992763784565e+02
1.546098712418560979e+02
1.546098532639701943e+02
1.546098366787379348e+02
1.546098275466412986e+02
1.546098009123389545e+02
1.546097992558213434e+02
1.546097958350064516e+02
1.546097920662616900e+02
1.546097877144127040e+02
1.546097834791369792e+02
1.546097762072927821e+02
1.546097742001924473e+02
1.546097727418006116e+02
1.546097726938641301e+02
1.546097725365162034e+02
1.546097701419720067e+02
1.546097692348164969e+02
1.546097694019634901e+02
1.546097710714598747e+02
1.546097726569229280e+02
1.546097770959111699e+02
1.546097782911246270e+02
1.546097785466962478e+02
