2.444457926652612514e+02
2.444780828222631897e+02
2.446248133732972860e+02
2.449379149237681190e+02
2.451259353154731286e+02
2.456797751172503013e+02
2.458391831857113061e+02
2.465232222515369074e+02
2.468959093991659870e+02
2.470564423069438362e+02
2.474143794531274523e+02
2.476293219104198613e+02
2.478942339610793226e+02
2.489562285857156496e+02
2.496213217937895195e+02
2.496579318822833784e+02
2.507171784179581948e+02
2.509738272294330841e+02
2.512829430153599617e+02
2.522703238668458994e+02
2.527819253421232872e+02
2.530974793404688512e+02
2.543605783065543449e+02
2.546338407635355168e+02
2.552954865598105414e+02
2.562700269854934731e+02
2.569650973810487926e+02
2.576252134545607646e+02
2.579996316306620088e+02
2.592668506215429147e+02
2.593647697834590531e+02
2.595803734737364721e+02
2.598436474303092041e+02
2.601910675081400655e+02
2.605852480139483305e+02
2.614161978389250862e+02
2.616901663498381936e+02
2.619115291498123383e+02
2.619192643125749669e+02
2.619449142632344092e+02
2.624188901932618023e+02
2.627266166843852488e+02
2.633588779251152800e+02
2.637840540382187555e+02
2.640592108544330472e+02
2.647755370473698804e+02
2.650861857899342340e+02
2.652763181013452822e+02
