8.695159718712108798e+00
8.696321012193012123e+00
8.697976395598333355e+00
8.691440073421231816e+00
8.684750463090596284e+00
8.663964774902963129e+00
8.659018099215458619e+00
8.647748341112006187e+00
8.648368557689092739e+00
8.649726991795926523e+00
8.654118703999726492e+00
8.657085496518392986e+00
8.660467938252017106e+00
8.663718828509228587e+00
8.656425994098638554e+00
8.655888369271755423e+00
8.639561325313234619e+00
8.636477491460251343e+00
8.633746182529792534e+00
8.633714816571117723e+00
8.638616778179962097e+00
8.642779695865542067e+00
8.659935277900467909e+00
8.662198977739302919e+00
8.663689020096676074e+00
8.655535424405536915e+00
8.644989561066374506e+00
8.635034142997868756e+00
8.630672683660105093e+00
8.628621437679859341e+00
8.629344508175865514e+00
8.631315086858631247e+00
8.634320604075226058e+00
8.638978795687604517e+00
8.644591018990716691e+00
8.653902122919138407e+00
8.655291151870359911e+00
8.655588255673871245e+00
8.655584550556639556e+00
8.655565342119684757e+00
8.653290474896676798e+00
8.649967465845159964e+00
8.639961342762793706e+00
8.632744081693250138e+00
8.628999062882710902e+00
8.628579740191542058e+00
8.635458663779411737e+00
8.642660727090609285e+00
