6.438298211158945072e+00
6.441134933182544486e+00
6.450477498149123967e+00
6.460430315240368593e+00
6.463522634868112071e+00
6.470159523545183866e+00
6.472560471619728695e+00
6.489329624668122243e+00
6.502881350229028357e+00
6.509388868043936682e+00
6.524591072694581051e+00
6.533748670178990636e+00
6.544609366787278226e+00
6.578211559958337951e+00
6.590763931532078068e+00
6.591325280700466749e+00
6.605989869211534860e+00
6.609955531026575848e+00
6.615371364199375215e+00
6.638624999837264617e+00
6.654100104333029009e+00
6.664425791229894536e+00
6.705577324312028686e+00
6.713272240606274366e+00
6.728721103677122173e+00
6.743249714020468133e+00
6.749778013693732426e+00
6.755850293635378812e+00
6.760194568397280612e+00
6.784102669276002473e+00
6.786589009435297193e+00
6.792335408319922330e+00
6.799779022437274278e+00
6.810082300840440084e+00
6.821965984826888985e+00
6.844969523157949709e+00
6.851255847996025494e+00
6.855706300777326234e+00
6.855851112142047121e+00
6.856326056856124396e+00
6.863648367843560472e+00
6.867007419771124610e+00
6.871510735743209253e+00
6.874163922397001691e+00
6.876569930607431935e+00
6.889796643101957052e+00
6.900804864648279136e+00
6.909777132829713508e+00
