9.840543252975840005e+01
9.845704923356689164e+01
9.867205170889050692e+01
9.907205594559648887e+01
9.929177689086868952e+01
9.989462157412448562e+01
1.000603682732376427e+02
1.007463621308118036e+02
1.011050100412544026e+02
1.012562200348587567e+02
1.015860458264145052e+02
1.017791869637640758e+02
1.020121980738715592e+02
1.028959900192931087e+02
1.034170050859277126e+02
1.034451321096415626e+02
1.042398449489452616e+02
1.044277541028009466e+02
1.046520708446610826e+02
1.053555667160859599e+02
1.057132778855490329e+02
1.059319695194775761e+02
1.067965486567521651e+02
1.069820766871029889e+02
1.074300211042313720e+02
1.080868740522228109e+02
1.085523205176575345e+02
1.089907795690195513e+02
1.092375688834955554e+02
1.100618921742738934e+02
1.101249423837485182e+02
1.102635006336925443e+02
1.104322463776266261e+02
1.106543104507684347e+02
1.109056522445911099e+02
1.114345447398617353e+02
1.116089115641940026e+02
1.117498550523019105e+02
1.117547812747058344e+02
1.117711173452678253e+02
1.120731755550223454e+02
1.122694922090852145e+02
1.126733037618527078e+02
1.129450517405421692e+02
1.131208973778556270e+02
1.135779738455329664e+02
1.137755108403149507e+02
1.138960788747707369e+02
