1.947794269841431714e+01
1.948326388707080525e+01
1.949809675778484319e+01
1.950358972590657558e+01
1.949950348444867387e+01
1.948269943198589260e+01
1.947980707498663122e+01
1.948854517676969778e+01
1.950770969494795182e+01
1.951823192029377907e+01
1.954432360776503330e+01
1.956043315031725882e+01
1.957935504925900716e+01
1.962860373116166812e+01
1.963594516812603885e+01
1.963599380625147006e+01
1.963381117391402242e+01
1.963478544651219693e+01
1.963797986978448407e+01
1.966662447241950318e+01
1.969201625755318474e+01
1.971010285990316291e+01
1.978269025049165819e+01
1.979495254220107370e+01
1.981539920555590939e+01
1.982159727265765170e+01
1.981498397267093736e+01
1.980860102929332101e+01
1.980778593431983836e+01
1.983321293856315748e+01
1.983713524478795875e+01
1.984660992617108377e+01
1.985950308985404789e+01
1.987803328557762228e+01
1.989973920423325282e+01
1.993966016268479891e+01
1.994899878342541655e+01
1.995467505835659949e+01
1.995484152238669395e+01
1.995537785695983146e+01
1.996094533357916134e+01
1.996038318313760485e+01
1.995201268761351088e+01
1.994522271784841294e+01
1.994287566505133213e+01
1.995757939462254527e+01
1.997974054269987576e+01
1.999999930058794106e+01
