8.863762319087982178e+00
8.882459343624955039e+00
8.960809250670173753e+00
9.000188140562336514e+00
9.003291643730623406e+00
9.025721673546023283e+00
9.125679702928838566e+00
9.296418751949415693e+00
9.339267705386118834e+00
9.614713563351021008e+00
9.661693781614200560e+00
9.744696911206480294e+00
9.836659085103709899e+00
1.012347741141717350e+01
1.028341690569529909e+01
1.034954975629262641e+01
1.057994974268308042e+01
1.072920047178432235e+01
1.083150239040120155e+01
1.096079883723784754e+01
1.109951325298059643e+01
1.121704566142500958e+01
1.140582663753750481e+01
1.144031221147183786e+01
1.154518355615447511e+01
1.172756325837229063e+01
1.187012430378602446e+01
1.196872501606125461e+01
1.199470961636143507e+01
1.228634225819659420e+01
1.232064530242165823e+01
1.261327024428575960e+01
1.288587686314578029e+01
1.380720813271093661e+01
1.480144899953447357e+01
1.481801091152455818e+01
1.489785788773728825e+01
1.493759765535671846e+01
1.494627160129437193e+01
1.531552058996361687e+01
1.547284714449888554e+01
1.547760764560348612e+01
1.552563010580996483e+01
