2.811484903620257683e+02
2.811404672535826990e+02
2.811061057948757025e+02
2.810395321374544437e+02
2.810021681852713300e+02
2.808987285377035050e+02
2.808702537736474483e+02
2.807525741659308096e+02
2.806910068696722647e+02
2.806649909559651519e+02
2.806080488253724070e+02
2.805745440757746110e+02
2.805339262833314251e+02
2.803771787239619471e+02
2.802820998589203327e+02
2.802769013314658650e+02
2.801272854324908508e+02
2.800912165673568666e+02
2.800478857184770050e+02
2.799106281550659219e+02
2.798403530735429285e+02
2.797972821818945022e+02
2.796258860789278629e+02
2.795887436059570632e+02
2.794983256759937262e+02
2.793637960541017264e+02
2.792673728533296185e+02
2.791761091908985009e+02
2.791246793313551962e+02
2.789529892686157382e+02
2.789398611759289679e+02
2.789110046876398314e+02
2.788758406170778699e+02
2.788295089875452391e+02
2.787769550350143959e+02
2.786658232558388590e+02
2.786289997584352136e+02
2.785991657176851959e+02
2.785981218617475292e+02
2.785946597525934294e+02
2.785305016263952780e+02
2.784886653594102199e+02
2.784023071469211459e+02
2.783439933687907910e+02
2.783061890178641988e+02
2.782077477364145466e+02
2.781651740977114855e+02
2.781391994800754333e+02
