2.250690805344454049e+01
2.250513697188639384e+01
2.248947992048046274e+01
2.243498470634257203e+01
2.239663452510107433e+01
2.228336860278572473e+01
2.225375078116482896e+01
2.215297191567952950e+01
2.211591721623016582e+01
2.210288580610684406e+01
2.207762826380047372e+01
2.206350535740450880e+01
2.204558713733702291e+01
2.194888240062500628e+01
2.186505581502187567e+01
2.186009598393180298e+01
2.171432270739551385e+01
2.168105259233450255e+01
2.164334159177762373e+01
2.154360711904610426e+01
2.150339518168153319e+01
2.148108934732473685e+01
2.139004074465622196e+01
2.136608598432381356e+01
2.129721581094341332e+01
2.116774280416888132e+01
2.106208148760724796e+01
2.096078944325820004e+01
2.090610262296259236e+01
2.075065058274576302e+01
2.074071470931302485e+01
2.071971912864108845e+01
2.069545502911693902e+01
2.066493940646469341e+01
2.063077821425724778e+01
2.055087880867268879e+01
2.051974402849341317e+01
2.049227250201869310e+01
2.049127304477002198e+01
2.048793939554105137e+01
2.042092674396238294e+01
2.037215150420740528e+01
2.026231538102366869e+01
2.018599558059939270e+01
2.013842945270702245e+01
2.003639738915988033e+01
2.000925447281910152e+01
1.999999919999400788e+01
