6.434988700249050453e+01
6.435880451322866236e+01
6.440088007435318218e+01
6.449389539604356969e+01
6.454999172717238309e+01
6.471206703098707180e+01
6.475749859501618744e+01
6.494579585859513315e+01
6.504424061704602877e+01
6.508590252249253183e+01
6.517755325749452311e+01
6.523200823017012340e+01
6.529884373275379517e+01
6.557046338136012764e+01
6.574897566096306889e+01
6.575904180478457306e+01
6.605972787828693527e+01
6.613459794020876359e+01
6.622525894042261996e+01
6.651469300783978156e+01
6.666280490837847594e+01
6.675333285206664868e+01
6.711273861094646520e+01
6.719086120822625219e+01
6.738199833401743888e+01
6.766872729729571745e+01
6.787468150676613732e+01
6.806846727004779041e+01
6.817672039755655078e+01
6.853132470451537017e+01
6.855799967971691444e+01
6.861643915931493609e+01
6.868732475660542036e+01
6.878026163620839384e+01
6.888520398564321567e+01
6.910623982865980963e+01
6.917938600042745634e+01
6.923864678735785105e+01
6.924072032246864694e+01
6.924759755207844591e+01
6.937505679131866998e+01
6.945817381531431067e+01
6.962962779110296196e+01
6.974515997043938853e+01
6.981986623161800765e+01
7.001321355514690481e+01
7.009604424759292840e+01
7.014625536244007264e+01
