1.848839733523378186e+02
1.849346800618846771e+02
1.851492635736126999e+02
1.855596754664897503e+02
1.857896571569668254e+02
1.864316998739584790e+02
1.866103610906884285e+02
1.873575912213966888e+02
1.877534296250340162e+02
1.879215570670251907e+02
1.882911891731444598e+02
1.885096673312721407e+02
1.887753993817926528e+02
1.898056102446907119e+02
1.904283846972342644e+02
1.904622901161575044e+02
1.914307874266326621e+02
1.916625539795198563e+02
1.919405502696778285e+02
1.928216803399567425e+02
1.932749809061805308e+02
1.935537219145664949e+02
1.946650064404491616e+02
1.949048278053257377e+02
1.954850429439494803e+02
1.963386779082554199e+02
1.969465443068340278e+02
1.975226733041779710e+02
1.978488214851130067e+02
1.989489959392215326e+02
1.990337912054425544e+02
1.992204101391081394e+02
1.994481477618731162e+02
1.997484874502971195e+02
2.000890897439915648e+02
2.008070212455187118e+02
2.010438192008957685e+02
2.012352082190444946e+02
2.012418970659539639e+02
2.012640779347181308e+02
2.016741046562851523e+02
2.019404728574840817e+02
2.024881162447065890e+02
2.028565875796765852e+02
2.030950875030204941e+02
2.037158927845956384e+02
2.039849558385780597e+02
2.041495480409242305e+02
