2.000000600698672315e+01
2.000009259936274475e+01
2.000019321798953342e+01
2.000031083647152741e+01
2.000044676577459768e+01
2.000060232420864281e+01
2.000077878001931708e+01
2.000097732103790804e+01
2.000119899493671483e+01
2.000144469443310413e+01
2.000171513192756834e+01
2.000201077237966274e+01
2.000233177632551929e+01
2.000267792213128359e+01
2.000304855896877143e+01
2.000344253764993141e+01
2.000385811765875133e+01
2.000429288515380222e+01
2.000474364730013122e+01
2.000520643215918426e+01
2.000567484387994455e+01
