2.730486402511596680e+02
2.725184127915193244e+02
2.677267589857715961e+02
2.649067089232664785e+02
2.647454983477543351e+02
2.637093138374547152e+02
2.602784017919932467e+02
2.555010001729587543e+02
2.543336102586306140e+02
2.465662009644343584e+02
2.451841633646580192e+02
2.427124255235461590e+02
2.399492444457867748e+02
2.314546115897900620e+02
2.269289778152991630e+02
2.251024495904310356e+02
2.188447885765997398e+02
2.147611449172248967e+02
2.118802517250514654e+02
2.080764695009675620e+02
2.037261273032103475e+02
1.998156772982362099e+02
1.934054081819921862e+02
1.922753793230348833e+02
1.890107570693223238e+02
1.840014508331294678e+02
1.805406273951708442e+02
1.782833145323011479e+02
1.776997186068932990e+02
1.712387618581990409e+02
1.704717682543336252e+02
1.636974593688009918e+02
1.569004323705431148e+02
1.314525350890654352e+02
1.021584539908832596e+02
1.016305423709251272e+02
9.905279694581452077e+01
9.774812066693674240e+01
9.746128679590825072e+01
8.435545856741036630e+01
7.800784480380413299e+01
7.780561853884672985e+01
7.572649343430063595e+01
