7.358003103488590568e+01
7.363683418489264909e+01
7.386958269171068991e+01
7.429284266153358374e+01
7.452326110630347955e+01
7.515829308388319419e+01
7.533481988166016663e+01
7.607733808705241074e+01
7.647291953395040309e+01
7.664099766527519364e+01
7.700977848459014297e+01
7.722679363949978892e+01
7.748925052915103606e+01
7.848285555931323643e+01
7.905990808991634822e+01
7.909078516454555086e+01
7.995213679934423112e+01
8.015341920774406503e+01
8.039315181241501307e+01
8.114584655207903552e+01
8.153151441211132067e+01
8.176862408703240703e+01
8.271210765398548403e+01
8.291455247766953107e+01
8.340129302494571562e+01
8.410911837961279502e+01
8.460896396852029966e+01
8.508201021131375796e+01
8.535028283953235473e+01
8.626054044072931504e+01
8.633103043171604440e+01
8.648628324426228176e+01
8.667590793297965490e+01
8.692612290490473015e+01
8.720984768462598424e+01
8.780682995215730102e+01
8.800326559990369901e+01
8.816184891705185578e+01
8.816738834048318552e+01
8.818575624686828007e+01
8.852494082589552704e+01
8.874496868898077651e+01
8.919676639316442390e+01
8.950046215870868593e+01
8.969695865672711932e+01
9.020827365348786486e+01
9.042985887758766239e+01
9.056541783882123298e+01
