1.406307165360012590e+01
1.406590567239809353e+01
1.407251548751071368e+01
1.406913539299151239e+01
1.406223475446346960e+01
1.403933990615885108e+01
1.403428239442660441e+01
1.402815301894381861e+01
1.403537778080411691e+01
1.404016668157035319e+01
1.405284698322663317e+01
1.406085822685692399e+01
1.407014866324251656e+01
1.408929206393661104e+01
1.408522329942537787e+01
1.408476151541985821e+01
1.406952588781849123e+01
1.406709407607063156e+01
1.406569303973467022e+01
1.407489995650059278e+01
1.408743051807487667e+01
1.409694015604638651e+01
1.413530868629837300e+01
1.414115896684523399e+01
1.414870802298775843e+01
1.414271242067496104e+01
1.413056581669622602e+01
1.411900550676927324e+01
1.411448676087408494e+01
1.411957205085404432e+01
1.412137933683385782e+01
1.412596445101450726e+01
1.413251994729400707e+01
1.414226727691864482e+01
1.415382184177925851e+01
1.417397865759722286e+01
1.417786820944040471e+01
1.417966316462391951e+01
1.417970289794673810e+01
1.417982336166711477e+01
1.417891859880267624e+01
1.417532191335748415e+01
1.416274623003597988e+01
1.415347733274759534e+01
1.414897227742230612e+01
1.415234619343037181e+01
1.416524628010875375e+01
1.417798934240227204e+01
