5.815004030446629280e+00
5.814320462594028349e+00
5.792904114204166177e+00
5.765821219284729793e+00
5.763990421783423024e+00
5.751656304283252474e+00
5.706218527530667828e+00
5.639405127236113202e+00
5.623174531488150940e+00
5.518160981741600857e+00
5.499973752151000816e+00
5.467724651543685255e+00
5.432002699768711196e+00
5.323241145339542513e+00
5.265311705849224921e+00
5.241841251812991764e+00
5.160723558546622236e+00
5.106878790250924283e+00
5.068236596789413184e+00
5.016063873418404206e+00
4.954234697611976657e+00
4.896112321359423092e+00
4.794640186665293236e+00
4.775973248192824094e+00
4.721106245832858761e+00
4.636449513395872302e+00
4.580276241890820721e+00
4.545666395504521340e+00
4.537028748989857085e+00
4.450216852463928952e+00
4.440902455976760699e+00
4.364992254583436981e+00
4.294375123941091665e+00
3.971085184088567033e+00
3.409056905543511373e+00
3.398726345909025781e+00
3.349105729125733344e+00
3.324588511703456817e+00
3.319258508247818540e+00
3.105551787699160293e+00
3.026852364090096614e+00
3.024625955084209394e+00
3.002724947145536394e+00
