1.480849892893414577e+01
1.481302664083220755e+01
1.482627322181108909e+01
1.483400835098855097e+01
1.483282849695195793e+01
1.482533373112170416e+01
1.482459717565057034e+01
1.483737976649561574e+01
1.485521984128638806e+01
1.486460993715795986e+01
1.488750068330183396e+01
1.490154809111419887e+01
1.491811334958082824e+01
1.496383219584759061e+01
1.497423111350529901e+01
1.497452588937532880e+01
1.498005131657767919e+01
1.498246777654886053e+01
1.498689010208011041e+01
1.501491106217721594e+01
1.503740568018467449e+01
1.505311520143833093e+01
1.511608532050139253e+01
1.512707753705280744e+01
1.514663761065460612e+01
1.515719260147117176e+01
1.515629306204614757e+01
1.515534748894981298e+01
1.515694303089750505e+01
1.518378343529723118e+01
1.518734633978971793e+01
1.519582872718141786e+01
1.520719263788868680e+01
1.522334015623714265e+01
1.524217649737709301e+01
1.527743314398669305e+01
1.528614567797217738e+01
1.529176239274238291e+01
1.529193439043725178e+01
1.529249281596323407e+01
1.529950596601793045e+01
1.530087999975407875e+01
1.529820829906200075e+01
1.529552177580557171e+01
1.529533627973453846e+01
1.531066510123298663e+01
1.532930804185550500e+01
1.534580721949635773e+01
