4.616703459623531671e+02
4.617787433785944700e+02
4.622229164835399047e+02
4.630306912682441975e+02
4.634704379826774243e+02
4.646823707630734930e+02
4.650192645561244831e+02
4.664363332860380638e+02
4.671912882942359033e+02
4.675120604042480750e+02
4.682158678442345945e+02
4.686300351327897715e+02
4.691309269619555380e+02
4.710271973598505610e+02
4.721284883078400298e+02
4.721874164855034337e+02
4.738312880885349614e+02
4.742154320085636527e+02
4.746729576526814753e+02
4.761094633037668586e+02
4.768455044989751741e+02
4.772980251759552743e+02
4.790986574006710725e+02
4.794850230377678031e+02
4.804139666264149469e+02
4.817648494534707879e+02
4.827188051551847252e+02
4.836216171155789993e+02
4.841336182044681777e+02
4.858708566403984719e+02
4.860053876908912116e+02
4.863016892362057320e+02
4.866635880185894507e+02
4.871411160374537985e+02
4.876825737017766187e+02
4.888216366591022961e+02
4.891963211757905015e+02
4.894987371089964086e+02
4.895092994289384478e+02
4.895443218555010390e+02
4.901908465416057084e+02
4.906100022442311115e+02
4.914699758192516015e+02
4.920475027502652665e+02
4.924209757463478354e+02
4.933924586525699851e+02
4.938135442792898857e+02
4.940712599932222702e+02
