2.742090667503107397e+02
2.741606104929859953e+02
2.739509284274641914e+02
2.735392573837711439e+02
2.733069672185301329e+02
2.726641411386704021e+02
2.724877194305828993e+02
2.717618337272159010e+02
2.713838388961757460e+02
2.712243811757188041e+02
2.708757691488453361e+02
2.706708160271139718e+02
2.704224086730262115e+02
2.694616490394370203e+02
2.688744516129574436e+02
2.688422131116445257e+02
2.679087913428472802e+02
2.676824841105199084e+02
2.674102349506611631e+02
2.665470691019174296e+02
2.661056011786824342e+02
2.658352683026479326e+02
2.647588931008429540e+02
2.645248314068512627e+02
2.639529043691594552e+02
2.630964183911429473e+02
2.624800486452054997e+02
2.618965933113948950e+02
2.615683149680862130e+02
2.604769273330230135e+02
2.603937458079067824e+02
2.602109969396170186e+02
2.599884208201526121e+02
2.596952301657403837e+02
2.593625451531268595e+02
2.586575761771584894e+02
2.584233260488919655e+02
2.582332561050860136e+02
2.582266010869581692e+02
2.582045264059919987e+02
2.577948093323397529e+02
2.575269998471424628e+02
2.569727496149308195e+02
2.565976045779759147e+02
2.563541457533459607e+02
2.557199595306259425e+02
2.554459801425337844e+02
2.552790486131418106e+02
