1.198935046827194739e+01
1.199745855087434698e+01
1.204926851323567583e+01
1.205874673888147441e+01
1.205884194795779329e+01
1.205849156890334939e+01
1.204878111082516590e+01
1.202668550576811768e+01
1.202120978901022497e+01
1.199165291449992132e+01
1.198803388347970156e+01
1.198293532636701642e+01
1.197934488496250438e+01
1.198160505438606904e+01
1.198959111350064433e+01
1.199367967983949690e+01
1.200873625633810526e+01
1.201680783850737910e+01
1.202025629825558006e+01
1.202061879374447528e+01
1.201360189683061463e+01
1.199940169545567770e+01
1.195920583297297668e+01
1.195014243721038127e+01
1.192158651542517234e+01
1.187547059024868545e+01
1.184694517915832179e+01
1.183163160114304979e+01
1.182818536247352270e+01
1.180490744736346898e+01
1.180385355505085876e+01
1.180632209809455269e+01
1.182130186725371424e+01
1.181819526623764460e+01
1.152607658954998904e+01
1.152023379646972323e+01
1.149285545136008579e+01
1.147984499022562410e+01
1.147707048571263044e+01
1.139300806082336948e+01
1.138722834440036991e+01
1.138742925269543349e+01
1.139082970979631781e+01
