3.238774415999650955e+02
3.239550701254894989e+02
3.247009335537946413e+02
3.251251679963121433e+02
3.251471242542469895e+02
3.252799464036185668e+02
3.256042555974352695e+02
3.257844767008315330e+02
3.257916929402794040e+02
3.256115003763518985e+02
3.255506037964982511e+02
3.254273489176638918e+02
3.252718190066491957e+02
3.247103045411530502e+02
3.243698228706883810e+02
3.242241965656724005e+02
3.236837332138293846e+02
3.232908451451079372e+02
3.229922508335707221e+02
3.225696064943178385e+02
3.220461132326808524e+02
3.215387585596924964e+02
3.206264082759484495e+02
3.204537754423752745e+02
3.199311620086425023e+02
3.190470051188754042e+02
3.183686039115761446e+02
3.178955884244569461e+02
3.177695586464462281e+02
3.162867418898102301e+02
3.161018221366685452e+02
3.144132661914952109e+02
3.126525005270939914e+02
3.057398559621792629e+02
2.972483493896203299e+02
2.970973072109731561e+02
2.963661006784655569e+02
2.960005312737478107e+02
2.959206108081539810e+02
2.924898457984953097e+02
2.910116421419145922e+02
2.909666261150189257e+02
2.905111186451878780e+02
