1.948549389807303669e+02
1.948761808736102239e+02
1.949563820812217045e+02
1.950774642739060027e+02
1.951318149114582639e+02
1.952464510831852635e+02
1.952702169869180011e+02
1.953365946281633398e+02
1.953509870280578866e+02
1.953525802714787858e+02
1.953456318453368681e+02
1.953339543028629919e+02
1.953109636824506197e+02
1.951036866367594484e+02
1.948652833125057953e+02
1.948496426276880413e+02
1.942925542849901035e+02
1.941305750141496276e+02
1.939239168892838450e+02
1.931945666749890336e+02
1.927826651360726089e+02
1.925180216194989100e+02
1.913659746382413971e+02
1.910932159608146890e+02
1.903914684532100807e+02
1.892480155367046564e+02
1.883612755226088780e+02
1.874790358757598199e+02
1.869669034413121267e+02
1.852002708203668533e+02
1.850621660682564880e+02
1.847570992456329577e+02
1.843823644035777818e+02
1.838829274736471575e+02
1.833070448232018350e+02
1.820467348083993500e+02
1.816138889126397657e+02
1.812570917109656534e+02
1.812445072498861975e+02
1.812027201095137627e+02
1.804148271243274735e+02
1.798876596401601375e+02
1.787699791562558858e+02
1.779971846845303958e+02
1.774904983626364583e+02
1.761571825577349557e+02
1.755759249644509339e+02
1.752198685127409306e+02
