3.012605726718902588e+00
3.015856378767196588e+00
3.018666935136737006e+00
3.019607479459880395e+00
3.019886734303443454e+00
3.022218808167098647e+00
3.033917401147876447e+00
3.049124806723602976e+00
3.051691364749046009e+00
3.058847564042818323e+00
3.059171134809153703e+00
3.059869267226250411e+00
3.061546900008599970e+00
3.081187466744069070e+00
3.104700532495082488e+00
3.117008511639564272e+00
3.169496216226963092e+00
3.209173871422100532e+00
3.237729371956461488e+00
3.274218103056790063e+00
3.312441439943403232e+00
3.343173367287701314e+00
3.390092411448366594e+00
3.398758074420289876e+00
3.426276345481608754e+00
3.479979155911734345e+00
3.527056060814906857e+00
3.561681600508716183e+00
3.571035470484480889e+00
3.680666970435016783e+00
3.693968280917037994e+00
3.809233029199143861e+00
3.917922689023517258e+00
4.285905058511875865e+00
4.686972884947056883e+00
4.693674473109065381e+00
4.725987236705864625e+00
4.742071143962145463e+00
4.745581883769600218e+00
4.894973577975219037e+00
4.958416847421974083e+00
4.960331833217344943e+00
4.979628290813911562e+00
