9.284824535767050691e+00
9.286684059618385945e+00
9.290869037317589729e+00
9.287810618154654918e+00
9.282555900178111941e+00
9.264685590700075579e+00
9.260370715788106111e+00
9.251163851348465528e+00
9.252401036233532494e+00
9.253871058434938845e+00
9.258084847555583252e+00
9.260614088521011311e+00
9.263069877623362203e+00
9.257926099538767772e+00
9.241752182681192807e+00
9.240655443792796575e+00
9.205549655256865194e+00
9.197261611057081510e+00
9.187967677318864546e+00
9.164900671305236557e+00
9.156578750370471198e+00
9.152106229652945402e+00
9.130639407727654699e+00
9.123651393066070980e+00
9.101442387143489299e+00
9.055340699039263086e+00
9.015890081684631241e+00
8.977378387827982920e+00
8.956430904086591482e+00
8.896544847539919587e+00
8.892693645831508675e+00
8.884533886113153756e+00
8.875051900083780865e+00
8.863008628718676007e+00
8.849312184414136695e+00
8.816336710376068808e+00
8.803218617459188877e+00
8.791563459885800569e+00
8.791138250957109435e+00
8.789719441380437814e+00
8.761050563365765598e+00
8.740044788293458211e+00
8.692401026095494032e+00
8.658991404792084623e+00
8.637989036341709337e+00
8.591905699960411980e+00
8.578841049426049636e+00
8.573852164954063326e+00
