4.023670239231387313e+01
4.025652219139760746e+01
4.027709643584898913e+01
4.029842727053801354e+01
4.032050974633682472e+01
4.034333631801212050e+01
4.036689639845212696e+01
4.039117616574230851e+01
4.041615825461417444e+01
4.044182151714164775e+01
4.046814073533403189e+01
4.049508623919962247e+01
4.052262353568903563e+01
4.055071285676956450e+01
4.057930869214931136e+01
4.060835929582879089e+01
4.063780611935260367e+01
4.066758306282417834e+01
4.069761587474238240e+01
4.072782125953619925e+01
4.075810560971206087e+01
