3.835752972364425659e+02
3.831005954257953476e+02
3.787392425380590453e+02
3.761146291028150017e+02
3.759639195522933051e+02
3.749948159302780937e+02
3.717956106451691198e+02
3.674008482005853011e+02
3.663386610546967859e+02
3.593656980350637582e+02
3.581387883366208484e+02
3.559522677079295363e+02
3.535177676911119988e+02
3.460730870593687314e+02
3.421131240533695745e+02
3.405126889120867872e+02
3.350071336150652428e+02
3.313857794843323745e+02
3.288128414964241415e+02
3.253881296207421201e+02
3.214259454587496521e+02
3.178144674551835465e+02
3.117613207970726421e+02
3.106730828950964565e+02
3.074862804726703303e+02
3.024578055998827040e+02
2.988819496602451409e+02
2.965083927914283777e+02
2.958899805633781739e+02
2.889369371785072076e+02
2.881007249709722942e+02
2.806397307556110832e+02
2.730348282429417850e+02
2.433524400481727525e+02
2.058257566207066418e+02
2.051205489838660867e+02
2.016724346544123136e+02
1.999257160247261709e+02
1.995416873610953132e+02
1.821661121086813182e+02
1.740217659215727792e+02
1.737664938840301545e+02
1.711582956998203713e+02
