6.488822027228525258e+01
6.488581781253527936e+01
6.487820333470247647e+01
6.487276029976231939e+01
6.487383683764581122e+01
6.488881186558013781e+01
6.489554309621162531e+01
6.493269827693539753e+01
6.495727971772002718e+01
6.496873078486427744e+01
6.499641981871224061e+01
6.501477443723484839e+01
6.503962787463537154e+01
6.517331380348235825e+01
6.529053410642407584e+01
6.529774556382730566e+01
6.553564585990795877e+01
6.560023436819795961e+01
6.568060691606066825e+01
6.595029868525696770e+01
6.609505147897478139e+01
6.618566738207130129e+01
6.656155479195878399e+01
6.664663119352995579e+01
6.685956939526218434e+01
6.719086133204649514e+01
6.743702487632823761e+01
6.767465093640612395e+01
6.780985272078481785e+01
6.826411336160114729e+01
6.829892765263308263e+01
6.837548477185620754e+01
6.846886011934824978e+01
6.859211494983709656e+01
6.873241981182955840e+01
6.903199031745131720e+01
6.913238757437430593e+01
6.921419330608966902e+01
6.921706319564678722e+01
6.922658529746352940e+01
6.940404192487467583e+01
6.952070344457369799e+01
6.976332174738456615e+01
6.992797996001544902e+01
7.003484555215089813e+01
7.031287805710779537e+01
7.043292733075951162e+01
7.050615677835732242e+01
