1.274502122526320447e+00
1.278758322073013654e+00
1.317882318582107803e+00
1.339871661191713859e+00
1.341060235241905652e+00
1.348480591829451125e+00
1.370249996069191845e+00
1.394699389427392466e+00
1.399964134175007313e+00
1.431408217443362663e+00
1.436657439625567800e+00
1.445964997169736144e+00
1.456350486230140184e+00
1.489071490259822994e+00
1.507291019781342056e+00
1.514794256960243501e+00
1.540896091616434482e+00
1.557960470480227899e+00
1.569852647351958064e+00
1.585237215721539084e+00
1.602285241202858757e+00
1.617103611185703560e+00
1.640637215828852913e+00
1.644739618254308366e+00
1.656620545429437374e+00
1.675203539413887999e+00
1.688450389228722370e+00
1.697280934632336757e+00
1.699585974247376230e+00
1.725541024606888074e+00
1.728657207015565911e+00
1.756246593927787147e+00
1.783688663145480247e+00
1.875838333268956770e+00
1.944965200505347713e+00
1.945994916394955920e+00
1.951035215168641201e+00
1.953604167757331700e+00
1.954171382917732069e+00
1.981834697207195628e+00
1.996859689065046961e+00
1.997356616879986113e+00
2.002527603876491646e+00
