7.301731252409707551e+00
7.300692991641367868e+00
7.293559822288697703e+00
7.271636924788431600e+00
7.256692560376655443e+00
7.212759900669555080e+00
7.201154778656830402e+00
7.160477645236539956e+00
7.144604465428268547e+00
7.138833612146221697e+00
7.127434017682631406e+00
7.121065182748205658e+00
7.113163473561426642e+00
7.074024866664870181e+00
7.041880556229597410e+00
7.039989031587920998e+00
6.983917785322844907e+00
6.970810788706941707e+00
6.955696794494612867e+00
6.913551575417843154e+00
6.895171007255369133e+00
6.884592450962191634e+00
6.841641634032084696e+00
6.831019642966227323e+00
6.801919749470292764e+00
6.750386827613267471e+00
6.709613608842884602e+00
6.670804255378448566e+00
6.649786938263821057e+00
6.588909724864180362e+00
6.584929119898144556e+00
6.576480213132986030e+00
6.566667205468521118e+00
6.554309724177480589e+00
6.540589169541955350e+00
6.509635772747599525e+00
6.498023088926347057e+00
6.487935706073058917e+00
6.487571094505925728e+00
6.486356050987470923e+00
6.462226198061697069e+00
6.444911846681299572e+00
6.406270748622230116e+00
6.379447637516840075e+00
6.362625415754489033e+00
6.325537002036723422e+00
6.314767739306700989e+00
6.310473388943831807e+00
