1.261037352729855456e+02
1.260347941889672541e+02
1.257201291483432612e+02
1.250617993510480659e+02
1.246812925681225295e+02
1.236310601200103036e+02
1.233470563222371084e+02
1.222044348429610352e+02
1.216246321909812593e+02
1.213826499987757330e+02
1.208581662786475874e+02
1.205522242343436545e+02
1.201830841201869902e+02
1.187521597794697072e+02
1.178523272476554666e+02
1.178020475013948101e+02
1.163078302100625336e+02
1.159367496385792435e+02
1.154878749191361749e+02
1.140620816289390120e+02
1.133387684042735941e+02
1.128986262807873544e+02
1.111491376874265029e+02
1.107640021970479296e+02
1.098081434088917518e+02
1.083373028890747065e+02
1.072616949788190084e+02
1.062450178480142569e+02
1.056781747160417382e+02
1.038380683486002027e+02
1.037006712955060266e+02
1.033999368479912988e+02
1.030353885848972624e+02
1.025570926611411977e+02
1.020152390789249495e+02
1.008612058900203294e+02
1.004740123206664464e+02
1.001580630636706246e+02
1.001469701985331966e+02
1.001101602124367389e+02
9.942270778184274604e+01
9.896903236446236463e+01
9.802033314862948998e+01
9.737243561117510637e+01
9.695058885497851975e+01
9.585341409949111835e+01
9.538407678714484916e+01
9.510092237404165871e+01
