9.585791444952919846e+02
9.587436167658928525e+02
9.594175648048708354e+02
9.606432096579457038e+02
9.613104422035607968e+02
9.631493237928700637e+02
9.636604975206311110e+02
9.658106347244913650e+02
9.669561376490161138e+02
9.674428495459254691e+02
9.685107469973423804e+02
9.691391696165102303e+02
9.698991809463267373e+02
9.727764198045854300e+02
9.744474231014667112e+02
9.745368356546518953e+02
9.770311085288932418e+02
9.776139767734009638e+02
9.783081882109842127e+02
9.804878203961158079e+02
9.816046265672354139e+02
9.822912431531358379e+02
9.850233717181055226e+02
9.856096106678701290e+02
9.870191130092600815e+02
9.890688229542096224e+02
9.905162080409772898e+02
9.918858281234189462e+02
9.926624293994273103e+02
9.952962420558603753e+02
9.955001073323495575e+02
9.959490644138435300e+02
9.964973207614365265e+02
9.972206006649103074e+02
9.980405300471502414e+02
9.997649223544963206e+02
1.000332023471006437e+03
1.000789697337481357e+03
1.000805681470061700e+03
1.000858681075854406e+03
1.001836942912633504e+03
1.002471013531565632e+03
1.003771408004834598e+03
1.004644268400281931e+03
1.005208563623232180e+03
1.006676293961947181e+03
1.007312808303264887e+03
1.007702634128437353e+03
