1.112936855682477471e+03
1.113117538674888237e+03
1.113860476619125166e+03
1.115217573451963062e+03
1.115957466098026316e+03
1.117995388168755881e+03
1.118561295331687461e+03
1.120939645878268493e+03
1.122205990811948368e+03
1.122743945946278018e+03
1.123924100257474947e+03
1.124618522852201750e+03
1.125458422966951730e+03
1.128643194182076286e+03
1.130500988134912177e+03
1.130600617768582879e+03
1.133387919433707339e+03
1.134040872456017269e+03
1.134818903967803863e+03
1.137261817030159136e+03
1.138512867635638486e+03
1.139281865368010358e+03
1.142343036836114379e+03
1.143000450315222224e+03
1.144581846424559899e+03
1.146882040555142339e+03
1.148505477539310959e+03
1.150040739796157823e+03
1.150910930114849862e+03
1.153861085901149863e+03
1.154089374294038180e+03
1.154592072851623016e+03
1.155205862205897802e+03
1.156015406632996246e+03
1.156932839024822442e+03
1.158861432121847884e+03
1.159495572228325045e+03
1.160007373748770760e+03
1.160025249114411736e+03
1.160084520160945431e+03
1.161178738264930871e+03
1.161888240810858179e+03
1.163344130207156923e+03
1.164321830292932646e+03
1.164953973252383548e+03
1.166597824804847050e+03
1.167310449367630781e+03
1.167746859203705299e+03
