1.009311597288432338e+01
1.009520948134338170e+01
1.010053590271254542e+01
1.010048096874721679e+01
1.009746869426494520e+01
1.008839267217650182e+01
1.008725129293074296e+01
1.009487957604881281e+01
1.010722850634189385e+01
1.011382048398671785e+01
1.013002401991632695e+01
1.014005029384643564e+01
1.015197237226336924e+01
1.018639662175590388e+01
1.019618985256572330e+01
1.019655653220070235e+01
1.020591555099320757e+01
1.020914362829530475e+01
1.021416843514415440e+01
1.024032537410294097e+01
1.025956600596146195e+01
1.027271824506345155e+01
1.032524044288504683e+01
1.033470917217933049e+01
1.035263380727760030e+01
1.036619156384428386e+01
1.037000702489898174e+01
1.037365028512970078e+01
1.037724948877395548e+01
1.040459004796354492e+01
1.040774857836713529e+01
1.041514795512965286e+01
1.042488277240402716e+01
1.043852227050877879e+01
1.045433455407877865e+01
1.048445200661340238e+01
1.049231451243499258e+01
1.049766235885104848e+01
1.049783211393084414e+01
1.049838662199101869e+01
1.050630594139934715e+01
1.050921355809569491e+01
1.051134364632894780e+01
1.051217314241052136e+01
1.051381338094608964e+01
1.052924141023313531e+01
1.054438159778687023e+01
1.055722970699281227e+01
