1.739168362503078242e+02
1.739087634684283046e+02
1.738763677924674766e+02
1.738208222807637355e+02
1.737926734330066552e+02
1.737232193030824590e+02
1.737059861265546772e+02
1.736423755418958308e+02
1.736137944345326787e+02
1.736027165071625120e+02
1.735807309191436332e+02
1.735694003166182142e+02
1.735574800258961830e+02
1.735344233894676051e+02
1.735407037839793247e+02
1.735414876128889148e+02
1.735811261086273589e+02
1.735949300831991025e+02
1.736132829272615083e+02
1.736820260418667772e+02
1.737224801383500221e+02
1.737488606099400101e+02
1.738656178570266206e+02
1.738934316901257375e+02
1.739648552174057272e+02
1.740803506349932093e+02
1.741691938233294934e+02
1.742572487300249975e+02
1.743083232325560061e+02
1.744847361296560564e+02
1.744985340802553822e+02
1.745289985772404009e+02
1.745663713141187827e+02
1.746160365301508932e+02
1.746729875577418625e+02
1.747958583057146882e+02
1.748373794015197404e+02
1.748713273898413263e+02
1.748725201709100361e+02
1.748764786091426231e+02
1.749504858148727351e+02
1.749993692913161851e+02
1.751015519516714107e+02
1.751712573358882992e+02
1.752166397829429627e+02
1.753352686101566178e+02
1.753867990550311333e+02
1.754183562916158792e+02
