4.246121186665259302e+02
4.246604083221545238e+02
4.248638417786208379e+02
4.252499906347587739e+02
4.254653259619104233e+02
4.260649477019841811e+02
4.262317828293794832e+02
4.269310098720548012e+02
4.273025278116969048e+02
4.274604870193178385e+02
4.278078764910022755e+02
4.280131478491517214e+02
4.282626162142316275e+02
4.292262026529112973e+02
4.298059292457061815e+02
4.298374493636035822e+02
4.307370267409248186e+02
4.309522500736309780e+02
4.312104484268921851e+02
4.320293136433769519e+02
4.324508973903390370e+02
4.327102471895073563e+02
4.337453208112295897e+02
4.339689965152862783e+02
4.345106945270042615e+02
4.353090449848641583e+02
4.358783326230142166e+02
4.364182515040498060e+02
4.367239831458921913e+02
4.377555390741990777e+02
4.378350668494574052e+02
4.380101103109513474e+02
4.382237602211615695e+02
4.385055997868869326e+02
4.388253523648424448e+02
4.394998760595146905e+02
4.397225295856019898e+02
4.399025499350675545e+02
4.399088424709389642e+02
4.399297096438600079e+02
4.403155854188089506e+02
4.405663968497896690e+02
4.410823696958968299e+02
4.414297594714893762e+02
4.416547064361279240e+02
4.422405377095402628e+02
4.424945510372634772e+02
4.426499568260509818e+02
