2.482684762039831128e+00
2.485550234082881005e+00
2.496212295438882123e+00
2.512139516509573234e+00
2.519561760841151354e+00
2.538327379461664091e+00
2.543577782730368497e+00
2.567864082425083794e+00
2.582579973723167832e+00
2.589162437047035414e+00
2.604089383086833465e+00
2.613051414550083607e+00
2.623910484558613643e+00
2.663037854275790206e+00
2.683453778753016827e+00
2.684504270769505929e+00
2.713169116228495437e+00
2.719956284324574369e+00
2.728228136763499290e+00
2.756019684566180850e+00
2.771315283340112234e+00
2.780949766754293506e+00
2.818994528291132617e+00
2.826709013410144244e+00
2.844135183482911611e+00
2.866609672357142369e+00
2.881155772283249927e+00
2.894905480046402246e+00
2.903036537848087573e+00
2.933956798569840263e+00
2.936580302447503676e+00
2.942455165634317638e+00
2.949781736821402323e+00
2.959617472087460399e+00
2.970832390568435510e+00
2.993656456930758658e+00
3.000684755345273569e+00
3.006125541547671531e+00
3.006311619484479447e+00
3.006926675616383715e+00
3.017743837527103512e+00
3.024240537416490238e+00
3.036673568284047331e+00
3.044868451694904721e+00
3.050411153857857549e+00
3.067338965229215120e+00
3.076586731487708892e+00
3.083058163882461677e+00
