1.465097255653847341e+01
1.465547366675207641e+01
1.466866724830426350e+01
1.467647840265215287e+01
1.467539659797870399e+01
1.466821554967290275e+01
1.466755161252542194e+01
1.468047046276603851e+01
1.469826602392885562e+01
1.470761805510479547e+01
1.473040119702927164e+01
1.474437931033517124e+01
1.476086542344595109e+01
1.480646646275006084e+01
1.481696899439234016e+01
1.481727209192327344e+01
1.482305785323611147e+01
1.482552300792302979e+01
1.482998681273630659e+01
1.485798705274634379e+01
1.488038422034168917e+01
1.489601376597600080e+01
1.495866041867925844e+01
1.496960997352782030e+01
1.498914046112139786e+01
1.499984249193193442e+01
1.499913545698305128e+01
1.499837294493333850e+01
1.500004959068725441e+01
1.502693723995370867e+01
1.503048801944877866e+01
1.503893695040576794e+01
1.505024933090359873e+01
1.506631660330780775e+01
1.508505634859577604e+01
1.512015610512143482e+01
1.512884760319330191e+01
1.513446232465645913e+01
1.513463450853565639e+01
1.513519367710412133e+01
1.514225537327005533e+01
1.514369434487894139e+01
1.514121331968552830e+01
1.513866340839015656e+01
1.513854926543858070e+01
1.515389341819757973e+01
1.517241433224775449e+01
1.518878436110853514e+01
