1.535899456310129608e+03
1.535839628817734592e+03
1.535583779002272195e+03
1.535086668981025014e+03
1.534805383788385598e+03
1.534013344470456332e+03
1.533791275540759443e+03
1.532853343463016699e+03
1.532349852020627623e+03
1.532134584834240059e+03
1.531658471060082320e+03
1.531375293979417620e+03
1.531029162412866981e+03
1.529668378203946304e+03
1.528828282282471037e+03
1.528782110496705172e+03
1.527443961463531650e+03
1.527118554360562939e+03
1.526725957355468381e+03
1.525468091274367225e+03
1.524814595059972362e+03
1.524410862581628862e+03
1.522785191269765392e+03
1.522430326540198848e+03
1.521564861863396800e+03
1.520273985621174916e+03
1.519344174820503213e+03
1.518457387331678092e+03
1.517953790229061724e+03
1.516249616493978010e+03
1.516117933887179333e+03
1.515827915582968217e+03
1.515473558516843241e+03
1.515005370821895212e+03
1.514473016305025567e+03
1.513345046625271152e+03
1.512971086677946232e+03
1.512668122392775786e+03
1.512657522577547297e+03
1.512622366988145131e+03
1.511970982699393517e+03
1.511546336492239789e+03
1.510669939820698119e+03
1.510078054356051325e+03
1.509694144191219266e+03
1.508692592173017374e+03
1.508257847330495679e+03
1.507991822348378037e+03
