1.120674532517866773e+01
1.120850310472844669e+01
1.121167324002620447e+01
1.120499755151892884e+01
1.119725299785346095e+01
1.117260238517865290e+01
1.116674650987737216e+01
1.115402668001166830e+01
1.115551911632689297e+01
1.115750359319041074e+01
1.116354228293076467e+01
1.116749869050858202e+01
1.117192517554018671e+01
1.117537468043631144e+01
1.116477568958074507e+01
1.116400210016172245e+01
1.114003350817468885e+01
1.113519039405222166e+01
1.113054745487917074e+01
1.112639000536839973e+01
1.113027583236280904e+01
1.113404677568284917e+01
1.114914451497411818e+01
1.115043132769754486e+01
1.114826837230996937e+01
1.113144422014529233e+01
1.111314582777400872e+01
1.109568717357405632e+01
1.108737089599183712e+01
1.107523555026618922e+01
1.107541180220625243e+01
1.107627756463861779e+01
1.107808912701545978e+01
1.108134372767491804e+01
1.108542304912069909e+01
1.109066888436545284e+01
1.109020314794084783e+01
1.108875305617253737e+01
1.108868406301735199e+01
1.108844627790878334e+01
1.108155503310590362e+01
1.107467741280064644e+01
1.105638343118538103e+01
1.104339511449486189e+01
1.103615507540229324e+01
1.102921338453837663e+01
1.103524120126888874e+01
1.104276503172832946e+01
