2.796631070011417641e+00
2.796712602412502857e+00
2.796966437721192023e+00
2.797258326306170773e+00
2.797390165506035586e+00
2.797666836425555914e+00
2.798005131358529241e+00
2.798174601503543801e+00
2.798462376952338015e+00
2.798850300772662170e+00
2.799060034533350727e+00
2.799362337304372783e+00
2.799795367251088685e+00
2.800041374091568613e+00
2.800363837715414306e+00
2.800837920181993734e+00
2.801097460968158703e+00
2.801459945439634946e+00
2.801953775489292031e+00
2.802104948676612750e+00
2.804436516085723863e+00
