4.000684911375105912e+01
4.001144930722466597e+01
4.001626955095582616e+01
4.002131534844011185e+01
4.002658794849924107e+01
4.003208790323856192e+01
4.003781479314989156e+01
4.004376710499821002e+01
4.004994206551077696e+01
4.005633553669741787e+01
4.006294189964063435e+01
4.006975387888712703e+01
4.007676237534553820e+01
4.008395625847015253e+01
4.009132220827217452e+01
4.009884452643154873e+01
4.010650491291164599e+01
4.011428221134428895e+01
4.012215218154585727e+01
4.013008734287564039e+01
4.013805429494470900e+01
