5.053616013771534199e+01
5.058349896057241324e+01
5.077750045942370605e+01
5.113034614064431338e+01
5.132242795540533109e+01
5.185176822409029285e+01
5.199891127155127180e+01
5.261785029552648751e+01
5.294760272444608518e+01
5.308771009737762370e+01
5.339511482532286379e+01
5.357600782521555516e+01
5.379477484060195280e+01
5.462299669778486333e+01
5.510407628875691444e+01
5.512981928543415222e+01
5.584766701855393478e+01
5.601517012549906127e+01
5.621438923407470156e+01
5.683618637361079351e+01
5.715121266744499451e+01
5.734320546147803555e+01
5.809156188565923884e+01
5.824868903194470704e+01
5.862172287433871531e+01
5.915329062304962804e+01
5.952105941917122323e+01
5.986229136730734268e+01
6.005225701156130214e+01
6.067387221298259448e+01
6.072047917727159216e+01
6.082240660783296704e+01
6.094564029723451881e+01
6.110640678519563807e+01
6.128672986783125509e+01
6.166269188507589405e+01
6.178626760067844259e+01
6.188620022667254261e+01
6.188969454692996663e+01
6.190128309892211433e+01
6.211585172580387137e+01
6.225562782538607820e+01
6.254364867709358577e+01
6.273745131128107033e+01
6.286270767571117091e+01
6.318807377042762141e+01
6.332933780676786739e+01
6.341616215456006955e+01
