9.717091967479429826e-01
9.721169656427463002e-01
9.712905884189328987e-01
9.679003126081320296e-01
9.676755692909957407e-01
9.662050385434155508e-01
9.615675560110739095e-01
9.570006226104290636e-01
9.562646789562121441e-01
9.545573698166365251e-01
9.547409467991152532e-01
9.553666055939099566e-01
9.564646644171175272e-01
9.617612723011237374e-01
9.652140566502770413e-01
9.666165008532938696e-01
9.710033234865184104e-01
9.731860041229399849e-01
9.742743605999614198e-01
9.750789532951300576e-01
9.751412261649445856e-01
9.745621963017954137e-01
9.731446339199876228e-01
9.729696243680171497e-01
9.728924974650309254e-01
9.749193353618414992e-01
9.785286939996216127e-01
9.819934567449922769e-01
9.830306969995823430e-01
9.979545371352832595e-01
1.000084556765846067e+00
1.021190491767290709e+00
1.045058480691733349e+00
1.137041641397749991e+00
1.214519154088382846e+00
1.215620020978523508e+00
1.220913195032587550e+00
1.223546739147493456e+00
1.224122163766157900e+00
1.249636047879796319e+00
1.261817538957068718e+00
1.262205892072483904e+00
1.266200407082366697e+00
