2.020398530643433332e+00
2.019438121143108056e+00
1.986250240376589149e+00
1.967756817395308389e+00
1.967011464179750702e+00
1.963056866331230887e+00
1.958069229506035125e+00
1.959518697070940618e+00
1.959921421607277781e+00
1.958120352504881589e+00
1.957170526865156468e+00
1.955388524996327648e+00
1.953688565539323241e+00
1.955748939278508347e+00
1.963920788861023503e+00
1.968715317134475118e+00
1.989798852446591271e+00
2.004621588669836196e+00
2.013795829091412415e+00
2.022510514826439731e+00
2.025943141341184806e+00
2.022484670452036060e+00
2.006982074622624790e+00
2.003873445578054913e+00
1.996490228258151367e+00
1.996450739506203442e+00
2.009035202151453259e+00
2.023368334172072291e+00
2.027809095662911343e+00
2.092425852952437548e+00
2.101435315156523931e+00
2.185717164355426068e+00
2.270535483591376025e+00
2.548050985226216092e+00
2.848605035851724754e+00
2.853720548101471355e+00
2.878310966835770479e+00
2.890494988460432513e+00
2.893148792965051896e+00
3.003979739355222112e+00
3.050379170785197047e+00
3.051787014719768987e+00
3.066029306445218872e+00
