9.290178377368283691e+01
9.300042868766257698e+01
9.340461875026615246e+01
9.413964357126427274e+01
9.453978240421093915e+01
9.564256022136326862e+01
9.594911043614403923e+01
9.723853497066221507e+01
9.792548048551012130e+01
9.821735528476334309e+01
9.885775754612078003e+01
9.923461199844557257e+01
9.969037673956111689e+01
1.014157931040412706e+02
1.024178493583006144e+02
1.024714674999269590e+02
1.039672025852353556e+02
1.043167276950948121e+02
1.047330205148594189e+02
1.060400603600662066e+02
1.067097617327213186e+02
1.071214949682491806e+02
1.087598170211762891e+02
1.091113532246690454e+02
1.099565540369695213e+02
1.111856526081297147e+02
1.120536026454990264e+02
1.128750146142577790e+02
1.133408503053222347e+02
1.149214439453943442e+02
1.150438444469090911e+02
1.153134286872138574e+02
1.156426951177469533e+02
1.160771639003981903e+02
1.165697964280280274e+02
1.176061404886201700e+02
1.179470350045124434e+02
1.182221778306506792e+02
1.182317875901624262e+02
1.182636515254377514e+02
1.188518687872215622e+02
1.192332226366413579e+02
1.200156527830182824e+02
1.205411483558088150e+02
1.208810252412143882e+02
1.217656123911759636e+02
1.221494885458103568e+02
1.223846692113800145e+02
