3.543237294489517808e+01
3.561954758011506783e+01
3.742464334598097508e+01
3.852391711660658302e+01
3.858534213613734210e+01
3.897359547844496319e+01
4.015865094649427647e+01
4.155525166414009419e+01
4.186123284321202931e+01
4.368264492551503508e+01
4.398109473547976478e+01
4.450381554780262405e+01
4.507637255546173094e+01
4.680735807063221188e+01
4.773340119898298184e+01
4.811007570857283611e+01
4.941510229307987601e+01
5.027854726037919164e+01
5.089338685616973379e+01
5.171394181878581975e+01
5.266951188019250907e+01
5.355148224151534464e+01
5.506623523855174795e+01
5.534380328010175276e+01
5.616317671702583425e+01
5.745539008241329526e+01
5.834776334900423933e+01
5.891737239516699276e+01
5.906223695823498332e+01
6.058272584737144939e+01
6.075250499434554996e+01
6.216230141874012105e+01
6.344924271613420785e+01
6.775967249766871703e+01
7.224175233634639426e+01
7.231592302244924042e+01
7.267344839949338109e+01
7.285134155644898613e+01
7.289016511154672173e+01
7.454160367030358714e+01
7.524737025896955345e+01
7.526880974247758616e+01
7.548552211208776441e+01
