3.996947443064209438e+01
3.997104531661466353e+01
3.997269860845426592e+01
3.997443831680959647e+01
3.997626490891343565e+01
3.997817871456459216e+01
3.998017971905494505e+01
3.998226749578725503e+01
3.998444111292974412e+01
3.998669910869710975e+01
3.998903946254392849e+01
3.999145951407842858e+01
3.999395589455599520e+01
3.999652442577320244e+01
3.999916008149244817e+01
4.000185691874060012e+01
4.000460798003763330e+01
4.000740519486703306e+01
4.001023927895363386e+01
4.001309979421529306e+01
4.001597206127826212e+01
