2.206439672942033212e+02
2.205125887915903604e+02
2.199369446443846243e+02
2.187933983518241803e+02
2.181488036360794069e+02
2.163906722553504949e+02
2.159171828963194173e+02
2.140142563230137682e+02
2.130504983760550033e+02
2.126490621460506532e+02
2.117817793672399205e+02
2.112786358876284680e+02
2.106758161380729746e+02
2.084220783479425734e+02
2.071044233120245224e+02
2.070332475813800386e+02
2.050169912635722369e+02
2.045399801803233117e+02
2.039719871010261159e+02
2.022152922328603495e+02
2.013445262592096867e+02
2.008208602702844132e+02
1.988009355487802168e+02
1.983730862101436969e+02
1.973406071303627982e+02
1.958260079914715277e+02
1.947622122568556335e+02
1.937795390373055398e+02
1.932380267895952954e+02
1.914954325143013421e+02
1.913658718279234279e+02
1.910825976413880483e+02
1.907399608245187039e+02
1.902922449421373301e+02
1.897887957198429945e+02
1.887372546003254286e+02
1.883925029534132989e+02
1.881145159094741643e+02
1.881048109020983929e+02
1.880726330100001746e+02
1.874791334378623731e+02
1.870948332644463221e+02
1.863072013715972730e+02
1.857786669376592386e+02
1.854371870807367486e+02
1.845536520248476506e+02
1.841761911032911314e+02
1.839483917000131328e+02
