1.401409132427990123e+01
1.401674688813004366e+01
1.402263404564332383e+01
1.401796127513027557e+01
1.401036005441206278e+01
1.398550964192262036e+01
1.397989668241383932e+01
1.397135748081919360e+01
1.397725214344181488e+01
1.398146803348015155e+01
1.399287876370883588e+01
1.400013717198086027e+01
1.400851361658526884e+01
1.402418006103467363e+01
1.401807080808237238e+01
1.401749884430302906e+01
1.399911757188289485e+01
1.399592469400466932e+01
1.399360183234819210e+01
1.399980463048837187e+01
1.401073977092980449e+01
1.401925526998161686e+01
1.405363381083548191e+01
1.405863221106421079e+01
1.406415230558846297e+01
1.405525611153816001e+01
1.404107954275363745e+01
1.402758886808285688e+01
1.402196373819786324e+01
1.402320121791613694e+01
1.402470444470684541e+01
1.402861738314351570e+01
1.403434800911312053e+01
1.404300256181330298e+01
1.405331622030321803e+01
1.407087952648070406e+01
1.407392671345684931e+01
1.407504690089211863e+01
1.407506315331693436e+01
1.407510580145583923e+01
1.407277601237921871e+01
1.406826607265679030e+01
1.405383227388038136e+01
1.404331358707905864e+01
1.403799154426760687e+01
1.403916702090840829e+01
1.405106143263221341e+01
1.406316709499643736e+01
