1.796276124051728402e+02
1.796748069955353060e+02
1.798729336713240343e+02
1.802457259461959325e+02
1.804516405079860135e+02
1.810172827836136378e+02
1.811726251505172911e+02
1.818143314032311650e+02
1.821494434710786550e+02
1.822907635470987486e+02
1.825992257967687067e+02
1.827800427640579528e+02
1.829984097958485734e+02
1.838293420704573862e+02
1.843216283467325809e+02
1.843482646508260530e+02
1.851035666958725585e+02
1.852828961948730466e+02
1.854972960212775490e+02
1.861714992328911933e+02
1.865150480740611840e+02
1.867252511321397890e+02
1.875576131189257296e+02
1.877366047525004831e+02
1.881695165648633861e+02
1.888063908129391848e+02
1.892590066362998868e+02
1.896861209486858399e+02
1.899267632820300378e+02
1.907316114466820522e+02
1.907932451675299319e+02
1.909287335380807349e+02
1.910938250914879006e+02
1.913112310894050836e+02
1.915575155437620936e+02
1.920764824605365106e+02
1.922477630859517603e+02
1.923862674734880329e+02
1.923911092673312737e+02
1.924071657354442380e+02
1.927041501843010565e+02
1.928972556562519571e+02
1.932946546492753725e+02
1.935622463972920571e+02
1.937354856225444166e+02
1.941861712714584201e+02
1.943811454326474006e+02
1.945002120041407636e+02
