1.730056581087410450e+00
1.730923561262327270e+00
1.741315398804931469e+00
1.743225393860042383e+00
1.743205297116816821e+00
1.742843286327067531e+00
1.740674492690131858e+00
1.741921064789791584e+00
1.743521097705865719e+00
1.767070259755259887e+00
1.773322728092608269e+00
1.785774008526674228e+00
1.801372449900158657e+00
1.857133546732461893e+00
1.889425945656682648e+00
1.902587577755147086e+00
1.947118966467280332e+00
1.975093211567497731e+00
1.994131206901443853e+00
2.018322161981672469e+00
2.044641267913545057e+00
2.067012131280259624e+00
2.100582650595132606e+00
2.106023119157148571e+00
2.120795656002813168e+00
2.140562852928987958e+00
2.152336118084011041e+00
2.159398384074918464e+00
2.161166001498599609e+00
2.179875723707626278e+00
2.182046127464889462e+00
2.201114457021745796e+00
2.219854407824467746e+00
2.275954629961010944e+00
2.319936651238544645e+00
2.320706365181734565e+00
2.324432451038111580e+00
2.326292411422828277e+00
2.326698525360113123e+00
2.343689654181630555e+00
2.350620929238406376e+00
2.350828620906427524e+00
2.352922393710418891e+00
