5.730362901675669640e+00
5.733342433807224303e+00
5.743460730477726983e+00
5.755407990317972455e+00
5.759777084169447114e+00
5.770091804943974445e+00
5.773476042369862782e+00
5.793936914299501417e+00
5.809193565614343413e+00
5.816397600040846605e+00
5.833128724513474417e+00
5.843216588388973065e+00
5.855260289746111013e+00
5.894015227175962934e+00
5.909625029098577009e+00
5.910335009249307880e+00
5.927620954464825509e+00
5.931576185032330528e+00
5.936563331381297104e+00
5.955040774617321730e+00
5.965882119603940659e+00
5.972624684760214464e+00
5.994573656160132380e+00
5.997270446808499855e+00
5.999691392769910259e+00
5.993072260090493764e+00
5.983160053270056622e+00
5.972387597130342840e+00
5.966546243711146502e+00
5.951942935063350149e+00
5.951174497715673084e+00
5.949610764546639174e+00
5.947862785862897184e+00
5.945601239177688235e+00
5.942654648715258503e+00
5.932561379895667564e+00
5.927433338869348312e+00
5.922488738139661812e+00
5.922302494842869081e+00
5.921678325026199730e+00
5.908320770890554741e+00
5.897868972980838898e+00
5.872955804938642999e+00
5.854923357104417470e+00
5.843486585216862927e+00
5.818632614527123437e+00
5.812026261147830830e+00
5.809830565082213738e+00
