1.947796367663068295e+01
1.948328488409684311e+01
1.949811773098306134e+01
1.950361035197598625e+01
1.949952382685478369e+01
1.948271895427078348e+01
1.947982640764001872e+01
1.948856407715094363e+01
1.950772861239875411e+01
1.951825088549594511e+01
1.954434272956077123e+01
1.956045237775487777e+01
1.957937439532830481e+01
1.962862312638377205e+01
1.963596417971614372e+01
1.963601278969099795e+01
1.963382922858039592e+01
1.963480328873020753e+01
1.963799748748319018e+01
1.966664170859507621e+01
1.969203352360365145e+01
1.971012021319351248e+01
1.978270820748348058e+01
1.979497061788443801e+01
1.981541744215635958e+01
1.982161528722828336e+01
1.981500149171921876e+01
1.980861790839659875e+01
1.980780242505784017e+01
1.983322834691797709e+01
1.983715059860417895e+01
1.984662517819171157e+01
1.985951825149012606e+01
1.987804838076200653e+01
1.989975428097805477e+01
1.993967524309254458e+01
1.994901381564990572e+01
1.995469000945180937e+01
1.995485646979934913e+01
1.995539279170972335e+01
1.996095988579423874e+01
1.996039729687004183e+01
1.995202525860069542e+01
1.994523364305667812e+01
1.994288521606350528e+01
1.995758406126824269e+01
1.997974244361747509e+01
1.999999930058869069e+01
