5.246835155002021800e+00
5.247693526424212607e+00
5.249396341542069244e+00
5.246947050952369018e+00
5.243825281718343945e+00
5.234106303940546212e+00
5.231975076105914724e+00
5.229067268706697469e+00
5.231729478171554426e+00
5.233574107403323517e+00
5.238601449882096972e+00
5.241884319758375099e+00
5.245836824842201374e+00
5.256323751257450994e+00
5.257985614152383747e+00
5.258010693267147317e+00
5.258939888707302224e+00
5.259875348562390585e+00
5.261683848004343744e+00
5.273304385521750071e+00
5.282608520324120427e+00
5.289123467862809846e+00
5.315967336882144068e+00
5.320960967010590181e+00
5.330679458676115701e+00
5.338802149568141253e+00
5.341795869626706939e+00
5.344752670416286655e+00
5.347248376128573177e+00
5.363594676116597348e+00
5.365401259022891445e+00
5.369610851215147918e+00
5.375117086058499360e+00
5.382803291426487391e+00
5.391717591792486886e+00
5.408948935853923778e+00
5.413601255308526206e+00
5.416857720378854602e+00
5.416962949742255340e+00
5.417307688981040315e+00
5.422514733813760479e+00
5.424781617222603103e+00
5.427549506221585496e+00
5.429163070752633047e+00
5.430798492529268273e+00
5.440863651056658590e+00
5.449595918364638081e+00
5.456786077325589623e+00
