1.302065125366296172e+01
1.302430799127252925e+01
1.303464812047998400e+01
1.303914110635014190e+01
1.303687044917916715e+01
1.302689694860290537e+01
1.302529961822113869e+01
1.303242952357786599e+01
1.304582746493104928e+01
1.305308879957211587e+01
1.307098665814991278e+01
1.308199916131506768e+01
1.309492224968741070e+01
1.312876870614447000e+01
1.313421230333832845e+01
1.313427471611427499e+01
1.313372362388633086e+01
1.313460871637977156e+01
1.313703217720035710e+01
1.315713148428242718e+01
1.317460169232058220e+01
1.318699383998945152e+01
1.323664401201345520e+01
1.324506184786122809e+01
1.325922607481969884e+01
1.326400743979488084e+01
1.325998631463919963e+01
1.325606601052579769e+01
1.325570543630603382e+01
1.327326284993501559e+01
1.327592368166367542e+01
1.328234038000726436e+01
1.329105584602290513e+01
1.330356205490587662e+01
1.331819533106363984e+01
1.334510161645955506e+01
1.335140640677339618e+01
1.335524815431934620e+01
1.335536104406816449e+01
1.335572490063263906e+01
1.335954148756543347e+01
1.335922578967067054e+01
1.335376121557854390e+01
1.334932551063741357e+01
1.334783430606261234e+01
1.335792487374860649e+01
1.337288704808490358e+01
1.338653272244736847e+01
