4.764940060900989920e+02
4.766035881810889805e+02
4.770526172047427167e+02
4.778692258520701444e+02
4.783137818976419453e+02
4.795389682840612977e+02
4.798795462048323088e+02
4.813121117316268851e+02
4.820753230669045024e+02
4.823996032229845241e+02
4.831111076684588852e+02
4.835298043649110582e+02
4.840361740167500670e+02
4.859531823795097694e+02
4.870665175047160460e+02
4.871260901500901355e+02
4.887879400750825312e+02
4.891762852194012225e+02
4.896388146331266853e+02
4.910910307860755779e+02
4.918351218890642826e+02
4.922925917578974122e+02
4.941129180137915000e+02
4.945035095103215781e+02
4.954426133031889776e+02
4.968082709487225088e+02
4.977726603270812689e+02
4.986853469761184101e+02
4.992029482997094760e+02
5.009591870929665447e+02
5.010951893014037637e+02
5.013947308807385070e+02
5.017605866979920961e+02
5.022433355704914675e+02
5.027907124938749348e+02
5.039422268297469714e+02
5.043210070718838551e+02
5.046267287650247226e+02
5.046374065450614239e+02
5.046728118100191978e+02
5.053264037475535133e+02
5.057501412128658558e+02
5.066195150729695911e+02
5.072033560070442491e+02
5.075809137550890568e+02
5.085630373480972821e+02
5.089887479298877224e+02
5.092493001775719108e+02
