4.242078058386746306e+02
4.242496519279832228e+02
4.244263583142059701e+02
4.247629331152753025e+02
4.249509611753254035e+02
4.254749075355384775e+02
4.256206927735804015e+02
4.262315763869594321e+02
4.265561436981964789e+02
4.266941616683398593e+02
4.269977799504906670e+02
4.271772641775157808e+02
4.273954981313717099e+02
4.282400983059122268e+02
4.287500184573907518e+02
4.287777874941879759e+02
4.295721453991898784e+02
4.297626527223513904e+02
4.299913766406777995e+02
4.307176348419802707e+02
4.310918443224744578e+02
4.313221189143577590e+02
4.322418956010927218e+02
4.324408970041109228e+02
4.329233269114945983e+02
4.336356077201609196e+02
4.341442400858475139e+02
4.346269106364828758e+02
4.349002594279567688e+02
4.358224171330713261e+02
4.358935014462698518e+02
4.360499606308547413e+02
4.362409332307748855e+02
4.364928821567122554e+02
4.367787819285752562e+02
4.373822113042572255e+02
4.375815135636712512e+02
4.377426990571231045e+02
4.377483339617606930e+02
4.377670206511539277e+02
4.381126705440169644e+02
4.383374284204350602e+02
4.388000018844469992e+02
4.391115601383522176e+02
4.393133421625059896e+02
4.398389120025813099e+02
4.400667910611490470e+02
4.402061942690700107e+02
