5.540899432349856824e+00
5.539397463629820884e+00
5.531071429319591282e+00
5.509264479241150703e+00
5.495232054990919046e+00
5.455242927988207313e+00
5.444858891917871979e+00
5.409154055442209952e+00
5.395980150086053584e+00
5.391474659170066630e+00
5.383342934265111346e+00
5.379350136668206162e+00
5.374919499226905373e+00
5.356738841066656320e+00
5.343052580846243238e+00
5.342270200448595574e+00
5.321043179298027503e+00
5.316906802201078364e+00
5.312745164729490988e+00
5.306331137762028582e+00
5.306954787989263345e+00
5.308357878938861241e+00
5.316613880222840649e+00
5.317955307764067996e+00
5.319276163933504442e+00
5.315879504028300673e+00
5.311035378199946422e+00
5.306723083429019994e+00
5.305160429388914523e+00
5.308231937152463331e+00
5.309052682145425806e+00
5.311117090954244446e+00
5.314054602355211543e+00
5.318443024081897619e+00
5.323749739887094101e+00
5.333849613102929155e+00
5.336283839820075592e+00
5.337791491148704104e+00
5.337836273152424482e+00
5.337980877547717995e+00
5.339569405571634952e+00
5.339557909972275418e+00
5.337775870963893610e+00
5.336399054388492935e+00
5.336117999146319235e+00
5.341230691408761722e+00
5.347822074713138640e+00
5.353702048943091540e+00
