2.012396369362249970e+01
2.021927311822122775e+01
2.113842757991353238e+01
2.169817669010777550e+01
2.172945443776718477e+01
2.192715463040272539e+01
2.253060076878010420e+01
2.324179313980582151e+01
2.339761138890996861e+01
2.432516313737189506e+01
2.447714936513981598e+01
2.474334612853765236e+01
2.503492182708539460e+01
2.591642622574402210e+01
2.638801207637593649e+01
2.657983272700689525e+01
2.724441403156525610e+01
2.768412053492272662e+01
2.799722519525091613e+01
2.841508898324387644e+01
2.890170760574398656e+01
2.935084509169200473e+01
3.012222108273688548e+01
3.026357018026703471e+01
3.068082850346396029e+01
3.133887481862404911e+01
3.179330576503530637e+01
3.208337236357944278e+01
3.215714287410204975e+01
3.293143245646768946e+01
3.301789022133456797e+01
3.373580903169394674e+01
3.439116307805886663e+01
3.658619846904673523e+01
3.886883759488678436e+01
3.890661237997369426e+01
3.908869831348457780e+01
3.917929836310014480e+01
3.919907098823873781e+01
4.004013698212062877e+01
4.039957762067668057e+01
4.041049654076066844e+01
4.052086594485525950e+01
