2.292530600973514083e+02
2.292499946617516571e+02
2.292307785954203325e+02
2.291745211132012230e+02
2.291356400667859248e+02
2.290097847724328517e+02
2.289713351441075702e+02
2.287973544829908974e+02
2.286967446539403568e+02
2.286521193579052920e+02
2.285495744284215220e+02
2.284857304277815047e+02
2.284043054880810359e+02
2.280373805750624285e+02
2.277660720813099431e+02
2.277501367382261606e+02
2.272475304375586802e+02
2.271152648576350828e+02
2.269517081010109507e+02
2.264058450226864636e+02
2.261127036504402099e+02
2.259288673168586570e+02
2.251641520356272110e+02
2.249908100864933829e+02
2.245567033480392354e+02
2.238799620682708849e+02
2.233750045646014826e+02
2.228849272314105576e+02
2.226046564541392456e+02
2.216539274893134461e+02
2.215804509574449241e+02
2.214185666129532990e+02
2.212205548939718085e+02
2.209582651416160957e+02
2.206584982105563029e+02
2.200146382634216309e+02
2.197977973202787894e+02
2.196207374011736704e+02
2.196145197769885726e+02
2.195938871938096497e+02
2.192085439393592310e+02
2.189543448725462156e+02
2.184233766900530043e+02
2.180611636320001026e+02
2.178252613475191026e+02
2.172086106626181845e+02
2.169412074935043790e+02
2.167778266359212012e+02
