4.542564595914440062e+00
4.547115005945832067e+00
4.588560050135500390e+00
4.610609229739164761e+00
4.611760097376306433e+00
4.618839130217128108e+00
4.638535633179651896e+00
4.659102218109220317e+00
4.663422798202204511e+00
4.689808016979366556e+00
4.694455124926132150e+00
4.702945795205411450e+00
4.712827383895470845e+00
4.746719141115286256e+00
4.767054499810070567e+00
4.775628181423899221e+00
4.805848429818749601e+00
4.825489200491502650e+00
4.838885470546349765e+00
4.855621656537283393e+00
4.873082815788565725e+00
4.887118301551053534e+00
4.907226414482531496e+00
4.910533628984632415e+00
4.920047066182084095e+00
4.935702995039248364e+00
4.948205125591347731e+00
4.957294580360851910e+00
4.959762624012916454e+00
4.989623311830476915e+00
4.993376688991685519e+00
5.026633331944398542e+00
5.057142468824547876e+00
5.089232010542954932e+00
4.937675722553136914e+00
4.934603872831639926e+00
4.920218933193744704e+00
4.913388663213972052e+00
4.911932574220459813e+00
4.867864540696131392e+00
4.864738271512284662e+00
4.864838075558185260e+00
4.866553666544760404e+00
