3.547417588284133672e+00
3.563718714429747081e+00
3.630506745962945203e+00
3.751953212477519894e+00
3.818066914762234365e+00
4.000280342615880613e+00
4.050932878670228554e+00
4.263989310687511747e+00
4.377495466700737303e+00
4.425723038728524017e+00
4.531539928987681876e+00
4.593810086967691220e+00
4.669119632285118726e+00
4.954225498884857970e+00
5.119805283192588874e+00
5.128665228856159608e+00
5.375828851054522239e+00
5.433588035060738619e+00
5.502381199210033991e+00
5.718373488716588682e+00
5.829043727096725469e+00
5.897084147616888039e+00
6.167828637531960645e+00
6.225923980692374293e+00
6.365604132562022066e+00
6.568728007968987370e+00
6.712166819045616073e+00
6.847915373428913099e+00
6.924901206359090011e+00
7.186119550137133771e+00
7.206348290418968183e+00
7.250901585537528504e+00
7.305318175564448957e+00
7.377120339311700192e+00
7.458532277143724798e+00
7.629773458687092891e+00
7.686088876003491777e+00
7.731536254560533727e+00
7.733123472769148243e+00
7.738386308306704819e+00
7.835529285129894106e+00
7.898505961056762281e+00
8.027785223737119225e+00
8.114782402688286211e+00
8.171205657493938901e+00
8.319170907255967862e+00
8.384199065532692785e+00
8.424395979684822677e+00
