1.143166449964487086e+01
1.143335902134512594e+01
1.143607013859100618e+01
1.142785534530010416e+01
1.141896610620449337e+01
1.139037520981485230e+01
1.138327215759920286e+01
1.136477951200872027e+01
1.136284737825688396e+01
1.136328735364360831e+01
1.136570617830368590e+01
1.136735682005786074e+01
1.136878880130754865e+01
1.135835545397358537e+01
1.133753588008464064e+01
1.133616834292343079e+01
1.129377317241556433e+01
1.128413689803332609e+01
1.127356554752388540e+01
1.124937540996467611e+01
1.124223123966712379e+01
1.123897674000997426e+01
1.122429038511532440e+01
1.121880210353536533e+01
1.119979721535116646e+01
1.115716736112000795e+01
1.111983896143315675e+01
1.108389419456779024e+01
1.106493454818121691e+01
1.101606495548804077e+01
1.101336182480841153e+01
1.100786777593829058e+01
1.100187568595672793e+01
1.099476558311338614e+01
1.098698317528716473e+01
1.096678805993708750e+01
1.095777734886142696e+01
1.094935736154324601e+01
1.094904370669628513e+01
1.094799407138328284e+01
1.092594454481498722e+01
1.090906058536097234e+01
1.086979324719417050e+01
1.084240295449588309e+01
1.082572866578305160e+01
1.079389121987726874e+01
1.078901328861279474e+01
1.078984178554623341e+01
