2.917542231065053784e+02
2.917453168794208409e+02
2.916938421002228097e+02
2.915525871228560959e+02
2.914574272421209571e+02
2.911544100384324452e+02
2.910626756312447014e+02
2.906500139821486073e+02
2.904126205919541235e+02
2.903075985239521515e+02
2.900670276825925953e+02
2.899178841584003976e+02
2.897284977689111543e+02
2.888875926580150235e+02
2.882768894351884228e+02
2.882412324988919750e+02
2.871244326020290600e+02
2.868322993076390617e+02
2.864717010511575950e+02
2.852717206711590165e+02
2.846287455527304360e+02
2.842258740822987306e+02
2.825524555206216064e+02
2.821736675645790342e+02
2.812259603236109342e+02
2.797511320338679184e+02
2.786525649481658320e+02
2.775876630533886669e+02
2.769791118059263226e+02
2.749162220444475793e+02
2.747568288232358213e+02
2.744056446262000577e+02
2.739760578292596733e+02
2.734069331747124352e+02
2.727563126509793960e+02
2.713579497861240384e+02
2.708866474191838165e+02
2.705016493555567649e+02
2.704881270279233263e+02
2.704432530630726319e+02
2.696047501037199936e+02
2.690511419133029563e+02
2.678933867150143442e+02
2.671024234661109062e+02
2.665867539771326733e+02
2.652369142937133120e+02
2.646508610020659376e+02
2.642926397147172679e+02
