2.199252836090454366e+02
2.199421659867007293e+02
2.200109427930213428e+02
2.201330445597654091e+02
2.201972261414324237e+02
2.203638895436117480e+02
2.204074487682847803e+02
2.205781970707012363e+02
2.206615731233556232e+02
2.206954832863323475e+02
2.207666714791261313e+02
2.208064030959521347e+02
2.208521444731153736e+02
2.209983070157760494e+02
2.210600904139200793e+02
2.210628765617809961e+02
2.211195585654657521e+02
2.211272498107485092e+02
2.211339288674726902e+02
2.211393992172314711e+02
2.211342922497343864e+02
2.211287640752387915e+02
2.210890343110880565e+02
2.210766404857664895e+02
2.210408080565460409e+02
2.209731708162131838e+02
2.209150355148683502e+02
2.208535127774822229e+02
2.208164025762566496e+02
2.206821799838869254e+02
2.206713577417125975e+02
2.206473183793239343e+02
2.206175626520643789e+02
2.205775778548870392e+02
2.205311100647471960e+02
2.204285864156313721e+02
2.203932427645160033e+02
2.203640928566111086e+02
2.203630646378850884e+02
2.203596504024652916e+02
2.202952964061289833e+02
2.202522909088170024e+02
2.201613521380201632e+02
2.200986967025760066e+02
2.200577063994606988e+02
2.199499915884833285e+02
2.199029445987239342e+02
2.198740319053725329e+02
