1.320588551550793710e+01
1.320916697872433687e+01
1.321789474781318319e+01
1.321921841524646091e+01
1.321513857367081179e+01
1.320007393072329016e+01
1.319706645749546325e+01
1.319842039170135095e+01
1.320885708895938748e+01
1.321487937812723779e+01
1.323008123777721678e+01
1.323951105873789302e+01
1.325051174747744831e+01
1.327683901374046371e+01
1.327769066144105636e+01
1.327750356711956137e+01
1.326993688497777413e+01
1.326919120860802792e+01
1.326968967561995427e+01
1.328391503494385617e+01
1.329847964195013077e+01
1.330911208008340552e+01
1.335180889472168175e+01
1.335871498262325652e+01
1.336917844879564576e+01
1.336840472449907047e+01
1.336038907511061957e+01
1.335270814251924953e+01
1.335024920213190036e+01
1.336098993871265961e+01
1.336314361167260145e+01
1.336845237011235099e+01
1.337582932180041873e+01
1.338658758839248364e+01
1.339925113281518598e+01
1.342198053162201354e+01
1.342688205534341428e+01
1.342957597779881951e+01
1.342964851552409655e+01
1.342987844374715323e+01
1.343118659621674382e+01
1.342920985109386223e+01
1.342027858096583870e+01
1.341350865188649699e+01
1.341052815263178388e+01
1.341693806156540347e+01
1.343044912609437702e+01
1.344326730866572994e+01
