4.601837396447081119e+00
4.678411601884924664e+00
4.992173680117387491e+00
5.562764579823483935e+00
5.873389281302401344e+00
6.729468191333461746e+00
6.967441506847914745e+00
7.968419217253715381e+00
8.501695918118175044e+00
8.728278925335278160e+00
9.225424707865297336e+00
9.517977803073126353e+00
9.871789333675533129e+00
1.121123902354820068e+01
1.198914340445263349e+01
1.203076762744651163e+01
1.319191891971203923e+01
1.346325771002323179e+01
1.378642850604516568e+01
1.480109023620539332e+01
1.532098157296614183e+01
1.564061080887026201e+01
1.691243701856031123e+01
1.718533248525093882e+01
1.784145485083235627e+01
1.879558882691893729e+01
1.946936369093996433e+01
2.010700825145390169e+01
2.046862482493313351e+01
2.169559001028680356e+01
2.179060499905866521e+01
2.199987293388074505e+01
2.225546919837173121e+01
2.259272865506655847e+01
2.297513649825049598e+01
2.377959658640139295e+01
2.404421350805377600e+01
2.425779048817534544e+01
2.426524996108686949e+01
2.428998399399833730e+01
2.474657977457382785e+01
2.504259908413132152e+01
2.564994307611198820e+01
2.605784438167881234e+01
2.632166308942651156e+01
2.700829130203960560e+01
2.730625884529723280e+01
2.748880709236104281e+01
