3.813959728483986282e+02
3.814376842121887989e+02
3.816138503212578144e+02
3.819493745041083912e+02
3.821367314211181565e+02
3.826582622272539993e+02
3.828032067490444774e+02
3.834097178484713027e+02
3.837314299050070190e+02
3.838681325129168727e+02
3.841686658664916081e+02
3.843462149591083516e+02
3.845619991941810554e+02
3.853964042513173354e+02
3.858998688059839424e+02
3.859272830712040445e+02
3.867113624209932823e+02
3.868993521001565341e+02
3.871250116473925686e+02
3.878411295741284448e+02
3.882098230006808990e+02
3.884366042180062095e+02
3.893418838051579201e+02
3.895376892280754078e+02
3.900123654802545161e+02
3.907132178964291143e+02
3.912136178147425767e+02
3.916882998476586408e+02
3.919570119376932098e+02
3.928628271131439647e+02
3.929326100595544062e+02
3.930861881700398612e+02
3.932736171238361180e+02
3.935208559893864617e+02
3.938013804067756496e+02
3.943934396411140142e+02
3.945889960411947186e+02
3.947471587843438101e+02
3.947526881324030796e+02
3.947710248423440476e+02
3.951102177176695704e+02
3.953307935310899666e+02
3.957847936310882915e+02
3.960905928357149719e+02
3.962886453929831418e+02
3.968044649261169639e+02
3.970280773666644336e+02
3.971648502599061885e+02
