1.952124864541957905e+01
1.952639011940825853e+01
1.954049198279859567e+01
1.954468239385048989e+01
1.953990389578326159e+01
1.952125717488111079e+01
1.951786856060679298e+01
1.952457421889907252e+01
1.954267477582728674e+01
1.955274499465397398e+01
1.957783987567519191e+01
1.959335751478352705e+01
1.961155685308370877e+01
1.965801082533775457e+01
1.966372431854382796e+01
1.966368682861968509e+01
1.965918654314045000e+01
1.965965025332516447e+01
1.966225460483916621e+01
1.968916970374636932e+01
1.971373330168256999e+01
1.973132212644227934e+01
1.980192790561853045e+01
1.981375034666349677e+01
1.983310203860736820e+01
1.983761105820408233e+01
1.982975575201713170e+01
1.982218648659642213e+01
1.982070267815089082e+01
1.984391942036562639e+01
1.984767453808010274e+01
1.985678243409285315e+01
1.986922952996129510e+01
1.988717215199543631e+01
1.990820900883826283e+01
1.994668920653684197e+01
1.995553845287095029e+01
1.996081302915244038e+01
1.996096535228106816e+01
1.996145474487735427e+01
1.996614118386499115e+01
1.996499455840013582e+01
1.995540487603296143e+01
1.994779663153355287e+01
1.994492944322700012e+01
1.995835769233293533e+01
1.998002176859479206e+01
1.999999929793045084e+01
