4.837727428674697876e+02
4.832978020539342197e+02
4.788961156188645987e+02
4.762169741246959234e+02
4.760627939570171065e+02
4.750711608676263609e+02
4.718020043062709306e+02
4.673379466131322602e+02
4.662639636944340964e+02
4.592479351607961462e+02
4.580176054800087400e+02
4.558265273003037237e+02
4.533880898682837142e+02
4.459243366492692076e+02
4.419409532168674559e+02
4.403270525524186496e+02
4.347540156453918030e+02
4.310684543594639422e+02
4.284395596099533350e+02
4.249261045576805600e+02
4.208388315802926058e+02
4.170892283046106854e+02
4.107423096203946216e+02
4.095919612262860596e+02
4.062063582928086589e+02
4.008182171633441726e+02
3.969636361003730940e+02
3.944010481542450179e+02
3.937333559407271650e+02
3.862407562825613923e+02
3.853424856447118714e+02
3.773617794264222312e+02
3.692885163628505438e+02
3.382257870151349266e+02
2.999545685348759321e+02
2.992528273683125235e+02
2.958350434682768082e+02
2.941125736955122534e+02
2.937347116479931515e+02
2.769944459995970192e+02
2.694176033286595953e+02
2.691831174615331292e+02
2.667979005943808488e+02
