1.618227908385792002e+00
1.608667237127063387e+00
1.561954575942541279e+00
1.563622144857635954e+00
1.564181507291583229e+00
1.568621826030409894e+00
1.589496576081955270e+00
1.621503415160968853e+00
1.628870438999729053e+00
1.671827504184996371e+00
1.678558527055782790e+00
1.690125679998619290e+00
1.702526348142453960e+00
1.739366958473520075e+00
1.759423762768306254e+00
1.767745097784283015e+00
1.797283161141092211e+00
1.817122905102239727e+00
1.831110271654388555e+00
1.849196177030165478e+00
1.868802040473090731e+00
1.884953611812920871e+00
1.907605557436341748e+00
1.911088690978711924e+00
1.920425945330008544e+00
1.933610691368357948e+00
1.943131964489056784e+00
1.950050166782141048e+00
1.951961555368190826e+00
1.977113275498276979e+00
1.980598039852404124e+00
2.015403521790493979e+00
2.055637643451746044e+00
2.200080989151783850e+00
2.253477793120183481e+00
2.253798291288169331e+00
2.255560390417659988e+00
2.256625016281192497e+00
2.256878591314332994e+00
2.280213215726871301e+00
2.302219399871312522e+00
2.303045284796910508e+00
2.311974995425277069e+00
