1.947771846731374268e+01
1.948304080209529232e+01
1.949787804601398733e+01
1.950337759317754305e+01
1.949929418794166480e+01
1.948249549220372145e+01
1.947960408962691403e+01
1.948834478524376834e+01
1.950751051173557116e+01
1.951803337675453065e+01
1.954412694884716117e+01
1.956023800194095585e+01
1.957916220140903718e+01
1.962842457260664730e+01
1.963577676661752847e+01
1.963582600884536689e+01
1.963365990514737547e+01
1.963463765482290668e+01
1.963783588431464366e+01
1.966648961833621101e+01
1.969188443240762609e+01
1.970997244884857125e+01
1.978256391983387275e+01
1.979482714833608625e+01
1.981527673932604472e+01
1.982148147070134669e+01
1.981487467134218150e+01
1.980849888823624383e+01
1.980768809813933728e+01
1.983312964079909690e+01
1.983705301844115709e+01
1.984653001991037868e+01
1.985942594352257373e+01
1.987795966821008520e+01
1.989966947483430104e+01
1.993959860069907108e+01
1.994894004349844963e+01
1.995461869405403377e+01
1.995478524293791267e+01
1.995532185984935936e+01
1.996089485711949152e+01
1.996033665484668518e+01
1.995197536013262507e+01
1.994519247925620320e+01
1.994285040698806455e+01
1.995756844314299983e+01
1.997973631024469654e+01
1.999999930061740372e+01
