6.489463914753860863e+00
6.489761836488046498e+00
6.488440220926758428e+00
6.478082316040565836e+00
6.469724191820032111e+00
6.443859002004318270e+00
6.437063485402826579e+00
6.414767126020646693e+00
6.407321198315405475e+00
6.404858469653698094e+00
6.400227457709743106e+00
6.397580540612382016e+00
6.393985697100569965e+00
6.370189459694898915e+00
6.346743837706606328e+00
6.345314295930553072e+00
6.301691590061643033e+00
6.291290001001494936e+00
6.279252488891672535e+00
6.245593548972061981e+00
6.230899006112343486e+00
6.222417438815963209e+00
6.187377760502885238e+00
6.178529742255990165e+00
6.154032216256978494e+00
6.110192903792269981e+00
6.075421562599930603e+00
6.042440196578186651e+00
6.024685568667036861e+00
5.974153146225132716e+00
5.970922289597457855e+00
5.964105345258340130e+00
5.956259605571779581e+00
5.946484072966550904e+00
5.935731316900803023e+00
5.911511939608138810e+00
5.902351826655590550e+00
5.894352283662701808e+00
5.894062429359474997e+00
5.893096167340692304e+00
5.873811045245362905e+00
5.859887918641232041e+00
5.828711534964121199e+00
5.807119603167405053e+00
5.793673435377600711e+00
5.764810974810483657e+00
5.757098751238316048e+00
5.754443837350161850e+00
