9.992804714520207199e+01
9.990768768782852760e+01
9.980541587518314373e+01
9.956391952491887309e+01
9.941413492360504733e+01
9.897375993536194017e+01
9.884872328956006982e+01
9.832272743797641112e+01
9.804286608061732977e+01
9.792357074752135304e+01
9.765952702307706090e+01
9.750153895222500466e+01
9.730620974175684523e+01
9.648380425713834541e+01
9.590666551100962067e+01
9.587318482189880342e+01
9.483456545734938459e+01
9.456688341339297210e+01
9.423954632368599960e+01
9.318045724083771120e+01
9.263425386219815039e+01
9.229931561653592098e+01
9.095158036971662341e+01
9.065226218368106004e+01
8.990741535931773853e+01
8.875997334904100455e+01
8.792235649785108365e+01
8.713308331239664994e+01
8.669450610535113810e+01
8.528209981767021475e+01
8.517754199112152946e+01
8.494920324543876688e+01
8.467339314338927636e+01
8.431318088272101363e+01
8.390733015030377828e+01
8.305004598256790871e+01
8.276428480803507171e+01
8.253171355384134245e+01
8.252355757948369330e+01
8.249649786365134219e+01
8.199238869281086295e+01
8.166096898879528965e+01
8.097107986669375634e+01
8.050230664654992552e+01
8.019802918394407243e+01
7.940910224310201215e+01
7.907194041265373130e+01
7.886828750426550982e+01
