2.853855845291145670e+02
2.853353603819249997e+02
2.851179973120949853e+02
2.846910232503122984e+02
2.844499278625970078e+02
2.837819386323774893e+02
2.835983844944705652e+02
2.828420744295056011e+02
2.824475669294459976e+02
2.822810113426779708e+02
2.819166121551907054e+02
2.817022031743618982e+02
2.814421571803398479e+02
2.804344561220997889e+02
2.798170824944852484e+02
2.797831573784071679e+02
2.787997263830837937e+02
2.785609808785645782e+02
2.782736163356207726e+02
2.773614277513383399e+02
2.768942255121618814e+02
2.766079115728644524e+02
2.754663704263261934e+02
2.752178608284914958e+02
2.746102986004032118e+02
2.736996405845200684e+02
2.730436493516302221e+02
2.724221206582271293e+02
2.720721563914865442e+02
2.709073002115295026e+02
2.708184391569086529e+02
2.706231774159987822e+02
2.703853001985424385e+02
2.700718596276906283e+02
2.697160784662896731e+02
2.689617897050027295e+02
2.687110423484913895e+02
2.685075473523363598e+02
2.685004216448626835e+02
2.684767853754795510e+02
2.680380011926539510e+02
2.677511100773739372e+02
2.671571854120982721e+02
2.667550651109116302e+02
2.664940532321353999e+02
2.658139528663626265e+02
2.655200203478239018e+02
2.653408791098564166e+02
