1.231972039202344604e+03
1.232184313824072660e+03
1.233054156425597967e+03
1.234636086511218082e+03
1.235497279444715559e+03
1.237870701115556130e+03
1.238530465562643258e+03
1.241305621083771939e+03
1.242784109031538492e+03
1.243412302203657873e+03
1.244790623066179933e+03
1.245601718954682156e+03
1.246582654293178848e+03
1.250296269220224758e+03
1.252453012976714490e+03
1.252568416576201116e+03
1.255787737114266065e+03
1.256540035986291514e+03
1.257436044144394600e+03
1.260249265390425080e+03
1.261690712075822375e+03
1.262576918501250248e+03
1.266103238972097415e+03
1.266859889914147516e+03
1.268679114892887583e+03
1.271324655407230466e+03
1.273192861451942008e+03
1.274960909715335902e+03
1.275963602510003966e+03
1.279365772593664360e+03
1.279629234821481305e+03
1.280209504075902942e+03
1.280918236935184495e+03
1.281853414778777051e+03
1.282913791096805426e+03
1.285144505089073846e+03
1.285878279138489688e+03
1.286470523939633722e+03
1.286491208954839294e+03
1.286559796110013167e+03
1.287825935551453085e+03
1.288646800758262088e+03
1.290330959219672877e+03
1.291461987091373430e+03
1.292193398462263303e+03
1.294095904595907086e+03
1.294920447678457776e+03
1.295425026360808033e+03
