5.350410032690757767e+00
5.351085862386410597e+00
5.351939643600167607e+00
5.347600136007447880e+00
5.343306873332297258e+00
5.330048924525280896e+00
5.326888324667768515e+00
5.319587561966285350e+00
5.319890798827422884e+00
5.320724652349313466e+00
5.323496713627595689e+00
5.325414879464093865e+00
5.327663006082579145e+00
5.330880518375312960e+00
5.327542266993608777e+00
5.327282127691757019e+00
5.319575188770976126e+00
5.318324628115011166e+00
5.317462919990883385e+00
5.320349555249473283e+00
5.325047414174432170e+00
5.328706161382097406e+00
5.344088005354529436e+00
5.346607033384447760e+00
5.350350015357129507e+00
5.349704297299709310e+00
5.346452253340172156e+00
5.343476716977235697e+00
5.342609479357162350e+00
5.347637624547926016e+00
5.348577146125738757e+00
5.350882876267386123e+00
5.354074877068566884e+00
5.358726150683016165e+00
5.364223670233114305e+00
5.374335731252482873e+00
5.376660108911159419e+00
5.378040332094253806e+00
5.378080060183477507e+00
5.378207621732848942e+00
5.379406738356226292e+00
5.379073986777550331e+00
5.376497879590124818e+00
5.374513098392227128e+00
5.373818306878360929e+00
5.377820373012723643e+00
5.383929989148450446e+00
5.389518626805827495e+00
