1.531788103452186522e+00
1.535366392263273205e+00
1.548913837701139995e+00
1.569727622692323799e+00
1.579494009829535361e+00
1.603184594679272434e+00
1.609381468761255540e+00
1.635973525420770791e+00
1.651246496422355214e+00
1.658038880101450729e+00
1.673551685798858824e+00
1.683025160037951995e+00
1.694748118885629706e+00
1.740215489627878975e+00
1.766245392108464651e+00
1.767617783437104739e+00
1.805080758375126049e+00
1.813658765430455233e+00
1.823828811446196907e+00
1.855639434871208415e+00
1.871909975639082901e+00
1.881876573668124664e+00
1.920635264589984459e+00
1.928636497602037814e+00
1.947261305406104315e+00
1.972833675507577933e+00
1.990140770577374596e+00
2.006374582582763466e+00
2.015662361024699756e+00
2.048239328845268492e+00
2.050834327568872073e+00
2.056576642625260298e+00
2.063626812408393185e+00
2.072951795743660064e+00
2.083479585024902381e+00
2.105035349572682790e+00
2.111843746990369031e+00
2.117213850220657889e+00
2.117399322772079096e+00
2.118013295880277091e+00
2.129070855249252769e+00
2.135979762993944320e+00
2.149723328070165529e+00
2.158896606221774039e+00
2.164959857762515760e+00
2.182008929255243146e+00
2.190354023881016854e+00
2.195863426859159695e+00
