4.714102767301301355e+01
4.723182065328564505e+01
4.760383726206883637e+01
4.828035140505962630e+01
4.864863626376598660e+01
4.966361977830019470e+01
4.994576361357653127e+01
5.113252291692005969e+01
5.176476927786848847e+01
5.203340228043800408e+01
5.262280812003959340e+01
5.296965193342524714e+01
5.338912105824051224e+01
5.497712133971314330e+01
5.589936489515327622e+01
5.594871227853911222e+01
5.732530493228465218e+01
5.764698734079933473e+01
5.803011818646524489e+01
5.923303451430530231e+01
5.984938253481120540e+01
6.022831325622691878e+01
6.173610561422601251e+01
6.205963282899097777e+01
6.283748988986006623e+01
6.396865274723699457e+01
6.476744113397435854e+01
6.552339797875980310e+01
6.595211230209108066e+01
6.740674832912982595e+01
6.751939449140689931e+01
6.776749491407113624e+01
6.807052110122796762e+01
6.847036540808258565e+01
6.892373772883382799e+01
6.987748922653133832e+01
7.019121538159036788e+01
7.044442993420074117e+01
7.045327381486274021e+01
7.048259825647674859e+01
7.102393544736293052e+01
7.137489564883635751e+01
7.209496597241572147e+01
7.257857900657714367e+01
7.289136717497298434e+01
7.370545064280807424e+01
7.405873061155757853e+01
7.427516651188219043e+01
