6.136680429989643137e+00
6.142820222279112841e+00
6.183469279158516407e+00
6.192259177387220426e+00
6.192413112210552129e+00
6.192594706597354559e+00
6.185151556027999931e+00
6.162664625963838461e+00
6.156012416323511260e+00
6.105772242998192212e+00
6.096015705813893959e+00
6.078023756195099381e+00
6.057070174561721920e+00
5.986411536361696761e+00
5.944270883201691724e+00
5.926259792207255295e+00
5.859861590087923844e+00
5.812442614428396936e+00
5.776972289351362200e+00
5.727475084469670463e+00
5.666902807745131554e+00
5.608503130272822546e+00
5.503791464846576886e+00
5.484139216052294152e+00
5.425513110315585585e+00
5.331593498909457551e+00
5.265753908486246360e+00
5.223172292258232652e+00
5.212252837308899878e+00
5.094302450746805988e+00
5.080617941325956011e+00
4.960776768725059682e+00
4.837950035497194712e+00
4.279208897353646179e+00
3.493676148819507166e+00
3.480739595640978123e+00
3.419195946432428190e+00
3.389144909781291126e+00
3.382642732150932030e+00
3.130950477694860012e+00
3.042951775296429240e+00
3.040504812007946978e+00
3.016573215941439123e+00
