7.972382123617716143e-01
7.983126914458742451e-01
8.054121043169258920e-01
8.076407974395866107e-01
8.077370042428460017e-01
8.083001489588118593e-01
8.098094547553875699e-01
8.120695532610140432e-01
8.127436153803175856e-01
8.187822534639105365e-01
8.201466491403029968e-01
8.228017569680819987e-01
8.260877925638423491e-01
8.380774423510345406e-01
8.453569770432987074e-01
8.483935729081638621e-01
8.588296672450075331e-01
8.653175022117173265e-01
8.695707052788278490e-01
8.746360396857989494e-01
8.795262497963378667e-01
8.830339499030802619e-01
8.870342856499326967e-01
8.875461030413674957e-01
8.887996390937645819e-01
8.904758680840961782e-01
8.918691165593098935e-01
8.930270230312921109e-01
8.933656478148264135e-01
8.982798673380794074e-01
8.990012349136413672e-01
9.064229837764956610e-01
9.152627284529489815e-01
9.506083057004708348e-01
9.784909635274838813e-01
9.788956469649069403e-01
9.808758214761182925e-01
9.818854501355045450e-01
9.821084727004342207e-01
9.931018002026036351e-01
9.991981533346361299e-01
9.994012481916217938e-01
1.001519774006186081e+00
