9.937499744666263268e+01
9.936204331998472128e+01
9.929669995978005659e+01
9.914129931670997564e+01
9.904428161254591600e+01
9.875628423048594584e+01
9.867374775204577020e+01
9.832295121131801352e+01
9.813405582422079476e+01
9.805304872939939287e+01
9.787256910895500539e+01
9.776367317179783356e+01
9.762791706416764725e+01
9.703980932131678117e+01
9.661146837542408150e+01
9.658628787981238872e+01
9.579100794153507081e+01
9.558223697801280139e+01
9.532506964221997237e+01
9.447928634258310865e+01
9.403467636540892727e+01
9.375905590948624990e+01
9.262636600973249301e+01
9.236971008133870953e+01
9.172323422069062815e+01
9.070575583660934171e+01
8.994613124128510151e+01
8.921684800571472351e+01
8.880585374759142780e+01
8.745482223579917047e+01
8.735318778440077381e+01
8.713046550931780132e+01
8.686001788723490336e+01
8.650438493445082599e+01
8.610017906232718587e+01
8.523246031321981775e+01
8.493857243074069174e+01
8.469758218749072398e+01
8.468910148787834657e+01
8.466095002077108234e+01
8.413254129503206968e+01
8.378121609850363427e+01
8.304112809670060358e+01
8.253268817057437445e+01
8.220074744684484358e+01
8.133402501857541722e+01
8.096061474773725308e+01
8.073384018741907653e+01
