3.480002365991822444e+00
3.491870459185407505e+00
3.540502493893109115e+00
3.628946807486018056e+00
3.677095372843568022e+00
3.809790610064834215e+00
3.846677074183588729e+00
4.001831527891709150e+00
4.084490991321924724e+00
4.119611921532569276e+00
4.196670493626061038e+00
4.242016683549993061e+00
4.296858025393113678e+00
4.504476344647676989e+00
4.625054506660654319e+00
4.631506417472706083e+00
4.811488814829057326e+00
4.853547244097732971e+00
4.903639892575780479e+00
5.060916823094417261e+00
5.141502296495700897e+00
5.191046133601055601e+00
5.388183511239957646e+00
5.430483249960842862e+00
5.532184775486000738e+00
5.680079416754572286e+00
5.784516508586166950e+00
5.883352662883680750e+00
5.939403902176550787e+00
6.129587119145123886e+00
6.144314805612744124e+00
6.176752147821212624e+00
6.216370562067569772e+00
6.268647050705454582e+00
6.327921653120622381e+00
6.452615995580591068e+00
6.493632707460117004e+00
6.526738026265451964e+00
6.527894275050173611e+00
6.531728152390114950e+00
6.602502345579452481e+00
6.648386726389892587e+00
6.742532983533033430e+00
6.805777343650385447e+00
6.846697322835161970e+00
6.953330627492381844e+00
6.999717013187311210e+00
7.028189993823259485e+00
