1.416699774537701160e+03
1.416943979973176511e+03
1.417944666354210312e+03
1.419764554180602772e+03
1.420755289616115988e+03
1.423485725396094494e+03
1.424244732515361648e+03
1.427437330279431080e+03
1.429138213835596616e+03
1.429860900317872392e+03
1.431446548969998730e+03
1.432379650138040461e+03
1.433508137867579308e+03
1.437780354181406437e+03
1.440261514638000563e+03
1.440394277194977349e+03
1.444097845195635273e+03
1.444963303868742742e+03
1.445994088251662333e+03
1.449230469678180498e+03
1.450888736296204115e+03
1.451908244249934796e+03
1.455964985401875765e+03
1.456835449547873395e+03
1.458928316665651209e+03
1.461971790628290591e+03
1.464121005112335069e+03
1.466154995284680126e+03
1.467308508376014970e+03
1.471222420951469530e+03
1.471525512780384588e+03
1.472193065600156615e+03
1.473008405928742150e+03
1.474084253729098009e+03
1.475304132790950234e+03
1.477870391466341971e+03
1.478714539422960797e+03
1.479395869294129170e+03
1.479419665738447520e+03
1.479498569727223639e+03
1.480955161211659970e+03
1.481899500313541012e+03
1.483836979063803938e+03
1.485138102500206060e+03
1.485979483914741195e+03
1.488167818594993378e+03
1.489116064126846140e+03
1.489696260786945231e+03
