1.968357576173101720e+01
1.968808902473866951e+01
1.969957514877178895e+01
1.969889066953782120e+01
1.969142793728800100e+01
1.966541961060495680e+01
1.966001687144450827e+01
1.965848710457139958e+01
1.967235644455174892e+01
1.968065592361865868e+01
1.970190705431736689e+01
1.971518075889065003e+01
1.973067486941428683e+01
1.976686750810889492e+01
1.976659601369791375e+01
1.976623898065586005e+01
1.975294652285929686e+01
1.975140934178245189e+01
1.975166663289049040e+01
1.977148755069679353e+01
1.979256383791506124e+01
1.980804472528307159e+01
1.987035493178751011e+01
1.988038414128975262e+01
1.989536692108064742e+01
1.989337332037403883e+01
1.988087240475857698e+01
1.986893787231700159e+01
1.986501616503895917e+01
1.988026714132449158e+01
1.988342560702491824e+01
1.989122795325388182e+01
1.990209414814103184e+01
1.991796716640700637e+01
1.993666715186005334e+01
1.997019246451203145e+01
1.997738216939812261e+01
1.998130249134080572e+01
1.998140726306608883e+01
1.998173886169016455e+01
1.998347848198871901e+01
1.998038966056028087e+01
1.996676752366458629e+01
1.995645570751393549e+01
1.995186566320280974e+01
1.996102700437352695e+01
1.998099576418004730e+01
1.999999929139875121e+01
