1.051556352862098720e+03
1.051657018697063677e+03
1.052075983232359022e+03
1.052856747431388612e+03
1.053287750487522317e+03
1.054482866213718353e+03
1.054815319535510525e+03
1.056211246048005250e+03
1.056954162949788724e+03
1.057270032923661574e+03
1.057964218430361143e+03
1.058373828528283411e+03
1.058870744536390021e+03
1.060775582765803847e+03
1.061906417590578712e+03
1.061967536970302035e+03
1.063697422171963581e+03
1.064107854660395333e+03
1.064599028295458311e+03
1.066151786672499838e+03
1.066950241101458460e+03
1.067441441767187143e+03
1.069400123379541810e+03
1.069822289643028626e+03
1.070841864070056999e+03
1.072336852604558317e+03
1.073399019029089004e+03
1.074405699480884550e+03
1.074976149054592724e+03
1.076905526233486398e+03
1.077054556267235739e+03
1.077382669689719023e+03
1.077783269134538841e+03
1.078311788572277692e+03
1.078911260806340806e+03
1.080174331485281527e+03
1.080590613631068891e+03
1.080926925016407722e+03
1.080938676380646712e+03
1.080977643922905600e+03
1.081697672744642659e+03
1.082165136322983699e+03
1.083125655673242818e+03
1.083771651179194578e+03
1.084189749699376080e+03
1.085278349882315297e+03
1.085750537669925507e+03
1.086039586349858382e+03
