3.544221274462415749e+00
3.560429201172087943e+00
3.626832934461886815e+00
3.747576068961590678e+00
3.813306627158528528e+00
3.994466075652122417e+00
4.044825901834942172e+00
4.256650260440231648e+00
4.369499439917693628e+00
4.417447887241488402e+00
4.522652573687859778e+00
4.584562630784964732e+00
4.659436761081845901e+00
4.942892868583959931e+00
5.107512864572169242e+00
5.116321443095763755e+00
5.362053018157980411e+00
5.419477877316430714e+00
5.487872923647146628e+00
5.702614741249030672e+00
5.812643696900842372e+00
5.880289787868854035e+00
6.149466690389379764e+00
6.207226091243355448e+00
6.346098647031169548e+00
6.548047055581586839e+00
6.690655067420160584e+00
6.825617584352634104e+00
6.902157825646439981e+00
7.161863331398637733e+00
7.181974788287086575e+00
7.226269745870604666e+00
7.280370863465165598e+00
7.351757173961433800e+00
7.432698762614575294e+00
7.602956613987565504e+00
7.658950067231474534e+00
7.704137654244104461e+00
7.705715795885927477e+00
7.710948531296597963e+00
7.807534501527224613e+00
7.870147954045716432e+00
7.998678954963983401e+00
8.085183015425696951e+00
8.141302790052383997e+00
8.288629038335143306e+00
8.353509802385417515e+00
8.393679293746751924e+00
