3.546938699473685119e+00
3.563225613861431551e+00
3.629955021879148092e+00
3.751294166746011793e+00
3.817349414110887018e+00
3.999402102478106791e+00
4.050010010985147346e+00
4.262878620432821286e+00
4.376284632974723365e+00
4.424469660637615931e+00
4.530193243441410722e+00
4.592408520837313546e+00
4.667651709123570747e+00
4.952506130017586550e+00
5.117939590957325535e+00
5.126791704905834024e+00
5.373736969954203246e+00
5.431445174466493775e+00
5.500177629249535016e+00
5.715979214715893875e+00
5.826551636874459206e+00
5.894531904154021618e+00
6.165037248773314715e+00
6.223081341467915806e+00
6.362638282296376069e+00
6.565582788476841181e+00
6.708894790416602305e+00
6.844523350864728073e+00
6.921441159612473193e+00
7.182428565499991535e+00
7.202639402328528284e+00
7.247153262489182346e+00
7.301521693651136680e+00
7.373260371421982207e+00
7.454600495882557354e+00
7.625691506256411678e+00
7.681957738156995674e+00
7.727365419843896355e+00
7.728951250923964622e+00
7.734209486375045017e+00
7.831267304880498159e+00
7.894188402568494745e+00
8.023352987883598075e+00
8.110274387934170548e+00
8.166650884904248286e+00
8.314517049119615422e+00
8.379521874273402560e+00
8.419714061954596929e+00
