1.949584421037010884e+01
1.949213405602232640e+01
1.946955632892904475e+01
1.940562903848594090e+01
1.936318116572007142e+01
1.923943795514140120e+01
1.920665269625841631e+01
1.908957635270699171e+01
1.904181456515481941e+01
1.902391515460863403e+01
1.898760831919491210e+01
1.896692124424354731e+01
1.894119463816882032e+01
1.881858355338118827e+01
1.872291342619981336e+01
1.871736768226732650e+01
1.855549135571954977e+01
1.851813581189822600e+01
1.847519843984209942e+01
1.835589048926735245e+01
1.830386620523723806e+01
1.827388995335359567e+01
1.815219063128879284e+01
1.812219150626497566e+01
1.804025513721836660e+01
1.789566101504389906e+01
1.778123683506012753e+01
1.767185816624053629e+01
1.761223663818083907e+01
1.743614049215471695e+01
1.742433206788516031e+01
1.739909596368650213e+01
1.736947117833006970e+01
1.733168213529635793e+01
1.728920639529245662e+01
1.719279028111792940e+01
1.715681714556118820e+01
1.712572488291936423e+01
1.712460378540747641e+01
1.712086916196895459e+01
1.704710294938408666e+01
1.699456283683658597e+01
1.687799846267983028e+01
1.679721930611968617e+01
1.674638850313314364e+01
1.663235902155850354e+01
1.659742559124776662e+01
1.658231693878440538e+01
