7.208438124813110335e+02
7.209633702234109478e+02
7.214548838398216049e+02
7.223523817489924568e+02
7.228415437698297410e+02
7.241884251213774633e+02
7.245623455944485158e+02
7.261334694084609964e+02
7.269697701092015905e+02
7.273249829067932524e+02
7.281041148091939021e+02
7.285624839339246819e+02
7.291167920636553390e+02
7.312178128779303279e+02
7.324428759236542419e+02
7.325085633822118325e+02
7.343458672066075223e+02
7.347761578584836570e+02
7.352888163017690886e+02
7.368981068899315687e+02
7.377220525459384817e+02
7.382284662448929566e+02
7.402440978809685248e+02
7.406769292830030054e+02
7.417180343871459627e+02
7.432321660269267340e+02
7.443006549516802579e+02
7.453109876015513464e+02
7.458835967724152169e+02
7.478246382624295165e+02
7.479748249310343908e+02
7.483055339446167409e+02
7.487093133921132448e+02
7.492418500069846914e+02
7.498453341890565298e+02
7.511139032533773161e+02
7.515310150329592034e+02
7.518676584721588370e+02
7.518794162474027871e+02
7.519184026046315239e+02
7.526381473194123828e+02
7.531048468866371195e+02
7.540625320291833305e+02
7.547056754394020572e+02
7.551215073010703236e+02
7.562028366861910627e+02
7.566715918173740647e+02
7.569586545521743801e+02
