2.040631856568572644e+01
2.040905759517278284e+01
2.041293725182745078e+01
2.039733825269635403e+01
2.038136339773158312e+01
2.033133459103161655e+01
2.031924984374171217e+01
2.029016442580474688e+01
2.028977349653171558e+01
2.029207817349466580e+01
2.030022957351190982e+01
2.030577855209722316e+01
2.031185634796256423e+01
2.031083775918230927e+01
2.028745394503436827e+01
2.028583005505743131e+01
2.023631468628063601e+01
2.022616101785254017e+01
2.021613499550555559e+01
2.020375588223096130e+01
2.020843937137317070e+01
2.021385821799128024e+01
2.023574974205795485e+01
2.023692155506376977e+01
2.023020402808762341e+01
2.019560605354343608e+01
2.015953071833062538e+01
2.012515593804225134e+01
2.010855528972355799e+01
2.008154692405454611e+01
2.008148956972695132e+01
2.008223388224936912e+01
2.008451812899826194e+01
2.008910932278771710e+01
2.009502854252412618e+01
2.010142583789725279e+01
2.009954617761301776e+01
2.009607540640123702e+01
2.009592081530598406e+01
2.009539182069225660e+01
2.008107622834384287e+01
2.006741208294152301e+01
2.003177220994458096e+01
2.000656627888499628e+01
1.999237990861101011e+01
1.997713834313618264e+01
1.998698840972755164e+01
1.999999926898939862e+01
