1.432403478328038204e+01
1.432841585532673712e+01
1.434124913718682315e+01
1.434881891374998375e+01
1.434774862145079588e+01
1.434075399340842871e+01
1.434012257207906416e+01
1.435284203648344103e+01
1.437028185426598981e+01
1.437943916162159574e+01
1.440173525416051881e+01
1.441540780364632823e+01
1.443152793116690447e+01
1.447608417375625756e+01
1.448634313797757223e+01
1.448663975707440343e+01
1.449235625041224118e+01
1.449479751813026063e+01
1.449920796669676903e+01
1.452678881801346300e+01
1.454881937138989834e+01
1.456418779124185114e+01
1.462579253018561332e+01
1.463656953227689250e+01
1.465582228358752204e+01
1.466647167445436928e+01
1.466588116368152406e+01
1.466521202838512039e+01
1.466688824298956817e+01
1.469327792153219647e+01
1.469675612549057675e+01
1.470503057227663568e+01
1.471610647696236107e+01
1.473183403939240499e+01
1.475017346431723730e+01
1.478451297742020110e+01
1.479301327237166142e+01
1.479850313187145083e+01
1.479867146014037083e+01
1.479921809318404513e+01
1.480611761045881813e+01
1.480751836410444433e+01
1.480507562119640852e+01
1.480257114321017653e+01
1.480245398556946057e+01
1.481745715305436484e+01
1.483557678336676489e+01
1.485159355773941847e+01
