1.894642944880164492e+01
1.895129200771248534e+01
1.896445907033078626e+01
1.896759115314178601e+01
1.896244835279751584e+01
1.894296730212885649e+01
1.893929519978054543e+01
1.894419495645369622e+01
1.896090923081443691e+01
1.897032176362236910e+01
1.899388970117515285e+01
1.900849045419768757e+01
1.902560245960806995e+01
1.906866801222776076e+01
1.907310284406624845e+01
1.907300852065683827e+01
1.906708603816701952e+01
1.906718930526723454e+01
1.906931142161758075e+01
1.909420691343957444e+01
1.911744069179904670e+01
1.913414453692138295e+01
1.920124353591505795e+01
1.921241690842986216e+01
1.923048168587676088e+01
1.923383084635501206e+01
1.922549281627203044e+01
1.921747910351333744e+01
1.921566389385700546e+01
1.923693835542612263e+01
1.924048607954102863e+01
1.924911274107401127e+01
1.926093340505466855e+01
1.927800504476257970e+01
1.929803412901000925e+01
1.933456438548532219e+01
1.934288444375632210e+01
1.934778703398220756e+01
1.934792730742959677e+01
1.934837720932460314e+01
1.935246336025725000e+01
1.935105184764644903e+01
1.934113633445233305e+01
1.933334876426765447e+01
1.933030811586397135e+01
1.934268420853076975e+01
1.936343331535594814e+01
1.938265563921785528e+01
