1.163270741221778735e+03
1.162773184335713268e+03
1.160647069410858649e+03
1.156539889371897743e+03
1.154236924073877390e+03
1.147852678811039368e+03
1.146090518634528735e+03
1.138775919679673052e+03
1.134926651084671903e+03
1.133295578942227166e+03
1.129716925359844026e+03
1.127606148917656810e+03
1.125042717366382476e+03
1.115111825273805380e+03
1.109064170835298683e+03
1.108733060510466885e+03
1.099183838511680960e+03
1.096875605850849524e+03
1.094098960870478777e+03
1.085270716538464058e+03
1.080726018351887660e+03
1.077930335918996661e+03
1.066713459936266872e+03
1.064261899737820613e+03
1.058262886760804804e+03
1.049259630828603576e+03
1.042752842853541324e+03
1.036554065732514573e+03
1.033043608369295953e+03
1.021231071060393901e+03
1.020321609721067830e+03
1.018319222117108666e+03
1.015872757492162918e+03
1.012638056287974223e+03
1.008952323682846554e+03
1.001093674627479572e+03
9.984685304538830906e+02
9.963334554210033502e+02
9.962586166091455198e+02
9.960103363391571065e+02
9.913908628447949241e+02
9.883596319910104739e+02
9.820560469134071582e+02
9.777655562200513941e+02
9.749702178857201034e+02
9.676423248877908918e+02
9.644511332030714357e+02
9.624971554805655387e+02
