7.761332046777170035e+01
7.758743014454776699e+01
7.746919580259431370e+01
7.722225735518834711e+01
7.708018779422462785e+01
7.669240337032928778e+01
7.658896955768423709e+01
7.618029009232770932e+01
7.597752646908982399e+01
7.589377806583874531e+01
7.571403640304868077e+01
7.561039514397130290e+01
7.548670722784531506e+01
7.502614728104204289e+01
7.475500702789284446e+01
7.474026818810639838e+01
7.431855604166246110e+01
7.421790082013455958e+01
7.409791644581055436e+01
7.372853669364272378e+01
7.354795286427945200e+01
7.344047972224971943e+01
7.303294744502983349e+01
7.294748409841990622e+01
7.274148543184107041e+01
7.243978713116773349e+01
7.222977064926725177e+01
7.203900978107945718e+01
7.193577144230795284e+01
7.161437187307407726e+01
7.159112385351332364e+01
7.154057225251135321e+01
7.147990752378947832e+01
7.140136725587289845e+01
7.131396576135394128e+01
7.113453120780674510e+01
7.107670708240219426e+01
7.103048113164548738e+01
7.102887395951890426e+01
7.102354852250121553e+01
7.092623793291490131e+01
7.086415787393671906e+01
7.073908716353858495e+01
7.065662292763435914e+01
7.060392041574776556e+01
7.047002805539982262e+01
7.041446064852360109e+01
7.038169864532261499e+01
