6.340481229793513194e+02
6.342084865620369101e+02
6.348655628789418870e+02
6.360604640117710460e+02
6.367109557945068445e+02
6.385037127220854245e+02
6.390020656501228586e+02
6.410982680228636355e+02
6.422150332184411354e+02
6.426895344884072756e+02
6.437306401460231200e+02
6.443432963883238926e+02
6.450842396086570716e+02
6.478892894442802799e+02
6.495183673766396169e+02
6.496055365133771602e+02
6.520372220421156726e+02
6.526054637408319650e+02
6.532822545212138721e+02
6.554071919992996982e+02
6.564959733017091139e+02
6.571653591841986781e+02
6.598289158426713357e+02
6.604004400125692200e+02
6.617745630559555821e+02
6.637728351203965076e+02
6.651839580538996870e+02
6.665194238554483945e+02
6.672767896023850653e+02
6.698465641663020733e+02
6.700455671822467139e+02
6.704838670515334798e+02
6.710192011141376724e+02
6.717255783643415725e+02
6.725265221018189550e+02
6.742114608702186160e+02
6.747657052537867912e+02
6.752130476106885908e+02
6.752286716949964784e+02
6.752804778707762807e+02
6.762368358027920294e+02
6.768568644199941673e+02
6.781289905326760845e+02
6.789833775139305772e+02
6.795359735981842277e+02
6.809742023051670685e+02
6.815983395010844106e+02
6.819807161208476600e+02
