1.056777808610361262e+02
1.056160450473108625e+02
1.053344873343805688e+02
1.047480185065483198e+02
1.044111919602278817e+02
1.034912974607406397e+02
1.032451762174702736e+02
1.022660623872150296e+02
1.017753478522734838e+02
1.015716217741505005e+02
1.011321009452631614e+02
1.008769686458652899e+02
1.005703003302655816e+02
9.939042833431807367e+01
9.865002294939091598e+01
9.860857197285136522e+01
9.737048939879215936e+01
9.706113044076960250e+01
9.668607290007871313e+01
9.549037951910092659e+01
9.488217138412508689e+01
9.451160554425048588e+01
9.303157582052641317e+01
9.270319213470114050e+01
9.188270681704959486e+01
9.060498587797786740e+01
8.966109512493660816e+01
8.876399427795288943e+01
8.826254419966913645e+01
8.663241508081090103e+01
8.651063527390913066e+01
8.624403032026081917e+01
8.592069690255901548e+01
8.549603386793994275e+01
8.501396531977295012e+01
8.398169555440196632e+01
8.363316318145456307e+01
8.334784833302414597e+01
8.333781589278297020e+01
8.330451738149615437e+01
8.268058169256819667e+01
8.226676070457119749e+01
8.139682418140868947e+01
8.079995867211715677e+01
8.041053900495411710e+01
7.939645102005384558e+01
7.896278149392242085e+01
7.870135870405086109e+01
