5.552766425160320374e+00
5.549375575728462628e+00
5.532539105132945778e+00
5.492524348018225311e+00
5.467404295441409268e+00
5.394170296741100046e+00
5.374160310367289917e+00
5.298014322213232319e+00
5.264068030245269370e+00
5.250997059757902541e+00
5.224663528416288116e+00
5.210331487319106891e+00
5.193727882200923851e+00
5.131526753002793484e+00
5.092496847914098623e+00
5.090343065345596330e+00
5.029964563967345370e+00
5.016467234573972256e+00
5.001117101065285730e+00
4.960071498214841945e+00
4.943863086003339902e+00
4.935436281211812215e+00
4.909857883887312369e+00
4.905176255884682313e+00
4.893797431996008918e+00
4.875825915219255791e+00
4.862715232784752040e+00
4.851526227462248819e+00
4.846324983332087832e+00
4.838056664314897226e+00
4.838072774688510158e+00
4.838415780308302772e+00
4.839359383186580210e+00
4.841335875102559250e+00
4.844272436116887626e+00
4.850958269620748275e+00
4.852795895223913192e+00
4.854019507956816248e+00
4.854057532763929039e+00
4.854181245564928027e+00
4.855788181949903581e+00
4.856164513294821461e+00
4.855868734131775888e+00
4.855758040360507621e+00
4.856276480006394891e+00
4.862758759008581677e+00
4.869330747546897875e+00
4.874928394555357869e+00
