3.957066315699936165e+00
3.955505105080608708e+00
3.931464131114839500e+00
3.911035422133598338e+00
3.909819370443476050e+00
3.902028293972521045e+00
3.878038590679635522e+00
3.852509013669137783e+00
3.847725397716788454e+00
3.828228148287624588e+00
3.826725513069391127e+00
3.825336000003589199e+00
3.825635309842110754e+00
3.837366745967783821e+00
3.849148890602566819e+00
3.854724826779120317e+00
3.876071772742662791e+00
3.890669751906785656e+00
3.900675493017139228e+00
3.912989172608309918e+00
3.925290795699974744e+00
3.934465174266143617e+00
3.945982774269947591e+00
3.947699430931893350e+00
3.952545971342136255e+00
3.961177116923850772e+00
3.969365586107882926e+00
3.976083947482437431e+00
3.978009948614219748e+00
4.004226482974211798e+00
4.007863051596975978e+00
4.043275026274921302e+00
4.082030557800434778e+00
4.206614709160020560e+00
4.253108117167609059e+00
4.253585818061313084e+00
4.256146555476294502e+00
4.257620172912574219e+00
4.257962823087702020e+00
4.283448859961939803e+00
4.303975987961616845e+00
4.304719546496502680e+00
4.312671681857390915e+00
