2.817240539891645312e+02
2.817158859614971789e+02
2.816808880044553121e+02
2.816130394117591322e+02
2.815749488406867158e+02
2.814694887888728658e+02
2.814404582426680008e+02
2.813204819552221352e+02
2.812577061760576385e+02
2.812311764574311610e+02
2.811731009658152516e+02
2.811389227753228965e+02
2.810974812100388363e+02
2.809374695453368531e+02
2.808403408863592858e+02
2.808350287818780657e+02
2.806820836717672023e+02
2.806451966785572267e+02
2.806008762993440655e+02
2.804604442807624309e+02
2.803885247531711116e+02
2.803444404934551812e+02
2.801689709053698607e+02
2.801309365750460074e+02
2.800383332256240010e+02
2.799005156999704695e+02
2.798017124417559671e+02
2.797081812560084018e+02
2.796554681738915065e+02
2.794794703349008387e+02
2.794660114382771212e+02
2.794364271207411434e+02
2.794003748293135914e+02
2.793528706835061257e+02
2.792989836524262159e+02
2.791850219050151054e+02
2.791472574209662412e+02
2.791166598357929729e+02
2.791155892447500833e+02
2.791120384598352757e+02
2.790462346203379980e+02
2.790033228782589276e+02
2.789147394929016173e+02
2.788549198023480358e+02
2.788161380099098778e+02
2.787151482959994269e+02
2.786714715006194183e+02
2.786448236298235770e+02
