1.385559489503705777e+01
1.385875587493270089e+01
1.386676387299205970e+01
1.386608993559775627e+01
1.386070236418655277e+01
1.384190731753692027e+01
1.383793706124741973e+01
1.383600125424397298e+01
1.384520331619431133e+01
1.385078567474334932e+01
1.386513039538635361e+01
1.387408440546736799e+01
1.388449246189912856e+01
1.390781664281746899e+01
1.390618652915977727e+01
1.390585433634148593e+01
1.389408481361836500e+01
1.389239604063248024e+01
1.389183398652268053e+01
1.390331526994711098e+01
1.391681089559991413e+01
1.392686181868640460e+01
1.396721168388299184e+01
1.397349214672427209e+01
1.398213314352985570e+01
1.397788327203041447e+01
1.396702039765837000e+01
1.395662466271736335e+01
1.395271399564707515e+01
1.395944630141755027e+01
1.396135346418504497e+01
1.396614658300384804e+01
1.397293669066897159e+01
1.398296929406030209e+01
1.399483032911858515e+01
1.401566836241683767e+01
1.401981727406290368e+01
1.402184009676571819e+01
1.402188810895295568e+01
1.402203618172966237e+01
1.402168513888586610e+01
1.401848988571311416e+01
1.400680908060241059e+01
1.399814757652873709e+01
1.399400975173793782e+01
1.399809662776073615e+01
1.401112500311783826e+01
1.402387048980071427e+01
