3.798967227339744568e+00
3.697656469043697047e+00
3.168732657725499724e+00
3.101698480418680681e+00
3.101262060826464939e+00
3.104403365990560104e+00
3.158756970853681789e+00
3.265689114014757255e+00
3.291608182053456400e+00
3.450745399224160792e+00
3.477047539392992714e+00
3.523115881530123783e+00
3.573563374518780034e+00
3.726037739825289297e+00
3.807613583567686089e+00
3.840797446897749268e+00
3.955790796353698013e+00
4.031911851119530432e+00
4.086137580212231057e+00
4.158523051575047980e+00
4.242809755011496264e+00
4.320562010359791039e+00
4.453983414177624667e+00
4.478421313599422859e+00
4.550550295214525143e+00
4.664217906042916084e+00
4.742527469795365214e+00
4.792364893813619631e+00
4.805017198778187115e+00
4.937314616470907858e+00
4.952056853465584219e+00
5.075117051647482391e+00
5.190832448938147436e+00
5.649103875054662716e+00
6.236935144359024186e+00
6.246908140396398856e+00
6.294983226042305979e+00
6.318906725661759261e+00
6.324128287477783772e+00
6.546842399117227984e+00
6.642745743613300391e+00
6.645667997638914137e+00
6.675234338465000583e+00
