1.115127605771136587e+03
1.115311906420891319e+03
1.116068697337746698e+03
1.117448637016606881e+03
1.118200474448456589e+03
1.120271496494717667e+03
1.120846769886108405e+03
1.123265043568780584e+03
1.124552777283313844e+03
1.125099823855777458e+03
1.126299934511334186e+03
1.127006103889489168e+03
1.127860195997496930e+03
1.131097617948985544e+03
1.132984087718193905e+03
1.133085197269458376e+03
1.135911751672496393e+03
1.136573462608953150e+03
1.137361834230923478e+03
1.139837185798187647e+03
1.141105025025824034e+03
1.141884376438585150e+03
1.144986260829449066e+03
1.145652210961081437e+03
1.147253848198342212e+03
1.149583159070343982e+03
1.151227275767587571e+03
1.152782301164207865e+03
1.153663763628287597e+03
1.156652302155114512e+03
1.156883568629323690e+03
1.157392831382984241e+03
1.158014650205082489e+03
1.158834815475508321e+03
1.159764330475324641e+03
1.161718432656590494e+03
1.162360956157356895e+03
1.162879506120779070e+03
1.162897616805332518e+03
1.162957667879882592e+03
1.164066217327391541e+03
1.164784929809010691e+03
1.166259512626864762e+03
1.167249663560568251e+03
1.167889849946364166e+03
1.169554734203723683e+03
1.170276542136664375e+03
1.170718577285703077e+03
