6.894489081368374173e+01
6.893228523120892248e+01
6.884454229886634380e+01
6.858100784127074689e+01
6.840583303356737588e+01
6.789395631078681959e+01
6.775453277871115176e+01
6.720851289172107101e+01
6.694324613224510756e+01
6.683489258646362430e+01
6.660498934826944151e+01
6.647446429011792191e+01
6.632141251681660776e+01
6.579713182545356176e+01
6.553739177107317460e+01
6.552440579484465388e+01
6.519536956282730955e+01
6.512702940782050121e+01
6.504972371316247859e+01
6.483800455004698904e+01
6.474982551597112490e+01
6.470299223590706106e+01
6.457107250858190639e+01
6.455310492190292848e+01
6.452278582428758114e+01
6.450882526471079359e+01
6.452032205538797882e+01
6.454754514553404476e+01
6.456961051802419149e+01
6.467259060219139144e+01
6.468195243098590197e+01
6.470312319526664169e+01
6.472996843302429681e+01
6.476705114741390901e+01
6.481159687673111591e+01
6.491646404302352380e+01
6.495511662158244803e+01
6.498804793740768559e+01
6.498922701027868243e+01
6.499315068871078438e+01
6.506949621547838092e+01
6.512287062723616771e+01
6.524066862284571755e+01
6.532452400096454426e+01
6.538010197217784025e+01
6.552811305702832101e+01
6.559412336662634857e+01
6.563549769068667672e+01
