2.749432295367196275e+02
2.750256475818559920e+02
2.753643374728270032e+02
2.759820191946549244e+02
2.763180186011893511e+02
2.772391099188799330e+02
2.774934370098533236e+02
2.785541154859106427e+02
2.791134081369024216e+02
2.793499220162913730e+02
2.798667141167957766e+02
2.801695833806734299e+02
2.805348151403901511e+02
2.819109417241032816e+02
2.827090483903604650e+02
2.827517810554912217e+02
2.839449194544705506e+02
2.842236899299839479e+02
2.845553746113544094e+02
2.855920725767338126e+02
2.861194074061356218e+02
2.864422323142865707e+02
2.877191786785201657e+02
2.879923637003047929e+02
2.886491437148419550e+02
2.896044711471177493e+02
2.902778234360285978e+02
2.909121863620065369e+02
2.912701412342320282e+02
2.924736396430428726e+02
2.925661847592760409e+02
2.927697483956718543e+02
2.930179456174359416e+02
2.933448703633758896e+02
2.937150309259133110e+02
2.944931076295645198e+02
2.947491243048932006e+02
2.949558440416772669e+02
2.949630655889958462e+02
2.949870115131003558e+02
2.954292945920673787e+02
2.957162853428062022e+02
2.963056871883962344e+02
2.967018762554556019e+02
2.969581898797417239e+02
2.976250283724340306e+02
2.979139697892301797e+02
2.980907331940577478e+02
