2.813281300769740483e+02
2.813218636050148689e+02
2.812931805160790191e+02
2.812318259404311220e+02
2.811951643573917750e+02
2.810881062634551881e+02
2.810574707429929049e+02
2.809261930745390146e+02
2.808545050085201638e+02
2.808235473427463376e+02
2.807542713861291759e+02
2.807124358264023272e+02
2.806605155091931465e+02
2.804451166436915628e+02
2.803011279347817322e+02
2.802929611119699302e+02
2.800462682871013271e+02
2.799838523508537378e+02
2.799076212244545445e+02
2.796585944047694738e+02
2.795273336985936794e+02
2.794457483884576163e+02
2.791125556845117330e+02
2.790385011019595254e+02
2.788554333484910899e+02
2.785760440274934808e+02
2.783711716798792395e+02
2.781742421709586779e+02
2.780621560098647933e+02
2.776833382825618628e+02
2.776541207707103354e+02
2.775897836306384079e+02
2.775111703908128788e+02
2.774072271526223972e+02
2.772887987198875521e+02
2.770363336790140352e+02
2.769520217892343794e+02
2.768834659294044513e+02
2.768810632567680159e+02
2.768730925046525613e+02
2.767248609125077223e+02
2.766276989193455051e+02
2.764260822192078422e+02
2.762893250066243240e+02
2.762004824826598792e+02
2.759686769453880970e+02
2.758682317968082884e+02
2.758068681984741488e+02
