7.826143581446374675e+00
7.823515315057035124e+00
7.809620841603689634e+00
7.774692990923460556e+00
7.752482671426235150e+00
7.688779835470341162e+00
7.671907675600014187e+00
7.610941742115514330e+00
7.585680207402085706e+00
7.576222980162491183e+00
7.557323503550137822e+00
7.546884237715338450e+00
7.534353658678160315e+00
7.479819437615635280e+00
7.439772393408104811e+00
7.437475393023783354e+00
7.370901077470990437e+00
7.355606301644811218e+00
7.338045628626801431e+00
7.289462293979137364e+00
7.268527986333877422e+00
7.256607600803361535e+00
7.209568289516528949e+00
7.198225576749275767e+00
7.167457161015782674e+00
7.113475456482624359e+00
7.070956597074245842e+00
7.030598931434065335e+00
7.008801933336567203e+00
6.946112703448662273e+00
6.942051493427247699e+00
6.933453776388608603e+00
6.923508682915918477e+00
6.911048051364688583e+00
6.897282377146408905e+00
6.866322349197906405e+00
6.854690720433816331e+00
6.844571554391897017e+00
6.844205527928914456e+00
6.842985639424178146e+00
6.818723247831918854e+00
6.801283524606774655e+00
6.762351908530607858e+00
6.735400278435103694e+00
6.718578686159835556e+00
6.682092150069083303e+00
6.671996096423651323e+00
6.668281060265461413e+00
