1.442346119169646954e+02
1.441059497715572206e+02
1.435304007022010637e+02
1.423622577543827958e+02
1.417014447836182853e+02
1.399195644133824885e+02
1.394475686207062495e+02
1.375884137253713391e+02
1.366676651495430121e+02
1.362876798028048029e+02
1.354732335228588056e+02
1.350045971093225319e+02
1.344465915546132635e+02
1.323829877324776874e+02
1.311743409866958245e+02
1.311086088028521601e+02
1.292190373408688231e+02
1.287642309396213136e+02
1.282195458198291931e+02
1.265215613780610511e+02
1.256767053386784454e+02
1.251679280473454270e+02
1.231840449128174555e+02
1.227545457413870054e+02
1.216970564217177468e+02
1.200880435016922689e+02
1.189228045084915379e+02
1.178294096691333266e+02
1.172228167067594740e+02
1.152636953749246089e+02
1.151177334110954860e+02
1.147982995802296955e+02
1.144111473558573522e+02
1.139033311737177740e+02
1.133284729282702443e+02
1.121082630153195652e+02
1.117009449676321253e+02
1.113695580948296708e+02
1.113579400556005936e+02
1.113193955660223367e+02
1.106018999770956128e+02
1.101307585118145909e+02
1.091505948987830266e+02
1.084840830769811078e+02
1.080509836361713383e+02
1.069277938029675710e+02
1.064498539436852838e+02
1.061629310044677368e+02
