6.258812626496364828e+00
6.285527866418976650e+00
6.394991432657751496e+00
6.594050611209716806e+00
6.702414657497705264e+00
7.001058919175845219e+00
7.084074624319136149e+00
7.433252481160891101e+00
7.619274122449197328e+00
7.698311586835718145e+00
7.871725809508675731e+00
7.973772898090153660e+00
8.097186719304042768e+00
8.564391598943906558e+00
8.835719260383026352e+00
8.850237345044902781e+00
9.255228730322546227e+00
9.349865926367829871e+00
9.462580301105070646e+00
9.816465490763164325e+00
9.997786047483627314e+00
1.010926107777011751e+01
1.055282185202630885e+01
1.064799545149654314e+01
1.087681969626045486e+01
1.120957238639821441e+01
1.144454776883109659e+01
1.166692119267234951e+01
1.179303139542715329e+01
1.222092005264023662e+01
1.225405513423897119e+01
1.232703415866744301e+01
1.241616931762973230e+01
1.253378295441888568e+01
1.266714099374023306e+01
1.294768127711365402e+01
1.303996114500134951e+01
1.311444175500466081e+01
1.311704309226810850e+01
1.312566857537435006e+01
1.328489673071779364e+01
1.338812704436313972e+01
1.359992469783234270e+01
1.374217090709171174e+01
1.383417151513907406e+01
1.407361666490916896e+01
1.417752555667793324e+01
1.424118477272824279e+01
