7.018249177964077212e+00
7.030503827092172919e+00
7.147339204448046601e+00
7.215475509285511180e+00
7.219191564844231301e+00
7.242446028652376633e+00
7.310977566519290427e+00
7.387703075663656804e+00
7.404083256390096679e+00
7.500010723892862607e+00
7.515622909833067133e+00
7.542966527397849674e+00
7.572924740696844736e+00
7.662928489099644302e+00
7.709683760596567126e+00
7.728132897943191360e+00
7.788127794744871935e+00
7.823335189608414453e+00
7.845710541550086070e+00
7.871734279835196801e+00
7.896409217564594130e+00
7.914238528913095649e+00
7.937060051364207780e+00
7.940713267594439628e+00
7.951735682256462212e+00
7.973529133439692274e+00
7.994965715166386211e+00
8.012478468243720897e+00
8.017471068474058882e+00
8.084282941962698033e+00
8.093415202713476475e+00
8.181279088903833596e+00
8.276101185383458514e+00
8.578139585794076538e+00
8.675127790060811250e+00
8.675513300480416135e+00
8.677599849465639892e+00
8.678862268996670792e+00
8.679164709734454419e+00
8.709212175295332869e+00
8.738939353456464332e+00
8.740064204877771914e+00
8.752252755069383383e+00
