1.005870934146159712e+01
1.006268253677730407e+01
1.007522069482212856e+01
1.008640933770935533e+01
1.008861188164177136e+01
1.009123220146254241e+01
1.009278225951609365e+01
1.011000502158730363e+01
1.012678209131574647e+01
1.013518940600232909e+01
1.015531686603615036e+01
1.016764072975525401e+01
1.018234510454180608e+01
1.022719588532140200e+01
1.024255858725419976e+01
1.024320356652478559e+01
1.025921044241511559e+01
1.026364491179979233e+01
1.026993036347944077e+01
1.029894652975712077e+01
1.031917992486722646e+01
1.033285799050573495e+01
1.038746145069331206e+01
1.039745983776195359e+01
1.041683876361401495e+01
1.043284674602844042e+01
1.043839876866446303e+01
1.044347488819994929e+01
1.044774035210548746e+01
1.047644779554315164e+01
1.047966364101068493e+01
1.048717399403952122e+01
1.049702500148045381e+01
1.051080935101448510e+01
1.052681717390305849e+01
1.055767895865546890e+01
1.056593693767319309e+01
1.057166906527054451e+01
1.057185332132081612e+01
1.057245643566674254e+01
1.058141586983885496e+01
1.058513316058879283e+01
1.058916531695347985e+01
1.059133788842506085e+01
1.059380887859584597e+01
1.061092639011953764e+01
1.062642896240541290e+01
1.063934030236350559e+01
