2.877107813628317672e+02
2.877784057777660109e+02
2.880605182678113465e+02
2.885881831699931581e+02
2.888800284088864601e+02
2.896893044241544430e+02
2.899141242417388753e+02
2.908555260043836483e+02
2.913547960866873154e+02
2.915667753803942901e+02
2.920322108613798946e+02
2.923066827990941192e+02
2.926396235571491502e+02
2.939173042228337636e+02
2.946776132379526416e+02
2.947187424836954506e+02
2.958837229776926279e+02
2.961602113289528120e+02
2.964910386094285286e+02
2.975360475317862097e+02
2.980727201985002921e+02
2.984026253783964648e+02
2.997165410580785760e+02
2.999994887313308141e+02
3.006826050920864191e+02
3.016837454323240308e+02
3.023945803571996294e+02
3.030677620360771698e+02
3.034489494789140167e+02
3.047365128282429509e+02
3.048358619286956355e+02
3.050545474278738993e+02
3.053214624217067126e+02
3.056734883621546714e+02
3.060726373919629282e+02
3.069133174660283316e+02
3.071903310732614045e+02
3.074141159096431579e+02
3.074219352100001856e+02
3.074478639495960692e+02
3.079269472749664942e+02
3.082379637043703156e+02
3.088769663977059281e+02
3.093066611364096730e+02
3.095847248388320736e+02
3.103084906495334963e+02
3.106222889087316616e+02
3.108143250844204886e+02
