2.126931235142619698e+02
2.127173126641022805e+02
2.128197011125956521e+02
2.130144002889402657e+02
2.131223232833870043e+02
2.134179091228928655e+02
2.134986189938951213e+02
2.138293978866373379e+02
2.140005166399189989e+02
2.140723590955640248e+02
2.142284796594132956e+02
2.143195119335746028e+02
2.144289019525052424e+02
2.148382049650951444e+02
2.150744795587713725e+02
2.150871241947676253e+02
2.154399175143630885e+02
2.155221100220296080e+02
2.156196173509013363e+02
2.159209379089418803e+02
2.160714108587070257e+02
2.161624736082321476e+02
2.165160242463325631e+02
2.165907006199282137e+02
2.167695087400781517e+02
2.170279652935462877e+02
2.172081343073877520e+02
2.173752935209919031e+02
2.174682359035710419e+02
2.177731247223275091e+02
2.177961397394003598e+02
2.178465911518195242e+02
2.179078170991601837e+02
2.179880594964780869e+02
2.180784719059160750e+02
2.182673985980225666e+02
2.183292913397422126e+02
2.183791762660378595e+02
2.183809175107964791e+02
2.183866906248049418e+02
2.184931350278903039e+02
2.185620271527569685e+02
2.187031464657289916e+02
2.187977920041679738e+02
2.188589459340182941e+02
2.190176152372391414e+02
2.190859767389983119e+02
2.191275812007048671e+02
