4.307364946244342718e+02
4.308049118828834594e+02
4.310903637131952451e+02
4.316242486518860915e+02
4.319194742264143088e+02
4.327380222530450169e+02
4.329654551745825870e+02
4.339184203036314784e+02
4.344243314441778239e+02
4.346392255043449495e+02
4.351111970462321210e+02
4.353895713429690204e+02
4.357272507839155082e+02
4.370227824992896899e+02
4.377936103651074404e+02
4.378353153560430542e+02
4.390172481859424352e+02
4.392979810434752039e+02
4.396340000428781423e+02
4.406960703282632039e+02
4.412417825025377738e+02
4.415773139642670913e+02
4.429142913607558967e+02
4.432024019856129939e+02
4.438983738986147500e+02
4.449193844979665755e+02
4.456449187084278378e+02
4.463322671470897944e+02
4.467215206342500551e+02
4.480363749183166533e+02
4.481378351871168775e+02
4.483611751199071591e+02
4.486337891709357564e+02
4.489933725140500087e+02
4.494011632144374744e+02
4.502603552578649442e+02
4.505435679687506649e+02
4.507723962154788069e+02
4.507803923022712524e+02
4.508069075212191592e+02
4.512968992625746978e+02
4.516150670264103155e+02
4.522689217428628012e+02
4.527087172870110408e+02
4.529933636732542936e+02
4.537344154567622923e+02
4.540557603018147574e+02
4.542524224019217627e+02
