2.479226066031260416e+02
2.480123683974001096e+02
2.483801600734694546e+02
2.490489937611029063e+02
2.494130995491389342e+02
2.504165741268928969e+02
2.506955208526223657e+02
2.518688417100002823e+02
2.524939347097028417e+02
2.527595295998856386e+02
2.533422721407766289e+02
2.536851964922291813e+02
2.540999270490136439e+02
2.556700034726638933e+02
2.565818482998909644e+02
2.566306394851498567e+02
2.579917249368671150e+02
2.583097858820461852e+02
2.586886045592206074e+02
2.598779894637081043e+02
2.604874086344754005e+02
2.608620809191896228e+02
2.623529386036249207e+02
2.626728341084089493e+02
2.634419622579834481e+02
2.645604387345612736e+02
2.653502734633008799e+02
2.660977602461800302e+02
2.665216724861245439e+02
2.679600224880803694e+02
2.680714079611365150e+02
2.683167319901376118e+02
2.686163675779469600e+02
2.690117386971673454e+02
2.694600399315411892e+02
2.704031264999029531e+02
2.707133454263163230e+02
2.709637295529531116e+02
2.709724745835659974e+02
2.710014712568947175e+02
2.715367584952139737e+02
2.718837971084878404e+02
2.725958230832193294e+02
2.730740344613078037e+02
2.733833294185894829e+02
2.741883231902788793e+02
2.745376597023856675e+02
2.747516799839355031e+02
