7.761774421102779264e+00
7.764041952244212119e+00
7.770592098509320422e+00
7.774061151935396374e+00
7.773170841374949624e+00
7.768546634707000464e+00
7.767959227274591427e+00
7.773656299811547932e+00
7.782331732541653224e+00
7.786933678714182960e+00
7.798164390587942307e+00
7.805037613472991076e+00
7.813096823058221396e+00
7.834540333561037073e+00
7.838551598271799037e+00
7.838631761505693518e+00
7.839604966740041370e+00
7.840465708686502389e+00
7.842319446019126339e+00
7.855643151862405915e+00
7.866754944665731664e+00
7.874565862793875048e+00
7.905754885820494238e+00
7.911088479637967907e+00
7.920250613577158205e+00
7.924057159652644344e+00
7.922288972754714997e+00
7.920523898920186490e+00
7.920625407593101741e+00
7.932118513907083113e+00
7.933780225244355222e+00
7.937769064325504331e+00
7.943159055259973123e+00
7.950860644824776280e+00
7.959847338982386944e+00
7.976380324262264843e+00
7.980282989959754048e+00
7.982683535237542927e+00
7.982754595806349940e+00
7.982983938757348241e+00
7.985478284323757059e+00
7.985423972099167322e+00
7.982434151559585800e+00
7.979976828938757372e+00
7.979217796384729056e+00
7.985630872782551570e+00
7.994761281213900617e+00
8.003039925909494201e+00
