1.000283868020516820e+03
1.000425128252089280e+03
1.001010656548113047e+03
1.002090884413575964e+03
1.002681587052622262e+03
1.004305460136912757e+03
1.004755116106980950e+03
1.006640912179605493e+03
1.007643628710886105e+03
1.008069378996470050e+03
1.009002811650805029e+03
1.009551636731780377e+03
1.010215034497329611e+03
1.012730408982738709e+03
1.014203033884440060e+03
1.014282195468701048e+03
1.016503779560523299e+03
1.017025432423573989e+03
1.017647089119635780e+03
1.019596878350434054e+03
1.020593553373836130e+03
1.021205810049159481e+03
1.023644550836289795e+03
1.024169168942850547e+03
1.025432379520213999e+03
1.027270802728670333e+03
1.028567281650083260e+03
1.029792060106334930e+03
1.030485825577284004e+03
1.032836583726927984e+03
1.033018422150230663e+03
1.033418791664385708e+03
1.033907543028592727e+03
1.034551989716678918e+03
1.035282070932599254e+03
1.036816363517556510e+03
1.037320951387931927e+03
1.037728324249732623e+03
1.037742554987586800e+03
1.037789742630162891e+03
1.038661340642258665e+03
1.039227021571818568e+03
1.040389074566044201e+03
1.041170109326912097e+03
1.041675168596391586e+03
1.042988047711181935e+03
1.043556916749929087e+03
1.043905318045011654e+03
