1.905897713860031217e+02
1.908478467183334431e+02
1.933367079166894484e+02
1.948523882557967681e+02
1.949370808151842596e+02
1.954724013108528027e+02
1.971063232658840434e+02
1.990318669779065885e+02
1.994537277829995503e+02
2.019649098555597959e+02
2.023763811541180928e+02
2.030970541425580507e+02
2.038864372311468571e+02
2.062729530287225259e+02
2.075496970542847919e+02
2.080690223174271125e+02
2.098682796075023873e+02
2.110587253887465806e+02
2.119064166251744723e+02
2.130377342180588585e+02
2.143552040183417660e+02
2.155712033949490092e+02
2.176596463466208888e+02
2.180423400661547078e+02
2.191720436361909492e+02
2.209536778293089867e+02
2.221840397705053931e+02
2.229693923083895299e+02
2.231691256815050792e+02
2.252655215840864003e+02
2.254996078646927913e+02
2.274433984601847385e+02
2.292178099332623162e+02
2.351609598762029520e+02
2.413405371894146185e+02
2.414427975293535837e+02
2.419357240373482227e+02
2.421809887379100132e+02
2.422345155440368671e+02
2.445113959555291956e+02
2.454844597650567835e+02
2.455140191574953406e+02
2.458128086577046929e+02
