1.976317964566891661e+01
1.976744770590476463e+01
1.977789921398716899e+01
1.977524027492170688e+01
1.976667138779999888e+01
1.973758560183841837e+01
1.973133347293646978e+01
1.972631310021447248e+01
1.973838059287764324e+01
1.974592391478503117e+01
1.976552744304577658e+01
1.977783400773641276e+01
1.979215527973466848e+01
1.982380243250301888e+01
1.982078951537022249e+01
1.982028401505796111e+01
1.980281925563173218e+01
1.980030875647125299e+01
1.979941315388862932e+01
1.981567920828697282e+01
1.983497353626568227e+01
1.984936837774093377e+01
1.990736162299771195e+01
1.991645236233015126e+01
1.992914478232183839e+01
1.992373195826959531e+01
1.990877621404946751e+01
1.989452045301697325e+01
1.988929456170810539e+01
1.990023873368940954e+01
1.990307188604142397e+01
1.991016130162604014e+01
1.992016244759251720e+01
1.993490087233728758e+01
1.995231829682661129e+01
1.998312692008509472e+01
1.998940922556437272e+01
1.999259025327882711e+01
1.999266908562055178e+01
1.999291461644020984e+01
1.999304924252007254e+01
1.998890438601294051e+01
1.997308967110286204e+01
1.996130282069584894e+01
1.995576786472975428e+01
1.996255641263789826e+01
1.998155997435616271e+01
1.999999928865207366e+01
