3.328380184993147850e+01
3.322260806404864297e+01
3.248689159380937497e+01
3.211183795106841643e+01
3.209539797963810770e+01
3.200440362691025342e+01
3.187148739905795480e+01
3.197790985704920530e+01
3.203242584978239904e+01
3.250386790400730774e+01
3.259596491147885189e+01
3.276169251161222462e+01
3.294656503019735538e+01
3.350252236345693291e+01
3.379216804785660599e+01
3.390867704808231764e+01
3.430999210200293703e+01
3.457609296904433194e+01
3.476667383087298191e+01
3.502257502759882613e+01
3.532237635615310012e+01
3.560018826946610204e+01
3.607948572211693516e+01
3.616779131205353082e+01
3.642995635616992445e+01
3.684992625469491401e+01
3.714595230399717707e+01
3.733764990829850916e+01
3.738673142236254421e+01
3.790869332714913753e+01
3.796759374859033187e+01
3.845928283110401225e+01
3.890976482007376092e+01
4.042769865179657529e+01
4.203698690059289333e+01
4.206369939245295342e+01
4.219248556317206322e+01
4.225658398743393462e+01
4.227057481935217709e+01
4.286656093336863194e+01
4.312152164254971609e+01
4.312926078849697120e+01
4.320744592307356413e+01
