1.036305718277810861e+01
1.036359608200941196e+01
1.034998972839736275e+01
1.032798829257203899e+01
1.032653799088499369e+01
1.031696364432044000e+01
1.028504229257585578e+01
1.024822093127547973e+01
1.024109781905488958e+01
1.021203641542231999e+01
1.020996955748904433e+01
1.020841591357320333e+01
1.020977934596039383e+01
1.023217541588471313e+01
1.025313656912439519e+01
1.026280460237116365e+01
1.029826559332264502e+01
1.032069220186964031e+01
1.033481601610216494e+01
1.035012031295792312e+01
1.036171315235902313e+01
1.036607361747758205e+01
1.036137221309337342e+01
1.035934164985354577e+01
1.035251058581424743e+01
1.034345927333910531e+01
1.034233867800467443e+01
1.034519672732580098e+01
1.034644963666526607e+01
1.037422419596741108e+01
1.037905790771772452e+01
1.043190756103110317e+01
1.049561809313137672e+01
1.068872283101066145e+01
1.067120831773977585e+01
1.067024946414756847e+01
1.066638072201328136e+01
1.066502887646062447e+01
1.066479369699285407e+01
1.068521286487860245e+01
1.072049506335283198e+01
1.072189556739454730e+01
1.073724490507043683e+01
