2.691263091471337248e+02
2.690794115021890320e+02
2.688765574174952349e+02
2.684786101973772929e+02
2.682542236293620022e+02
2.676338238972565478e+02
2.674636958662956090e+02
2.667643061183198938e+02
2.664004700335685811e+02
2.662470558266184639e+02
2.659118013531530664e+02
2.657147955691535799e+02
2.654761168595906042e+02
2.645540061958750471e+02
2.639911692529557286e+02
2.639602816546897088e+02
2.630664316590339240e+02
2.628498254950658861e+02
2.625892906932351707e+02
2.617635501172946988e+02
2.613413811040687733e+02
2.610829153423977687e+02
2.600540824010102483e+02
2.598303976991712716e+02
2.592838444886966158e+02
2.584653607634260766e+02
2.578763470305515852e+02
2.573188190381277423e+02
2.570051511405839051e+02
2.559624757550699883e+02
2.558830146311227622e+02
2.557084421549189415e+02
2.554958284619675339e+02
2.552157655551519042e+02
2.548979798630450944e+02
2.542245842702374716e+02
2.540008253504044546e+02
2.538192682753693248e+02
2.538129113308420131e+02
2.537918253702439983e+02
2.534004614922925782e+02
2.531446515104792070e+02
2.526152463065420761e+02
2.522569290794274934e+02
2.520243977808692080e+02
2.514187167368290261e+02
2.511570813759035161e+02
2.509976845208267946e+02
