3.017918630806088913e+02
3.016951801404656521e+02
3.012791787820626155e+02
3.004708116134142415e+02
3.000185597520492706e+02
2.987796281818628472e+02
2.984426942352317838e+02
2.970697514116027378e+02
2.963630709874511240e+02
2.960666618648957069e+02
2.954223854511771492e+02
2.950462131989883687e+02
2.945931831739777635e+02
2.928770985539094909e+02
2.918597965518808905e+02
2.918046225082217120e+02
2.902336397157013153e+02
2.898594615926989491e+02
2.894122380828603696e+02
2.880129338660035501e+02
2.873072297479768054e+02
2.868782667241694639e+02
2.851933986393287910e+02
2.848316841665098877e+02
2.839543067900838764e+02
2.826564284397508686e+02
2.817336250398944344e+02
2.808683544089391262e+02
2.803848648334138147e+02
2.787926524638485830e+02
2.786721296807340309e+02
2.784077004128096178e+02
2.780862814729740080e+02
2.776639183148914185e+02
2.771860579561839586e+02
2.761785641910861955e+02
2.758454097219474761e+02
2.755756969341829858e+02
2.755662631537302900e+02
2.755349760199276261e+02
2.749555539660250361e+02
2.745780480747466186e+02
2.737992910810573903e+02
2.732735853592001263e+02
2.729328114483120657e+02
2.720462451255844485e+02
2.716639230004646492e+02
2.714313520673781568e+02
