1.409830544716935385e+01
1.410143110641616282e+01
1.410923492805949309e+01
1.410802952063672500e+01
1.410231900911704983e+01
1.408274438001113360e+01
1.407862255758029768e+01
1.407649297184842396e+01
1.408588643748296043e+01
1.409160318261692524e+01
1.410632994990630174e+01
1.411555110977677074e+01
1.412630939573900157e+01
1.415105484506497469e+01
1.415029044292203153e+01
1.415000709849620897e+01
1.413984094230514899e+01
1.413862335778020274e+01
1.413868447951321627e+01
1.415259012907753267e+01
1.416758082768808791e+01
1.417861488926419256e+01
1.422307919379790064e+01
1.423023385306530031e+01
1.424090312130869762e+01
1.423940474169745229e+01
1.423042020684495235e+01
1.422186097260660453e+01
1.421905391610970248e+01
1.423002204063891973e+01
1.423228960574991220e+01
1.423789031538070660e+01
1.424568902164769746e+01
1.425707959960351623e+01
1.427049782739409167e+01
1.429455764077833457e+01
1.429972126966557511e+01
1.430254006899041386e+01
1.430261548650820025e+01
1.430285423501141828e+01
1.430412316175304888e+01
1.430192663324743663e+01
1.429221030361269129e+01
1.428486310914390778e+01
1.428160802822621633e+01
1.428829425213836046e+01
1.430267401109434466e+01
1.431634098488717299e+01
