4.237441235927203707e+02
4.237801550952206071e+02
4.239325950214321779e+02
4.242237263969441869e+02
4.243865820803456472e+02
4.248405606469092959e+02
4.249668625131132558e+02
4.254959383675284812e+02
4.257769769305014051e+02
4.258964860972547513e+02
4.261594142195212953e+02
4.263148745489102680e+02
4.265039444131780897e+02
4.272365131612105529e+02
4.276797744278335358e+02
4.277039386485358250e+02
4.283962245209403363e+02
4.285625074496003890e+02
4.287622397453563394e+02
4.293968368078931803e+02
4.297239124768400984e+02
4.299251950392415438e+02
4.307294622055689501e+02
4.309036001355119652e+02
4.313260442362137610e+02
4.319505185000302845e+02
4.323968413157829218e+02
4.328204808133501729e+02
4.330603794518343079e+02
4.338693783113170070e+02
4.339317210587017826e+02
4.340689347822211062e+02
4.342364121342881731e+02
4.344573689127944363e+02
4.347081279547645067e+02
4.352375802412134931e+02
4.354125248272036970e+02
4.355540415226035407e+02
4.355589893190951329e+02
4.355753976401184104e+02
4.358789699854925743e+02
4.360764313934899974e+02
4.364829665431313401e+02
4.367568676685066862e+02
4.369342874227176594e+02
4.373964440913829321e+02
4.375968164359039747e+02
4.377193782469868211e+02
