9.755774673074483871e+00
9.773249896588101393e+00
9.894964852534739563e+00
9.955798648829714992e+00
9.959462786423602054e+00
9.983867463450888380e+00
1.007666857281935080e+01
1.023151638000561903e+01
1.027227631355374626e+01
1.055556361221329809e+01
1.060673665628946516e+01
1.069802892266242189e+01
1.079928458945555647e+01
1.110101877982548402e+01
1.125411760165947328e+01
1.131426267843951194e+01
1.151337259739494812e+01
1.163799894305549820e+01
1.172369011602344635e+01
1.183423975531323080e+01
1.195719348026028328e+01
1.206449673395403188e+01
1.223362035041355966e+01
1.226261936446853618e+01
1.234541378781848664e+01
1.247185956250099892e+01
1.256150004246399909e+01
1.262205651080432034e+01
1.263803945584790966e+01
1.282472566214820198e+01
1.284804276789420108e+01
1.306272356809776092e+01
1.328961813856896157e+01
1.417487114881477872e+01
1.517691008119394347e+01
1.519383018093610538e+01
1.527536784042515272e+01
1.531590895520414719e+01
1.532475289006177732e+01
1.569904817586160739e+01
1.585833406432298531e+01
1.586318175603886438e+01
1.591225196380137774e+01
