9.828528571917104273e+01
9.827958432662295252e+01
9.824960194671695035e+01
9.817469738299054427e+01
9.812654606921526579e+01
9.797939865820694649e+01
9.793625212380580081e+01
9.774889430806992152e+01
9.764564520138112869e+01
9.760086778184360412e+01
9.749990478196539812e+01
9.743807708496588305e+01
9.735990056429054107e+01
9.700579179141131192e+01
9.673432584814804613e+01
9.671810036588911430e+01
9.619468544192714887e+01
9.605441597997288738e+01
9.588025349924839702e+01
9.529743744826687646e+01
9.498505106169436374e+01
9.478933666356297749e+01
9.396925377247475808e+01
9.378015646565626184e+01
9.329892266764969122e+01
9.252757301513280197e+01
9.194042900254953565e+01
9.136739863476272205e+01
9.104037869646363390e+01
8.994494137017193225e+01
8.986130118455824345e+01
8.967742385102664571e+01
8.945306427373020597e+01
8.915623020101425311e+01
8.881633383551945826e+01
8.807738063449595245e+01
8.782421325642479815e+01
8.761555262786596643e+01
8.760819263210203189e+01
8.758375315817643525e+01
8.712278215669812198e+01
8.681412424016706098e+01
8.615923753163629328e+01
8.570644688183568860e+01
8.540986189793191841e+01
8.463230861202615074e+01
8.429568938206574558e+01
8.409057214938185609e+01
