1.052883930809098878e+01
1.052872599961380828e+01
1.052442675851594878e+01
1.050479907635638099e+01
1.049023395343252041e+01
1.044715766627073528e+01
1.043620925337742200e+01
1.040202487055585401e+01
1.039211414988409388e+01
1.038929278250996013e+01
1.038493607467443702e+01
1.038290641463957265e+01
1.038025913552450952e+01
1.035891629466489583e+01
1.033530154654316391e+01
1.033385307239792894e+01
1.029149626985415900e+01
1.028238740918613381e+01
1.027263617189115408e+01
1.025214835759564380e+01
1.024754729540684117e+01
1.024611441939262768e+01
1.024132225232367510e+01
1.023863615671006677e+01
1.022748431370954592e+01
1.019897034340466746e+01
1.017313504441826488e+01
1.014875893262830253e+01
1.013650385502828932e+01
1.011044847136443892e+01
1.010950720645185896e+01
1.010789787599367529e+01
1.010666968967206181e+01
1.010591135223200610e+01
1.010548835381688626e+01
1.010171454203607411e+01
1.009848557843553252e+01
1.009489364542436896e+01
1.009475131301779882e+01
1.009427106306642230e+01
1.008309765361556032e+01
1.007362585048598369e+01
1.005031572935246054e+01
1.003400952242654931e+01
1.002454215963362749e+01
1.001097863505817109e+01
1.001351165799934861e+01
1.001863285856292940e+01
