2.512820595817065623e+02
2.512021874068171883e+02
2.508601374385625888e+02
2.502014382132562105e+02
2.498358381166099491e+02
2.488442979321173993e+02
2.485771754458409362e+02
2.474998601702877750e+02
2.469521922241540040e+02
2.467238559980257264e+02
2.462304608247754061e+02
2.459443535876392843e+02
2.456019151732479031e+02
2.443299693128042520e+02
2.435973501696471715e+02
2.435580727634062725e+02
2.424571675392002135e+02
2.421993294662800622e+02
2.418930410715576045e+02
2.409466412820933670e+02
2.404757911195784743e+02
2.401916669912168629e+02
2.390908808977523847e+02
2.388576086845902466e+02
2.382958968654041030e+02
2.374748705681509193e+02
2.368979007115397053e+02
2.363618965301380399e+02
2.360644348209984571e+02
2.350941443612436501e+02
2.350212096162905482e+02
2.348614117165392372e+02
2.346675727194089518e+02
2.344135066867100932e+02
2.341269574511048290e+02
2.335262402176278158e+02
2.333287313217277585e+02
2.331692749941588545e+02
2.331637049096864587e+02
2.331452352018836791e+02
2.328041509025530331e+02
2.325828783193419440e+02
2.321284806439128090e+02
2.318229917983699409e+02
2.316253780403519045e+02
2.311125837818730702e+02
2.308921930823372293e+02
2.307584739947539560e+02
