3.184682644554413855e+01
3.201373877139489821e+01
3.362342442849121937e+01
3.460369484134557894e+01
3.465847018936046453e+01
3.500469246618438035e+01
3.606145746649341532e+01
3.730686644522957351e+01
3.757972300481322492e+01
3.920395356462623226e+01
3.947009374053875064e+01
3.993622557313233301e+01
4.044679814345388280e+01
4.199038724970159109e+01
4.281617603291765306e+01
4.315207121127979661e+01
4.431581296741957487e+01
4.508577899730800453e+01
4.563405405585120178e+01
4.636577267727381724e+01
4.721788862246181395e+01
4.800437260502763337e+01
4.935513010940640299e+01
4.960264697461604300e+01
5.033330990038406583e+01
5.148561939095102247e+01
5.228137767688426862e+01
5.278931638065715504e+01
5.291849674359969669e+01
5.427436466708677187e+01
5.442576202176579159e+01
5.568292089846417525e+01
5.683052531800462503e+01
6.067426492385460080e+01
6.467108386229448058e+01
6.473722439003763895e+01
6.505604193885780262e+01
6.521467531216374880e+01
6.524929559491930320e+01
6.672193912203626098e+01
6.735129487148176963e+01
6.737041317643078742e+01
6.756366284432836267e+01
