6.785532643870610627e+02
6.786735785346879766e+02
6.791677053292311257e+02
6.800682461915206432e+02
6.805583007908378477e+02
6.819053563981796060e+02
6.822787567797217889e+02
6.838445846567982471e+02
6.846755408473268290e+02
6.850278336111398403e+02
6.857990166714306497e+02
6.862516238182148527e+02
6.867977876823982797e+02
6.888545838563461530e+02
6.900426936479445885e+02
6.901061448046561964e+02
6.918699249136033131e+02
6.922799325589139698e+02
6.927669598512707125e+02
6.942862822161444001e+02
6.950593082980241206e+02
6.955330441737060028e+02
6.974096332143882364e+02
6.978108458509620959e+02
6.987733002012507768e+02
7.001661926925845592e+02
7.011441654347422627e+02
7.020653348742368962e+02
7.025859895409857927e+02
7.043442240860287029e+02
7.044798794024221706e+02
7.047784144702117146e+02
7.051425972208816120e+02
7.056224210157553216e+02
7.061655693509660523e+02
7.073056960231958783e+02
7.076802431333123877e+02
7.079824592768300136e+02
7.079930136900728712e+02
7.080280095299227696e+02
7.086740017088735613e+02
7.090928307218790678e+02
7.099522417876463578e+02
7.105293413172316832e+02
7.109024263332559030e+02
7.118723234432549134e+02
7.122926461522457657e+02
7.125500298363826914e+02
