1.001370557381853921e+01
1.001357035809505724e+01
1.000933010484239993e+01
9.990242053282848644e+00
9.976091525255220915e+00
9.934098653138656587e+00
9.923357381068671046e+00
9.889301907112297840e+00
9.878960309203508317e+00
9.875868772638391135e+00
9.870786828919648315e+00
9.868274231621219528e+00
9.865018823052780661e+00
9.841515460908279778e+00
9.816825321454970776e+00
9.815319697966474521e+00
9.771097691679438313e+00
9.761414308829438724e+00
9.750878807951760763e+00
9.727143267244526825e+00
9.720449767674137931e+00
9.717626021948452930e+00
9.707065980464230748e+00
9.703196057031654220e+00
9.689401171750773756e+00
9.657588397698372518e+00
9.629662026164394817e+00
9.603270667456058618e+00
9.589782047328448300e+00
9.558721951233836833e+00
9.557337899099936251e+00
9.554730084455801631e+00
9.552245760869187308e+00
9.549788101042720356e+00
9.547419180985734499e+00
9.539706656219257397e+00
9.535283553365031750e+00
9.530777023794765768e+00
9.530603583211949115e+00
9.530020594250173005e+00
9.517063005374266638e+00
9.506540481721469149e+00
9.481242823850291046e+00
9.463604297732272741e+00
9.453203482999269269e+00
9.436570112692121981e+00
9.437302140425128272e+00
9.441124687493775980e+00
