1.094636757619739598e+01
1.094470874231735813e+01
1.093399276336735149e+01
1.090255037643420444e+01
1.088160411179004683e+01
1.082173160408300561e+01
1.080642450184079628e+01
1.075588176911093541e+01
1.073868434186553067e+01
1.073307211725221144e+01
1.072320878918437970e+01
1.071831790941308959e+01
1.071256435334444035e+01
1.068265394427891479e+01
1.065624805981170553e+01
1.065469619424529668e+01
1.061147941098325909e+01
1.060276505697280669e+01
1.059379221565346896e+01
1.057791819642092435e+01
1.057687762123069497e+01
1.057798559319276244e+01
1.058533289231232999e+01
1.058555655944891605e+01
1.058167828799430588e+01
1.056428328644053316e+01
1.054670275850858374e+01
1.053055448910739500e+01
1.052318835095063676e+01
1.051509791685153772e+01
1.051563515299062601e+01
1.051732139116451137e+01
1.052018536093445356e+01
1.052492194090167033e+01
1.053082730581575177e+01
1.054051615453597890e+01
1.054171223412771852e+01
1.054167960964946715e+01
1.054166135580467945e+01
1.054159240474079873e+01
1.053797852124721857e+01
1.053337959808798807e+01
1.052006958813765536e+01
1.051058022726525287e+01
1.050562332027287304e+01
1.050447716717028257e+01
1.051285081283464251e+01
1.052173036745644907e+01
