1.403752118824070294e+01
1.404024085688148560e+01
1.404638602358539146e+01
1.404217017232155129e+01
1.403481533051732555e+01
1.401065366853755911e+01
1.400523745727649683e+01
1.399755996968452898e+01
1.400393527407688410e+01
1.400835899282028407e+01
1.402023115994213143e+01
1.402776346293505227e+01
1.403647232778555320e+01
1.405339787079010705e+01
1.404802270491321181e+01
1.404749032104330375e+01
1.403024015249969381e+01
1.402732199782356481e+01
1.402533277631798647e+01
1.403263009657934468e+01
1.404415037705401126e+01
1.405303136580915790e+01
1.408887783398187743e+01
1.409418883559273006e+01
1.410045104972775398e+01
1.409260946908474210e+01
1.407916818662830494e+01
1.406637711662489743e+01
1.406115399467485005e+01
1.406379887018681529e+01
1.406541392558225390e+01
1.406957433688734938e+01
1.407560905783635796e+01
1.408466694218101267e+01
1.409543884600345898e+01
1.411395838887695930e+01
1.411731511579965037e+01
1.411868273699923115e+01
1.411870759081454274e+01
1.411877873952117923e+01
1.411696966340197790e+01
1.411279226952283672e+01
1.409903315704377746e+01
1.408896816674619856e+01
1.408394345688421545e+01
1.408592585976635547e+01
1.409819428154109566e+01
1.411053893238049639e+01
