1.098859613388776779e+01
1.103726089270485389e+01
1.150648127631481898e+01
1.179221119423879038e+01
1.180817881470195196e+01
1.190911276227746818e+01
1.221727182519227384e+01
1.258060139608299011e+01
1.266022175367000457e+01
1.313424719124952134e+01
1.321192442051632554e+01
1.334797311329634084e+01
1.349699298189038466e+01
1.394752149336765257e+01
1.418855033489411177e+01
1.428659138474827905e+01
1.462626446588964058e+01
1.485099921905649367e+01
1.501102559021722449e+01
1.522459272581743761e+01
1.547330209432361947e+01
1.570286070013514390e+01
1.609713273110167009e+01
1.616938127614385579e+01
1.638265631566204661e+01
1.671900117418354270e+01
1.695127130279530547e+01
1.709953318564930314e+01
1.713724004221401032e+01
1.753302423338881866e+01
1.757721934699774380e+01
1.794420041571518709e+01
1.827917773710043292e+01
1.940262863349111555e+01
2.058087967664950568e+01
2.060043645738850415e+01
2.069470512687670194e+01
2.074160918880452087e+01
2.075184549831021386e+01
2.118753166778587982e+01
2.137441996144238487e+01
2.138011197826338616e+01
2.143771287449872531e+01
