2.195497885821640338e+01
2.195420438568265808e+01
2.194291783043121313e+01
2.189728627774131908e+01
2.186408924627183481e+01
2.176546749125943236e+01
2.173991434965084224e+01
2.165572113745654192e+01
2.162712618352107086e+01
2.161763337361418635e+01
2.160009693104708006e+01
2.159053570318771875e+01
2.157820510283380600e+01
2.150411903758531551e+01
2.143485843209724351e+01
2.143070783689935865e+01
2.130847322685417211e+01
2.128090180762627170e+01
2.125003599214098315e+01
2.117204620775621748e+01
2.114310732577710539e+01
2.112780256265878265e+01
2.106564122500184766e+01
2.104819856558050617e+01
2.099556542764311473e+01
2.089119199569033469e+01
2.080414173786660115e+01
2.072088540365117382e+01
2.067652120796931214e+01
2.055620642240856100e+01
2.054899584436445181e+01
2.053401075656374175e+01
2.051711155724485636e+01
2.049637958744334298e+01
2.047345340558673499e+01
2.041799182582511563e+01
2.039521939899047709e+01
2.037463741150876828e+01
2.037388095163206714e+01
2.037135419734985931e+01
2.031956764321909858e+01
2.028100526666077030e+01
2.019292892364773451e+01
2.013174394116144938e+01
2.009412920913480605e+01
2.001825438845168392e+01
2.000240595951315115e+01
1.999999921940259995e+01
