1.786777718913487689e+00
1.775053852502410434e+00
1.711054901556361640e+00
1.704878321913361638e+00
1.705049486059665886e+00
1.707147611923940822e+00
1.721953052043402099e+00
1.748567137326086263e+00
1.754970285823484577e+00
1.793581229178337288e+00
1.799808773268026130e+00
1.810624223951045053e+00
1.822383413665422891e+00
1.858322390761111720e+00
1.878431881591508201e+00
1.886856655919069814e+00
1.917002736872649216e+00
1.937351217966381434e+00
1.951695593500922588e+00
1.970195634594452239e+00
1.990127780231963239e+00
2.006387965412129049e+00
2.028792406740625331e+00
2.032182686946970573e+00
2.041200645450659934e+00
2.053902960258011667e+00
2.063264745516546927e+00
2.070216769576775917e+00
2.072157570807200422e+00
2.098224051078506847e+00
2.101885085817043031e+00
2.138725015199350210e+00
2.181540265445593541e+00
2.333603568932216987e+00
2.381351851168502343e+00
2.381486809371405666e+00
2.382356648589982751e+00
2.382983539851240451e+00
2.383142556852401839e+00
2.403277483606314213e+00
2.424816682175183313e+00
2.425640811476734271e+00
2.434599307068465279e+00
