8.772591677570744650e+00
8.800920410131643834e+00
8.916995755380757060e+00
9.128080179672119598e+00
9.242991175231377809e+00
9.559680252886275653e+00
9.647712459042644184e+00
1.001799297250875753e+01
1.021525840627938209e+01
1.029907346428440462e+01
1.048297067883309097e+01
1.059118694357065138e+01
1.072206201491984601e+01
1.121751643857450809e+01
1.150525248487424257e+01
1.152064859063410118e+01
1.195013470919253074e+01
1.205049622332308878e+01
1.217002856689190970e+01
1.254532136890333049e+01
1.273761139208732551e+01
1.285583065178439810e+01
1.332622850268136894e+01
1.342716078509630862e+01
1.366983098713242839e+01
1.402271937364950105e+01
1.427191443697465800e+01
1.450774541050689059e+01
1.464148771208086686e+01
1.509527279381684828e+01
1.513041331222103381e+01
1.520780927704680963e+01
1.530233924762915088e+01
1.542707140017539658e+01
1.556850097335987471e+01
1.586602133238987200e+01
1.596388664232126509e+01
1.604287538202382635e+01
1.604563417230041367e+01
1.605478173648280205e+01
1.622364766687039506e+01
1.633312636411590546e+01
1.655774393200223571e+01
1.670860023702090302e+01
1.680616962340454990e+01
1.706010843891571582e+01
1.717030700152672651e+01
1.723781955591378789e+01
