1.534019147909796210e+00
1.516684793897047800e+00
1.383057998051181903e+00
1.326475432373689367e+00
1.323766004366061066e+00
1.307629034163237725e+00
1.267725051465345087e+00
1.235111206622190316e+00
1.229622518606143133e+00
1.206490799935812319e+00
1.204026398771846917e+00
1.200471203147348120e+00
1.197599739511410855e+00
1.194315095445475317e+00
1.195050849300938856e+00
1.195669021265721943e+00
1.198443468188993055e+00
1.200121929334131199e+00
1.200881330599123942e+00
1.201001419152585070e+00
1.199509982272070729e+00
1.196433863720371527e+00
1.187928396826492650e+00
1.186091542003015586e+00
1.180610466493568378e+00
1.173378375538622009e+00
1.170940425009397101e+00
1.171069530915819445e+00
1.171350252132260517e+00
1.181339901233089407e+00
1.183313785967629705e+00
1.206504101120756234e+00
1.237106805055997683e+00
1.357274327417204551e+00
1.414104123968286331e+00
1.414658367641794090e+00
1.417517104040668885e+00
1.419095661836001110e+00
1.419457456325883049e+00
1.444707305792681584e+00
1.464763579040112118e+00
1.465492655575965530e+00
1.473303351308157039e+00
