1.144460895612159312e+01
1.144454994107911894e+01
1.144013235873652334e+01
1.141922680356022646e+01
1.140360550441988607e+01
1.135726013459934514e+01
1.134546178139679284e+01
1.130856924203345670e+01
1.129782118033988958e+01
1.129473944855877576e+01
1.128991747732160000e+01
1.128762632768393637e+01
1.128461274601125020e+01
1.126058345852624676e+01
1.123422107246280000e+01
1.123260544068474864e+01
1.118526128692762178e+01
1.117501467826934913e+01
1.116398475185074624e+01
1.114023554403860672e+01
1.113440630942499254e+01
1.113231806503555532e+01
1.112485171368600767e+01
1.112142092248583580e+01
1.110803807451306113e+01
1.107514150526600005e+01
1.104567582453148944e+01
1.101784508525569883e+01
1.100375732277157326e+01
1.097278276115576290e+01
1.097155087173269905e+01
1.096934006835162556e+01
1.096743814456764099e+01
1.096586023381507502e+01
1.096453808144251951e+01
1.095859356569594745e+01
1.095446900425530146e+01
1.095006524456511876e+01
1.094989303709509265e+01
1.094931297970232187e+01
1.093608921119249544e+01
1.092508695491916448e+01
1.089828074267068381e+01
1.087955511475605341e+01
1.086861019506076076e+01
1.085213900506479234e+01
1.085413043795286114e+01
1.085922651050634435e+01
