2.626218740003540830e+00
2.629306433384325015e+00
2.640732387468836873e+00
2.657539839983122931e+00
2.665229288374055816e+00
2.684279606184297506e+00
2.689552115614067151e+00
2.713998596089081783e+00
2.728965598270717940e+00
2.735703769545838604e+00
2.751078170388757016e+00
2.760367937867245658e+00
2.771679106987286367e+00
2.812859939720898872e+00
2.834518504270027606e+00
2.835633566678992690e+00
2.865968225930785263e+00
2.873106579505671831e+00
2.881779078588993404e+00
2.910730425189615556e+00
2.926579046311520216e+00
2.936542757951399185e+00
2.975799690994228364e+00
2.983745839919141218e+00
3.001670793283956584e+00
3.024699164962444176e+00
3.039513574183550393e+00
3.053443583322118293e+00
3.061656122880807018e+00
3.092831209212194121e+00
3.095477021284444241e+00
3.101403769028490576e+00
3.108799516293851095e+00
3.118737524680049944e+00
3.130084813038898517e+00
3.153246795822714166e+00
3.160404149036317278e+00
3.165955798300190249e+00
3.166145859743044966e+00
3.166774179228887043e+00
3.177852158440374719e+00
3.184535968351752455e+00
3.197409479620969996e+00
3.205956241852552235e+00
3.211757763598446225e+00
3.229509972445129939e+00
3.239200035044259351e+00
3.245972718497803555e+00
