2.150899876093289009e+01
2.150620760526398811e+01
2.148669289403751037e+01
2.142614785557088197e+01
2.138480007664487204e+01
2.126334868327232996e+01
2.123131708996530875e+01
2.111912936393295226e+01
2.107514400250688524e+01
2.105902362397021221e+01
2.102678506204769704e+01
2.100848047603850333e+01
2.098549424629317528e+01
2.087023096870975891e+01
2.077619071672736695e+01
2.077068816107417959e+01
2.060928179061286514e+01
2.057207581162091259e+01
2.052946209545749312e+01
2.041257463044228615e+01
2.036255521271592173e+01
2.033394333336278592e+01
2.021679339464387581e+01
2.018724046250761361e+01
2.010520286479532359e+01
1.995751607901732783e+01
1.983948747186593664e+01
1.972652100031766054e+01
1.966509657185024906e+01
1.948554002707224697e+01
1.947365071260532687e+01
1.944831597381014987e+01
1.941869485690162733e+01
1.938104785911242800e+01
1.933878046482386637e+01
1.924214330934450246e+01
1.920569330150552645e+01
1.917402239048444201e+01
1.917287779597299036e+01
1.916906365127692879e+01
1.909338606884712775e+01
1.903918560551819539e+01
1.891851869116126039e+01
1.883492078042828766e+01
1.878251107580505064e+01
1.866667626093488863e+01
1.863267150153905050e+01
1.861884983170055818e+01
