1.125668683307657680e+00
1.127814871317729173e+00
1.139833727377919992e+00
1.141643784892765412e+00
1.141668674217651169e+00
1.141696442538282286e+00
1.140991297919395686e+00
1.140436960989465121e+00
1.140557820085238205e+00
1.144137873290582252e+00
1.145235861613591588e+00
1.147497762821356293e+00
1.150433020277163321e+00
1.161440634102647751e+00
1.167934044112268754e+00
1.170550373074323858e+00
1.178987135440138445e+00
1.183696172616627296e+00
1.186510442109216523e+00
1.189538175478618287e+00
1.192106895638028519e+00
1.193801634129366240e+00
1.196287743401626580e+00
1.196832167709166006e+00
1.198881183719519017e+00
1.204210194382184795e+00
1.209980790839279452e+00
1.214731778201302292e+00
1.216081122008850324e+00
1.233798424529832127e+00
1.236175856378644911e+00
1.258737218246501977e+00
1.282946660463016642e+00
1.371228769834052397e+00
1.447175970140093471e+00
1.448323779383205556e+00
1.453871883525694519e+00
1.456648646311669681e+00
1.457256654454770262e+00
1.484433340116772415e+00
1.497337608263203723e+00
1.497746396945937919e+00
1.501940043252434132e+00
