2.560008413128243898e+00
2.562901542658448939e+00
2.573639282502206971e+00
2.589583625814058543e+00
2.596972125953375343e+00
2.615590555631691849e+00
2.620803314220672142e+00
2.645025030983087611e+00
2.659783481694216078e+00
2.666399323238892283e+00
2.681424824698838805e+00
2.690456520709012977e+00
2.701405777591827650e+00
2.740846959153799389e+00
2.761380298436202363e+00
2.762435633187776407e+00
2.791204699958782509e+00
2.798015727693773158e+00
2.806320535934661908e+00
2.834267834640036732e+00
2.849677448752767184e+00
2.859390869998673423e+00
2.897757343566618626e+00
2.905529840078301618e+00
2.923061552228610083e+00
2.945591175011649909e+00
2.960118119109957924e+00
2.973830745377321172e+00
2.981942713608115358e+00
3.012866971121225479e+00
3.015496724719205712e+00
3.021388423538212020e+00
3.028740914613532009e+00
3.038618543386493176e+00
3.049888603276381449e+00
3.072836583111199005e+00
3.079903153769539159e+00
3.085372868590684270e+00
3.085559922372336672e+00
3.086178197275235568e+00
3.097050356248458591e+00
3.103579398278756951e+00
3.116082065615378482e+00
3.124340828033187911e+00
3.129940617319108664e+00
3.147118443577590519e+00
3.156541100233523967e+00
3.163145851658158758e+00
