8.942484921951672661e+00
8.945868126397718001e+00
8.956551296582974331e+00
8.966191112230466942e+00
8.968222463939397926e+00
8.971354753609055876e+00
8.973055033627007404e+00
8.989823812402248038e+00
9.005418147757989544e+00
9.013135144050824721e+00
9.031445057952812050e+00
9.042567209624484903e+00
9.055763757094668520e+00
9.095532057801669623e+00
9.108982886394356271e+00
9.109547787129777419e+00
9.123824007839788308e+00
9.127880467189738667e+00
9.133662860472613332e+00
9.160459578574650763e+00
9.179143055868882684e+00
9.191769851970008176e+00
9.242264825686010710e+00
9.251563891350460977e+00
9.269745142825531303e+00
9.285310532270489858e+00
9.291218240463127387e+00
9.296733510853663063e+00
9.301143740711227181e+00
9.329029178424164570e+00
9.332083619987006529e+00
9.339193469297114802e+00
9.348481094963714710e+00
9.361427467143270675e+00
9.376417056122301474e+00
9.405275788595975683e+00
9.413014392291605859e+00
9.418401204101707336e+00
9.418574677235236337e+00
9.419142668333579493e+00
9.427629057811383717e+00
9.431207249556758043e+00
9.435221268974851583e+00
9.437377496673128974e+00
9.439713076230868083e+00
9.455373302860037299e+00
9.469434092847746953e+00
9.481124444359974035e+00
