1.080090816616588612e+01
1.080444678900009947e+01
1.081506248953559002e+01
1.082236769640159935e+01
1.082236450185362031e+01
1.081903741154726895e+01
1.081902748617848609e+01
1.083019419558781493e+01
1.084392005019921612e+01
1.085101276541180404e+01
1.086811731747305387e+01
1.087852212358663273e+01
1.089071624023361551e+01
1.092370496769922639e+01
1.093053644442475836e+01
1.093070024654403305e+01
1.093286875877022446e+01
1.093407784300074859e+01
1.093658685176168888e+01
1.095437642830349212e+01
1.096919743882019560e+01
1.097960539200306407e+01
1.102080853784448067e+01
1.102770180590865223e+01
1.103911218386499016e+01
1.104228080479918539e+01
1.103816419938545579e+01
1.103400500361645875e+01
1.103311906072493898e+01
1.104532263277625326e+01
1.104732511228367287e+01
1.105218704433683286e+01
1.105883628446245304e+01
1.106841756468917559e+01
1.107962434203278868e+01
1.109989308072918845e+01
1.110442780347155178e+01
1.110704760488417087e+01
1.110712135864937267e+01
1.110735719172094882e+01
1.110929443976326958e+01
1.110822617804206125e+01
1.110201490593666485e+01
1.109718753198498398e+01
1.109519707700582813e+01
1.110155218880743178e+01
1.111305774756135456e+01
1.112381053067853465e+01
