1.169171253160917301e+00
1.170979362441130878e+00
1.180933715172725718e+00
1.182281078398553564e+00
1.182292633616594202e+00
1.182261007853199875e+00
1.181585754343619454e+00
1.181327882369616278e+00
1.181537657873042102e+00
1.185782958154361078e+00
1.187013508046052657e+00
1.189527001455718436e+00
1.192770040799263631e+00
1.204961593779744211e+00
1.212268552306239311e+00
1.215252802093979456e+00
1.225113352345811535e+00
1.230863705399162900e+00
1.234446928040898062e+00
1.238509158888704498e+00
1.242251107017514178e+00
1.244954858087781169e+00
1.248912404292399136e+00
1.249684137996694311e+00
1.252324517915660573e+00
1.258361719782742361e+00
1.264493587607740999e+00
1.269438672879022789e+00
1.270834330278662661e+00
1.289013253720835417e+00
1.291443715380970136e+00
1.314498919239570851e+00
1.339264944678177693e+00
1.429439623777653656e+00
1.505036547724639240e+00
1.506165768075020672e+00
1.511630489454771409e+00
1.514370993548321609e+00
1.514971670552011318e+00
1.542173063337314742e+00
1.555407999616153836e+00
1.555831010566000927e+00
1.560183853094226469e+00
