7.077179896842246798e+00
7.086580914506095397e+00
7.168286340813803115e+00
7.210088288911387977e+00
7.212261786415127496e+00
7.225641493165961826e+00
7.263234667018877211e+00
7.303684275490759603e+00
7.312359317614695264e+00
7.365753868541752958e+00
7.375069803046906181e+00
7.391912571286188616e+00
7.411171817398320094e+00
7.474131835821025582e+00
7.509651046762829019e+00
7.524139193791588909e+00
7.572897177629722698e+00
7.602538250916381024e+00
7.621701477095460753e+00
7.644224575581295866e+00
7.665651697599604297e+00
7.680933061451126420e+00
7.699379492926104795e+00
7.702120271583495992e+00
7.710058985083020566e+00
7.725322566196179963e+00
7.740686531436544726e+00
7.753544538988329293e+00
7.757251114600874686e+00
7.807992485853995746e+00
7.815040971095094768e+00
7.883550175238064561e+00
7.958098706326864225e+00
8.190157678371033256e+00
8.246887914728395330e+00
8.246986931381586672e+00
8.247832282252584690e+00
8.248558261018397175e+00
8.248750345827692954e+00
8.275768641916565471e+00
8.304705878553358289e+00
8.305806523891638093e+00
8.317742793882173302e+00
