6.841949822943934123e+01
6.831843371716880142e+01
6.783182581960610946e+01
6.675360555161519471e+01
6.611922083141639916e+01
6.439309789819377272e+01
6.394114469259280753e+01
6.221543542184618758e+01
6.139800661930290460e+01
6.106754033818941707e+01
6.037187644728871305e+01
5.997943869767356517e+01
5.952044926730285823e+01
5.793597365577299740e+01
5.712547887704101157e+01
5.708423165649458042e+01
5.601326916537514222e+01
5.578500211779456208e+01
5.552483558384241746e+01
5.480343832535409376e+01
5.449855417278052272e+01
5.433459312466061419e+01
5.384857581223505463e+01
5.377410906448663752e+01
5.362877983438079355e+01
5.349076023899583987e+01
5.344383506326136768e+01
5.343942634954126447e+01
5.345375203922957041e+01
5.357576367214060298e+01
5.358878814588150163e+01
5.361880096279652719e+01
5.365772671792125692e+01
5.371264023154372325e+01
5.377988432352436377e+01
5.394277485573039854e+01
5.400442038303523162e+01
5.405759863963713485e+01
5.405951338802181994e+01
5.406589025830900397e+01
5.419142403740750780e+01
5.428056124335974886e+01
5.447976073344072745e+01
5.462242597280305034e+01
5.471693594420500517e+01
5.496774226315693568e+01
5.507963148793282926e+01
5.515015252474942287e+01
