4.133472519044707951e+02
4.131354221483684910e+02
4.122127185216697853e+02
4.103856272048073492e+02
4.093505763618341575e+02
4.064814322920626637e+02
4.056934133269989502e+02
4.024474788453379119e+02
4.007536753658896487e+02
4.000382558412269987e+02
3.984722421341127188e+02
3.975502329192211732e+02
3.964312102174958454e+02
3.920790483394126227e+02
3.893903620136996437e+02
3.892419887906225995e+02
3.849137738283964723e+02
3.838563469514443227e+02
3.825811119137177911e+02
3.785212895516132789e+02
3.764370755364049614e+02
3.751578722515951654e+02
3.700278838773492112e+02
3.689013560378339776e+02
3.661283440114386281e+02
3.619233354890427563e+02
3.588660603907112545e+02
3.559562202545060927e+02
3.543146776696838742e+02
3.488436632208370725e+02
3.484257774702004440e+02
3.475070077903056358e+02
3.463864660414861305e+02
3.449070549032618942e+02
3.432222479638617756e+02
3.396223563710893245e+02
3.384151485644462696e+02
3.374310762611352743e+02
3.373965444348989422e+02
3.372819654484551393e+02
3.351448005227452995e+02
3.337369860882903936e+02
3.307970061264974220e+02
3.287885764108577291e+02
3.274782265846570795e+02
3.240445814221126284e+02
3.225544882123654133e+02
3.216452831997716544e+02
