1.353464970883004659e+00
1.336570388917259766e+00
1.234398307651564553e+00
1.213458501773482912e+00
1.212953927742499216e+00
1.211096923182114038e+00
1.216687737707520256e+00
1.236349728750166577e+00
1.241602144921598594e+00
1.274898813864695279e+00
1.280414226332864613e+00
1.290046377074460571e+00
1.300587077707858530e+00
1.333292269080978754e+00
1.352004813429998675e+00
1.359944614145714770e+00
1.388833661431135180e+00
1.408722439936702209e+00
1.422906449415170860e+00
1.441370218966379957e+00
1.461431806637101483e+00
1.477868815955964088e+00
1.500403705500820140e+00
1.503766569729909186e+00
1.512579346588148743e+00
1.524563145157742827e+00
1.533186279613865333e+00
1.539600169336191815e+00
1.541399499803516537e+00
1.566012690538565622e+00
1.569528782799718636e+00
1.605463341913368147e+00
1.648075408766799921e+00
1.803304799698463912e+00
1.853732202914200933e+00
1.853896207481174008e+00
1.854922387380328441e+00
1.855640331042304414e+00
1.855820670352872570e+00
1.877695027241973014e+00
1.900780701905450343e+00
1.901662482758683881e+00
1.911243528240500256e+00
