2.024012091909535229e+02
2.029570951140403281e+02
2.083180518259648579e+02
2.115828225764413730e+02
2.117652509513036705e+02
2.129183376915266876e+02
2.164378563620619502e+02
2.205856016025379347e+02
2.214943254593234201e+02
2.269036703998867779e+02
2.277900276029894258e+02
2.293424440130531252e+02
2.310428736515854666e+02
2.361837451803105239e+02
2.389340326896067381e+02
2.400527352506095724e+02
2.439286087884175345e+02
2.464930177638661917e+02
2.483190824179611411e+02
2.507561281584870869e+02
2.535941817366593227e+02
2.562136555015187014e+02
2.607125343230127896e+02
2.615369261661112432e+02
2.639705149713851142e+02
2.678084865730890556e+02
2.704589173830548248e+02
2.721507149758829769e+02
2.725809784269981719e+02
2.770970129986686175e+02
2.776012793990139471e+02
2.817885747859302228e+02
2.856109950761126584e+02
2.984136904299144248e+02
3.117258182953377172e+02
3.119461090970724513e+02
3.130079786360701064e+02
3.135363312350432352e+02
3.136516393978271822e+02
3.185565182648119276e+02
3.206526971804985919e+02
3.207163741071705658e+02
3.213600270081864778e+02
