8.491212194575346075e+02
8.492674627548603894e+02
8.498667176569319963e+02
8.509565287626899135e+02
8.515498138170383982e+02
8.531848946236641495e+02
8.536394156155422479e+02
8.555512579908148609e+02
8.565698077756475186e+02
8.570025784032169440e+02
8.579521223495620461e+02
8.585108975098983137e+02
8.591866774728380278e+02
8.617450374764646313e+02
8.632308478808571408e+02
8.633103510401715539e+02
8.655281868828038796e+02
8.660464562940651376e+02
8.666637289558220800e+02
8.686017963158986959e+02
8.695948292753753321e+02
8.702053495113048029e+02
8.726346811133314532e+02
8.731559481578709665e+02
8.744092368450910726e+02
8.762317883811668935e+02
8.775188251454860620e+02
8.787368613738814247e+02
8.794276318685307388e+02
8.817714537150816341e+02
8.819529604693857436e+02
8.823527267602606798e+02
8.828409999050282977e+02
8.834852870725189860e+02
8.842158390655387166e+02
8.857527243910689094e+02
8.862582718858293447e+02
8.866663100382800167e+02
8.866805613668428805e+02
8.867278157719129013e+02
8.876001483238918581e+02
8.881657074779386676e+02
8.893261215741350725e+02
8.901055265132921477e+02
8.906096325179746600e+02
8.919213794609706838e+02
8.924902087278312592e+02
8.928384303638166557e+02
