2.637310301883844659e+02
2.636933468799688285e+02
2.635253873840568417e+02
2.631805475934584706e+02
2.629802236380344880e+02
2.624111925748590579e+02
2.622518485496723883e+02
2.615831354677536638e+02
2.612265461421013129e+02
2.610742953548025298e+02
2.607372701513251059e+02
2.605361329418096830e+02
2.602888980162987878e+02
2.592868121970921038e+02
2.586313833272473630e+02
2.585944268974179181e+02
2.574854659723264945e+02
2.572067531394307593e+02
2.568672792322209943e+02
2.557654696541692374e+02
2.551889108292620847e+02
2.548317229265505546e+02
2.533764120486125080e+02
2.530524285933371686e+02
2.522490296559139153e+02
2.510160223719668124e+02
2.501089749409105423e+02
2.492376636059158272e+02
2.487428549639129187e+02
2.470793935449584637e+02
2.469516125723519622e+02
2.466704031864867090e+02
2.463269962885989628e+02
2.458729923272375402e+02
2.453552751367556368e+02
2.442473419910836014e+02
2.438754400730664713e+02
2.435722079939679645e+02
2.435615667014943142e+02
2.435262579062953137e+02
2.428676994045969195e+02
2.424340787885713553e+02
2.415298115618762154e+02
2.409136127738002529e+02
2.405124268179920364e+02
2.394641483333249425e+02
2.390100797627789859e+02
2.387329982495038223e+02
