1.059748267870420513e+01
1.060080167241028093e+01
1.061060278255843237e+01
1.061669738860203083e+01
1.061613081881357701e+01
1.061137211534766323e+01
1.061095930093386563e+01
1.062026540074690217e+01
1.063288127556148588e+01
1.063948495479782430e+01
1.065550288078482311e+01
1.066527333886605966e+01
1.067672109667190483e+01
1.070730821073708761e+01
1.071314150349777350e+01
1.071325964922675666e+01
1.071437193332197069e+01
1.071536923225188431e+01
1.071762910645669464e+01
1.073460327745069520e+01
1.074897987363409513e+01
1.075911396290719146e+01
1.079938499099267801e+01
1.080614348148184334e+01
1.081736522774874487e+01
1.082060861631897808e+01
1.081673572142724460e+01
1.081286829624064083e+01
1.081214430325081644e+01
1.082473248344008177e+01
1.082675186333746709e+01
1.083164559463224919e+01
1.083832564944109400e+01
1.084794046030121351e+01
1.085918833230603830e+01
1.087963097211671837e+01
1.088426870413868208e+01
1.088699287554123352e+01
1.088707063382292617e+01
1.088731992107777025e+01
1.088955427268423293e+01
1.088872577449822820e+01
1.088309214440345585e+01
1.087867505694743819e+01
1.087693434144694038e+01
1.088375042242743085e+01
1.089530743798305323e+01
1.090602787276109886e+01
