3.229513178351044189e+01
3.233472867062837963e+01
3.249590885085709147e+01
3.278734531176560552e+01
3.294604582301733586e+01
3.338438459613022502e+01
3.350631853273411309e+01
3.401862988408843336e+01
3.429123021915922465e+01
3.440705539384772038e+01
3.466130882089723286e+01
3.481103888882547182e+01
3.499219998751925687e+01
3.567285303361841642e+01
3.604757116570350917e+01
3.606662150615414930e+01
3.652210041159999321e+01
3.659951092717607679e+01
3.667325681836770457e+01
3.676282415756303834e+01
3.672841293998218504e+01
3.668459124588878950e+01
3.638549112836474819e+01
3.629953177894150684e+01
3.605545986298385941e+01
3.556764714532858562e+01
3.510175090394845654e+01
3.457302013403472074e+01
3.424575749816571602e+01
3.308937110301579310e+01
3.300031127310595025e+01
3.280464282378707708e+01
3.256557389457712048e+01
3.224618182098423347e+01
3.186947697235386556e+01
3.096307974813007036e+01
3.061260752741083735e+01
3.030571621563328932e+01
3.029458570977866572e+01
3.025747513837935188e+01
2.951406382013291108e+01
2.897091716392563399e+01
2.770511784870813088e+01
2.674379376014389109e+01
2.607470090588738998e+01
2.413775616974502825e+01
2.318644667404354109e+01
2.255956037992068275e+01
