1.319235679468167444e+00
1.319974821574454893e+00
1.322668783192860520e+00
1.326614456752610138e+00
1.328516267735099010e+00
1.334081948325052114e+00
1.335914019695258803e+00
1.345826545893414439e+00
1.352695419781278607e+00
1.355930442734260666e+00
1.363610307257881127e+00
1.368453170833153543e+00
1.374573620326229317e+00
1.399638379652807352e+00
1.415376589327472123e+00
1.416247472044407152e+00
1.442100591649016827e+00
1.448645582287565903e+00
1.456711627988945601e+00
1.483784854332241832e+00
1.498389491015237773e+00
1.507463249736973099e+00
1.542740440438915783e+00
1.549894595205735470e+00
1.566266819891989348e+00
1.588187889089461846e+00
1.602940889130659130e+00
1.617034386139518887e+00
1.625294177077105884e+00
1.655554166494417334e+00
1.658039435581696308e+00
1.663567848097456059e+00
1.670400927568324478e+00
1.679493476130758278e+00
1.689795964952080842e+00
1.710824102491306675e+00
1.717400847692125199e+00
1.722554726910775491e+00
1.722732156468715248e+00
1.723319222507794013e+00
1.733816617236315194e+00
1.740307174853346739e+00
1.753138882894277772e+00
1.761759456182952155e+00
1.767546805750597638e+00
1.784457854476166894e+00
1.793136044546772778e+00
1.799006969606149919e+00
