2.794834080379249741e+00
2.794743865903714042e+00
2.794817739267629442e+00
2.794921466548147215e+00
2.794857047200404843e+00
2.794929126938499486e+00
2.795054585297759520e+00
2.795003210122776416e+00
2.795062039409855092e+00
2.795213087592515411e+00
2.795178433882157254e+00
2.795228923867969062e+00
2.795403021300550073e+00
2.795383614457595645e+00
2.795434491548052236e+00
2.795631322712891720e+00
2.795608874901171159e+00
2.795685185951288787e+00
2.795889493635833833e+00
2.795749142276594323e+00
2.797786444462401434e+00
