3.217614527791738510e+00
3.240516764334075983e+00
3.461983230657332822e+00
3.596908428314913753e+00
3.604445919464671633e+00
3.652085943211731411e+00
3.797500024075916691e+00
3.968966702195233509e+00
4.006550930322245740e+00
4.230350814252870961e+00
4.267024482429031096e+00
4.331253121355036484e+00
4.401598130048295587e+00
4.614219733877232166e+00
4.727941522119034623e+00
4.774193390122140279e+00
4.934410400415036868e+00
5.040391641406992029e+00
5.115850794120412104e+00
5.216554781633306881e+00
5.333833539536318114e+00
5.442081580416486375e+00
5.627958016428511456e+00
5.662013943203382027e+00
5.762575841788784459e+00
5.921620715249116707e+00
6.032383953258376508e+00
6.103848811161792121e+00
6.122151625764131744e+00
6.318535230565949234e+00
6.341042977362377542e+00
6.533035368564707568e+00
6.714902011959670070e+00
7.269770401208361044e+00
7.480417063781866993e+00
7.480161479602087660e+00
7.477248050142256020e+00
7.474734308727986054e+00
7.474088858171324290e+00
7.408515461051459638e+00
7.350056162887502964e+00
7.347892240458062219e+00
7.324551585700787015e+00
