1.947789186536724415e+01
1.948321305880729781e+01
1.949804612942546811e+01
1.950353998751236162e+01
1.949945438169332590e+01
1.948265205477779816e+01
1.947976008243546175e+01
1.948849904640135478e+01
1.950766354451574713e+01
1.951818568915472696e+01
1.954427712004467566e+01
1.956038650193787021e+01
1.957930824277288906e+01
1.962855728036207026e+01
1.963589980960949788e+01
1.963594852148344572e+01
1.963376819090545311e+01
1.963474297333917207e+01
1.963793793494579987e+01
1.966658349929129557e+01
1.969197528905022665e+01
1.971006174988294646e+01
1.978264807597110675e+01
1.979491017323911350e+01
1.981535664594959201e+01
1.982155541713072822e+01
1.981494332635082500e+01
1.980856187862740114e+01
1.980774768205985126e+01
1.983317725286797284e+01
1.983709969963013364e+01
1.984657465511414642e+01
1.985946808899467086e+01
1.987799854397295718e+01
1.989970465937249244e+01
1.993962603290282232e+01
1.994896492185274539e+01
1.995464151151650611e+01
1.995480798846795523e+01
1.995534436690320135e+01
1.996091298265001157e+01
1.996035198438626779e+01
1.995198521628723043e+01
1.994519902033060887e+01
1.994285504490544270e+01
1.995756943555167950e+01
1.997973650519106670e+01
1.999999930058852371e+01
