1.139118878361831477e+01
1.139372762128012972e+01
1.139996659326133788e+01
1.139840148326731928e+01
1.139322882477022070e+01
1.137509229616026296e+01
1.137092671769170238e+01
1.136483470910966531e+01
1.136952253590183837e+01
1.137278108931672449e+01
1.138140990828967780e+01
1.138674081528445292e+01
1.139266120514304781e+01
1.139980357997747795e+01
1.138977165518702250e+01
1.138899518920436371e+01
1.136366252374414998e+01
1.135816681849640375e+01
1.135259630591158775e+01
1.134454069243338026e+01
1.134588022727067624e+01
1.134790326754950840e+01
1.135461810592409648e+01
1.135379753353549503e+01
1.134611448482020712e+01
1.132017371789006077e+01
1.129476004269844047e+01
1.127015895874720464e+01
1.125765131891970405e+01
1.123071959451804602e+01
1.122971714736048021e+01
1.122797000367812004e+01
1.122655730738698132e+01
1.122549728447507533e+01
1.122459104641566263e+01
1.121895907670410608e+01
1.121478182026459081e+01
1.121028345222083189e+01
1.121010712624537042e+01
1.120951302615643996e+01
1.119592698433167577e+01
1.118459130261771861e+01
1.115688289982385051e+01
1.113740301466201821e+01
1.112591265992709211e+01
1.110782692387455661e+01
1.110903487780275434e+01
1.111362697098473440e+01
