4.200607442522523343e+02
4.200751515660107884e+02
4.201363538207247643e+02
4.202538469181422442e+02
4.203196920466686493e+02
4.205030798842023501e+02
4.205540003720701066e+02
4.207667643115813121e+02
4.208794833467776471e+02
4.209273691068745507e+02
4.210326462692103746e+02
4.210948579600701009e+02
4.211705013701492248e+02
4.214638112574556317e+02
4.216418763162745336e+02
4.216516020293173028e+02
4.219310323471047468e+02
4.219983353388823843e+02
4.220792327122483698e+02
4.223363808818430698e+02
4.224688493698449747e+02
4.225503349145635639e+02
4.228759986172037202e+02
4.229466226235340969e+02
4.231182563602606592e+02
4.233727776279025079e+02
4.235550607898977660e+02
4.237280983822223561e+02
4.238260144080762757e+02
4.241555776145815457e+02
4.241809371326644964e+02
4.242367405997900391e+02
4.243048372869467357e+02
4.243946726699616079e+02
4.244966477651238961e+02
4.247121850399059895e+02
4.247835017949429925e+02
4.248412324892972265e+02
4.248432515830130001e+02
4.248499478066807455e+02
4.249739260394568419e+02
4.250546583796334517e+02
4.252210679412285685e+02
4.253333061208987260e+02
4.254060443457161114e+02
4.255955669737263065e+02
4.256777140584190420e+02
4.257279392465879369e+02
