5.397267989683432354e+00
5.400248320982408146e+00
5.410461348127651782e+00
5.422845201533652570e+00
5.427525521109976658e+00
5.438667061860144258e+00
5.442227662044098579e+00
5.463021277261708164e+00
5.478196776986082206e+00
5.485327271442734798e+00
5.501854185369563943e+00
5.511817762821333844e+00
5.523734695809069173e+00
5.562714226623536540e+00
5.579363927709267479e+00
5.580155374660650480e+00
5.601071272729529760e+00
5.606327511620403214e+00
5.613139596156583089e+00
5.639691317298882289e+00
5.656328138340008138e+00
5.667278692871914991e+00
5.711280753574744296e+00
5.719826763508922163e+00
5.737794994245895452e+00
5.756857856260880091e+00
5.766535181269184740e+00
5.774839957956298342e+00
5.779907575538731912e+00
5.802416477242548609e+00
5.804539237825209419e+00
5.809368237886776143e+00
5.815492135670512930e+00
5.823772632082309109e+00
5.833081636792350366e+00
5.850326315163566271e+00
5.854787035455672140e+00
5.857833340354820173e+00
5.857930427334261836e+00
5.858247803662315789e+00
5.862861641683140945e+00
5.864674585468564239e+00
5.866423420582916215e+00
5.867343199880608928e+00
5.868547865126354068e+00
5.877633651100868661e+00
5.886031693381319485e+00
5.893050698473150995e+00
