8.049067121246525858e+01
8.039804557001247076e+01
7.992415197920485070e+01
7.881614271052754361e+01
7.815260614655269933e+01
7.632415174412555814e+01
7.583647916477190165e+01
7.390425725661219758e+01
7.293774941728617023e+01
7.253726909289729008e+01
7.167712669822627447e+01
7.118141482791990882e+01
7.058959205422902983e+01
6.831761225088806100e+01
6.682644877073389011e+01
6.674036969656704343e+01
6.404900990538919814e+01
6.334881441063777885e+01
6.249202217858538688e+01
5.974866144016999669e+01
5.836680233807391716e+01
5.753034594854559458e+01
5.414960507440375892e+01
5.336890179589986616e+01
5.134130890434963845e+01
4.797446086534840504e+01
4.537268902834442486e+01
4.286237060405722588e+01
4.146117898676110514e+01
3.703330739505135227e+01
3.671524208833152159e+01
3.602672569935057822e+01
3.520660422774952281e+01
3.415470341474597404e+01
3.299429915272722269e+01
3.061261191922663016e+01
2.983327301763175754e+01
2.920221106625628238e+01
2.918012071233320270e+01
2.910684600287702395e+01
2.774503157383028196e+01
2.685120807182482139e+01
2.499028850214556030e+01
2.372790181401179055e+01
2.291310209093036931e+01
2.085029986318700779e+01
2.001297389233121748e+01
1.952908883899856107e+01
