1.161530470886079236e+01
1.161929341185385844e+01
1.163146871988037390e+01
1.164075680345457364e+01
1.164157279092552422e+01
1.164046007956540940e+01
1.164120076404825710e+01
1.165675795011910054e+01
1.167369602920216742e+01
1.168231359555778859e+01
1.170301960154525744e+01
1.171565978949206333e+01
1.173061763759740117e+01
1.177394447021239898e+01
1.178645012543524118e+01
1.178691409757136732e+01
1.179773415888445065e+01
1.180114169562381399e+01
1.180640896594045763e+01
1.183401553968971420e+01
1.185453242759211356e+01
1.186861770512193637e+01
1.192501195383673718e+01
1.193513534352999983e+01
1.195408846580371254e+01
1.196762312036445053e+01
1.197063218052296207e+01
1.197340661736148704e+01
1.197665155218425781e+01
1.200445830713945305e+01
1.200777505872311579e+01
1.201557778262798770e+01
1.202589406754239221e+01
1.204040876727771447e+01
1.205727733696252102e+01
1.208932684822426040e+01
1.209760352607586320e+01
1.210317253798299575e+01
1.210334806400011054e+01
1.210392074199383039e+01
1.211190506551804624e+01
1.211459011899840910e+01
1.211578446065776227e+01
1.211587991768035444e+01
1.211715556479979483e+01
1.213286232758822081e+01
1.214907552395913015e+01
1.216298842713791117e+01
