8.521348129973648611e+01
8.512018785622895223e+01
8.465324020920790815e+01
8.358206170311596850e+01
8.294398874926388032e+01
8.118477325097579467e+01
8.071467220794306741e+01
7.885001260625996622e+01
7.791716872831300122e+01
7.753053040431022680e+01
7.669923452347850912e+01
7.621918543039413407e+01
7.564477536103890998e+01
7.342959958171380208e+01
7.197995396804171264e+01
7.189660172030201579e+01
6.930704000882161608e+01
6.863688160040719310e+01
6.781757047862572563e+01
6.519151820526020913e+01
6.386337284994464625e+01
6.305735357946592501e+01
5.979753739223685471e+01
5.904807776179053747e+01
5.711129186889104403e+01
5.391929245061849940e+01
5.146224420851118708e+01
4.909125728131869693e+01
4.776536986793647088e+01
4.354626095493464533e+01
4.324029526522948430e+01
4.257587821321432386e+01
4.178002383768230743e+01
4.075028303501168381e+01
3.959900178711001217e+01
3.716337853645332956e+01
3.633845727023443573e+01
3.565829109018928023e+01
3.563427205728694958e+01
3.555449547592191095e+01
3.404111434603470343e+01
3.301373572370060572e+01
3.077777597780533370e+01
2.917736448563208995e+01
2.810310905571412476e+01
2.519951089562491475e+01
2.391649645214331343e+01
2.313350735053359486e+01
