3.997961799011483208e+01
3.998070288852761678e+01
3.998176939570879540e+01
3.998281775293219198e+01
3.998384515577492948e+01
3.998484920370850659e+01
3.998582781300450506e+01
3.998677924113405879e+01
3.998770207934438758e+01
3.998859532460852506e+01
3.998945844051542053e+01
3.999029136189602696e+01
3.999109452741242876e+01
3.999186887968181736e+01
3.999261592590403325e+01
3.999333778335034140e+01
3.999403719252012479e+01
3.999471754072533258e+01
3.999538287040695650e+01
3.999603811181907531e+01
3.999668562462983346e+01
