7.203017420028912099e+00
7.201944123375818130e+00
7.194696626401098527e+00
7.172654494257267643e+00
7.157673531739163764e+00
7.113658447730128565e+00
7.102022441929484842e+00
7.061135849003507658e+00
7.045103558799997501e+00
7.039259680670657993e+00
7.027699124935869790e+00
7.021240985780555555e+00
7.013242862946795775e+00
6.973924853043571126e+00
6.941819914006375214e+00
6.939932691371743623e+00
6.884011029992203490e+00
6.870934187932113524e+00
6.855847288401159645e+00
6.813708118046894135e+00
6.795289868423729729e+00
6.784681829183539570e+00
6.741669398203155694e+00
6.731064538307269807e+00
6.702071538187836630e+00
6.650859523283147112e+00
6.610396434658552423e+00
6.571898701980150470e+00
6.551050784301507335e+00
6.490644630596500875e+00
6.486693504085516260e+00
6.478307017035577431e+00
6.468566999086680092e+00
6.456304475446036584e+00
6.442697691235828472e+00
6.412050346709548876e+00
6.400569549348153586e+00
6.390602498247266894e+00
6.390242322310418999e+00
6.389042100140089886e+00
6.365217215917491345e+00
6.348130904403861408e+00
6.310014329527601440e+00
6.283561793522581596e+00
6.266972705424096013e+00
6.230392561086935288e+00
6.219763770741607800e+00
6.215520616183786373e+00
