1.456295719261089161e+01
1.456347720300735560e+01
1.453058411682437878e+01
1.447840083958038448e+01
1.447483807508983311e+01
1.445087479497955130e+01
1.436426579950737015e+01
1.424403212228023285e+01
1.421626224867791599e+01
1.405092539988625866e+01
1.402486066782958751e+01
1.398051731653783136e+01
1.393416644727414422e+01
1.380974489567613617e+01
1.375192691009125490e+01
1.372962904213401458e+01
1.365458433102326730e+01
1.360369095609849133e+01
1.356517262365118448e+01
1.350923276639614734e+01
1.343580390735143126e+01
1.335917060278294244e+01
1.320884138855714163e+01
1.317921625021521947e+01
1.308939123353285083e+01
1.294539779283170589e+01
1.284882725765466560e+01
1.279001642607135025e+01
1.277550422776026728e+01
1.263584294104286876e+01
1.262172786188666151e+01
1.251422083091581250e+01
1.242401300160270772e+01
1.197745688316010870e+01
1.097502405370464373e+01
1.095536953046193318e+01
1.086074869446981062e+01
1.081390046993638698e+01
1.080371025361345971e+01
1.039705267454348991e+01
1.025168642193131063e+01
1.024765552951370573e+01
1.020834170830718435e+01
