2.299766182866108455e+00
2.304839542121463136e+00
2.350275379281995480e+00
2.374850888996876463e+00
2.376160582697792734e+00
2.384297327799691946e+00
2.407832652971725107e+00
2.433941084443123959e+00
2.439563240528993315e+00
2.473510768093272638e+00
2.479265399212779553e+00
2.489537495646111154e+00
2.501096986896230057e+00
2.538007187180251645e+00
2.558688256168519803e+00
2.567189766843481546e+00
2.596520958789312772e+00
2.615350119560395648e+00
2.628237834797445771e+00
2.644554845667438148e+00
2.662085818795000947e+00
2.676808049566044012e+00
2.699307368155435150e+00
2.703159899561499824e+00
2.714323985524359717e+00
2.732233101362614658e+00
2.745675883656896410e+00
2.755021888284684639e+00
2.757512170635149751e+00
2.786818442484865876e+00
2.790467070668481764e+00
2.823526104571320250e+00
2.857038050471301549e+00
2.963486107629752286e+00
3.021917807707029890e+00
3.022707651869534384e+00
3.026677304426131698e+00
3.028777689344920088e+00
3.029249271832495705e+00
3.056134415420992845e+00
3.073648958447429358e+00
3.074256062051378802e+00
3.080665632337717952e+00
