1.947878557745865180e+01
1.948410407090777952e+01
1.949892691613092310e+01
1.950440565671704007e+01
1.950031365982042786e+01
1.948349959444384893e+01
1.948060560170895883e+01
1.948933916393881205e+01
1.950850099876669574e+01
1.951902167753922157e+01
1.954510870287216306e+01
1.956121452522268100e+01
1.958013084304531404e+01
1.962934791666956968e+01
1.963666568682181790e+01
1.963671301651640988e+01
1.963449518885575529e+01
1.963546216061820715e+01
1.963864860221271158e+01
1.966727382016792802e+01
1.969265882819059499e+01
1.971074207244117815e+01
1.978331846935132177e+01
1.979557814422777540e+01
1.981601698984735904e+01
1.982219822266908338e+01
1.981556843951867819e+01
1.980916631567240316e+01
1.980833881267222196e+01
1.983371504846737921e+01
1.983763280605321810e+01
1.984709711328624948e+01
1.985997690389601189e+01
1.987848817355708775e+01
1.990017069967144181e+01
1.994003489581812261e+01
1.994935243153518911e+01
1.995501079101350328e+01
1.995517661486223915e+01
1.995571081977426076e+01
1.996123709499867616e+01
1.996064640439908189e+01
1.995221347589259508e+01
1.994537935140981233e+01
1.994300317074533879e+01
1.995763086333583303e+01
1.997975978896304028e+01
1.999999930048576502e+01
