9.320898145248793298e+02
9.322500299021455703e+02
9.329065407096275067e+02
9.341004841992139518e+02
9.347504590751216256e+02
9.365417751689537909e+02
9.370397262395413236e+02
9.391342462049288997e+02
9.402501184268645602e+02
9.407242403096419139e+02
9.417645134011012260e+02
9.423766797732807845e+02
9.431170308347670925e+02
9.459198406995168398e+02
9.475476167466149491e+02
9.476347162188189941e+02
9.500644613568319983e+02
9.506322505214656076e+02
9.513085024527105134e+02
9.534317463149714058e+02
9.545196591252262124e+02
9.551885116955259036e+02
9.578499558956357305e+02
9.584210278616568530e+02
9.597940623585271851e+02
9.617907525400330542e+02
9.632007686745516821e+02
9.645351878135223842e+02
9.652919468615131109e+02
9.678593915719100096e+02
9.680581845464078015e+02
9.684960011335608669e+02
9.690307027409041893e+02
9.697361662423111284e+02
9.705359514887410342e+02
9.722179514884575156e+02
9.727710558610298222e+02
9.732174068609576807e+02
9.732329951193225952e+02
9.732846819025468221e+02
9.742386660312515687e+02
9.748569758653713961e+02
9.761251228044969821e+02
9.769765114063735609e+02
9.775270394115984800e+02
9.789593865630434948e+02
9.795806560527803413e+02
9.799611191444014366e+02
