2.893852818608283997e+02
2.896843330463728989e+02
2.926269645771768637e+02
2.944261548397781212e+02
2.945246966279593153e+02
2.951392315131107011e+02
2.968909256381067507e+02
2.986313038866177294e+02
2.989616028848320752e+02
3.006096785791880848e+02
3.008409551914670601e+02
3.012307613416671757e+02
3.016433559739650718e+02
3.028706826210840291e+02
3.035319181410123974e+02
3.037991880863905862e+02
3.046904488130730897e+02
3.052269373434571662e+02
3.055739317750142163e+02
3.059886294582036612e+02
3.064071114240769020e+02
3.067442921446381092e+02
3.072474404974968252e+02
3.073304090796829655e+02
3.075535113941878080e+02
3.078010781836777596e+02
3.078513803124999981e+02
3.078125003398175750e+02
3.077925413244176411e+02
3.073094767664166511e+02
3.072234069724395340e+02
3.062701839996948365e+02
3.050809376400860060e+02
2.995559100853369046e+02
2.901967271900890069e+02
2.900080598868064499e+02
2.890887959073905904e+02
2.886258838148424957e+02
2.885244137563145159e+02
2.840928726201635754e+02
2.821323736952762715e+02
2.820719546252598207e+02
2.814576053798935504e+02
