7.856511771925694347e+02
7.852089971158809476e+02
7.833116068368758533e+02
7.796280572399830362e+02
7.775595566522264335e+02
7.718314071229461888e+02
7.702532005103809070e+02
7.637146408255057395e+02
7.602797423518900359e+02
7.588252002181155831e+02
7.556357412537605569e+02
7.537557187623250456e+02
7.514736278073037283e+02
7.426362454783710518e+02
7.372448170991904135e+02
7.369492050391287421e+02
7.284033340863634294e+02
7.263328516905464767e+02
7.238408986180337479e+02
7.159170407449503273e+02
7.118412793656119675e+02
7.093352400002651166e+02
6.992726244521786612e+02
6.970673939741451477e+02
6.916564621223415088e+02
6.834972972448274504e+02
6.775814027523604182e+02
6.719416397134339149e+02
6.687492745613582201e+02
6.580251364661299931e+02
6.572004401393326134e+02
6.553848329543005775e+02
6.531664939088112760e+02
6.502323282706357759e+02
6.468858131592185146e+02
6.397299961775246402e+02
6.373312895833360017e+02
6.353767895698388202e+02
6.353082196928627354e+02
6.350807070667112839e+02
6.308391016541397676e+02
6.280468873295070580e+02
6.222181793214923573e+02
6.182352700046321843e+02
6.156346003335544310e+02
6.088025305019324378e+02
6.058246415937171605e+02
6.040018733094843810e+02
