1.122517555761056762e+01
1.122486391106238912e+01
1.119957115523590119e+01
1.116593287442956850e+01
1.116370749741850688e+01
1.114890828634999842e+01
1.109744034945152080e+01
1.103062682635239611e+01
1.101599025259974418e+01
1.093645803030612029e+01
1.092537243979987949e+01
1.090767124903510599e+01
1.089096013288534515e+01
1.085780724885478143e+01
1.084944542170251225e+01
1.084740403394100206e+01
1.084358050465536927e+01
1.084121112560527678e+01
1.083824306868056375e+01
1.083138409036456018e+01
1.081791587672468147e+01
1.079964405730461863e+01
1.075665588876487533e+01
1.074765026007776392e+01
1.072027875955300225e+01
1.067907206909591800e+01
1.065609565174669804e+01
1.064525396542550340e+01
1.064306221015103660e+01
1.063591782679833564e+01
1.063701426307122588e+01
1.066026585720434916e+01
1.069917447571939384e+01
1.081657380983326000e+01
1.070937627167332806e+01
1.070685074533321135e+01
1.069546951267788870e+01
1.069041319536246704e+01
1.068937330544775755e+01
1.067776637732833400e+01
1.070147490377223853e+01
1.070255151029117968e+01
1.071472924136489269e+01
