1.318797385751536488e+00
1.319535610178032892e+00
1.322249102086512584e+00
1.326287289042785034e+00
1.328245512843690301e+00
1.333876410019113834e+00
1.335684864252122406e+00
1.345229081201480881e+00
1.351724424442567685e+00
1.354769479654439390e+00
1.361984932293846207e+00
1.366535386077274206e+00
1.372297418017902171e+00
1.396204373077949867e+00
1.411592985115725396e+00
1.412453787474414746e+00
1.438368617371949876e+00
1.445009798560873637e+00
1.453218348129641901e+00
1.480829252837439380e+00
1.495689034891654501e+00
1.504891255113369963e+00
1.540362791731219705e+00
1.547488654075680259e+00
1.563710850931437246e+00
1.585299917892072807e+00
1.599830522930225429e+00
1.613786220368851332e+00
1.622012989439507225e+00
1.652429987616060858e+00
1.654943194895580616e+00
1.660539542038842242e+00
1.667466044955595805e+00
1.676695592197284368e+00
1.687165649997006023e+00
1.708555287249209576e+00
1.715246104706028785e+00
1.720488779741529584e+00
1.720669253455673564e+00
1.721266385154170742e+00
1.731941978144982519e+00
1.738541365932295024e+00
1.751590281506156366e+00
1.760365102479363175e+00
1.766263007719976574e+00
1.783536879439145295e+00
1.792422640979830950e+00
1.798440565994247065e+00
