8.621664223432335961e-01
8.630973443334506445e-01
8.693298531193872636e-01
8.712506232368693038e-01
8.713299973178019187e-01
8.717828642385211380e-01
8.728711953572667603e-01
8.743678394917020480e-01
8.748284966693981035e-01
8.792706552222698813e-01
8.803284783197533603e-01
8.824248552808570123e-01
8.850751939862194773e-01
8.951000348094273473e-01
9.013712367393589275e-01
9.040166293096423278e-01
9.132055326296196762e-01
9.189682295170863435e-01
9.227527691651428166e-01
9.272490630705867432e-01
9.315472859604652101e-01
9.345657049740964117e-01
9.378410124045701846e-01
9.382368257280694346e-01
9.391849207090859908e-01
9.405226700245549187e-01
9.418177244769320167e-01
9.429840962200891630e-01
9.433345513473604393e-01
9.486272675305618129e-01
9.494202744386019965e-01
9.576481991154304207e-01
9.674771381404742021e-01
1.005474173173192209e+00
1.029941755009484261e+00
1.030237588420854999e+00
1.031682839507651606e+00
1.032421609956595931e+00
1.032585244917136436e+00
1.041128140870353880e+00
1.046361426799758965e+00
1.046541396369480070e+00
1.048438268102247717e+00
