3.498782646357811998e+00
3.469996486138012148e+00
3.169571631435397219e+00
2.984418360710181073e+00
2.974385837879427452e+00
2.912152797315645802e+00
2.738794244191077087e+00
2.577501233639795775e+00
2.549399107548332211e+00
2.438184773088931223e+00
2.428756647970933713e+00
2.417636775652998171e+00
2.412677443053400594e+00
2.433362992358992116e+00
2.458508076906506190e+00
2.470065840809183122e+00
2.511113250363085303e+00
2.535890139737343230e+00
2.551172851777547379e+00
2.567891548958097570e+00
2.582005515093118042e+00
2.590654449004487603e+00
2.599784631940774915e+00
2.601219398676328787e+00
2.605997625415214181e+00
2.617438251192102605e+00
2.629549195815103602e+00
2.639321903342720432e+00
2.642059193119155047e+00
2.676212344560902068e+00
2.680530289048384418e+00
2.718325210173343720e+00
2.752536772679217147e+00
2.824026083215521954e+00
2.849156400876541984e+00
2.849928215845296542e+00
2.854032432582773282e+00
2.856324273939367941e+00
2.856847508243580691e+00
2.887566614813618759e+00
2.906102252616281412e+00
2.906717068785166891e+00
2.913101117797008310e+00
