2.967169001698493958e+00
2.970673622438542605e+00
2.968392667867176371e+00
2.965405137860575913e+00
2.965548607882171339e+00
2.967321228351218032e+00
2.981192407492427421e+00
3.007476179036923991e+00
3.013644145732450319e+00
3.048443055911553845e+00
3.053905713749914153e+00
3.063689076332033245e+00
3.075185880030981256e+00
3.120715885460696448e+00
3.154112182229657613e+00
3.169446681950623290e+00
3.227695118776101602e+00
3.267220272599668185e+00
3.293901493061772268e+00
3.325889151927316156e+00
3.356534164204105330e+00
3.378696271055541711e+00
3.409341559615593820e+00
3.415025413466106219e+00
3.434090417204834988e+00
3.476318641648523666e+00
3.517325632058537987e+00
3.548978766367909099e+00
3.557690553822259627e+00
3.663201952616292445e+00
3.676310133000891156e+00
3.791459313412230081e+00
3.901351403494528913e+00
4.270604474834939879e+00
4.669131580871297871e+00
4.675800906473410734e+00
4.707957369991531138e+00
4.723963009892666598e+00
4.727456638629443653e+00
4.876281373945360542e+00
4.939874566248904308e+00
4.941802408501277277e+00
4.961265325022475636e+00
