1.947791148401774919e+01
1.948323254657308468e+01
1.949806515000978635e+01
1.950355841106274823e+01
1.949947259414022938e+01
1.948266997171282355e+01
1.947977796436698839e+01
1.948851682343853398e+01
1.950768120881666690e+01
1.951820327978021297e+01
1.954429448247289258e+01
1.956040368386019779e+01
1.957932515980718691e+01
1.962857280369261304e+01
1.963591436622518316e+01
1.963596302597679255e+01
1.963378132824892930e+01
1.963475583196769847e+01
1.963795048831603651e+01
1.966659528873886842e+01
1.969198678743505582e+01
1.971007309346079595e+01
1.978265887371441423e+01
1.979492084846834032e+01
1.981536699185570782e+01
1.982156516721247641e+01
1.981495256563115603e+01
1.980857057063464310e+01
1.980775603800094586e+01
1.983318432847147861e+01
1.983710666622301488e+01
1.984658137601013550e+01
1.985947449889037486e+01
1.987800452417489083e+01
1.989971012469507627e+01
1.993963032178247019e+01
1.994896880033959619e+01
1.995464505297933400e+01
1.995481151808974118e+01
1.995534785723527449e+01
1.996091574427568816e+01
1.996035427785027139e+01
1.995198660103918442e+01
1.994519987097427816e+01
1.994285560048791694e+01
1.995756948686270249e+01
1.997973649033664145e+01
1.999999930058474007e+01
