1.433011225192365856e+01
1.433455590453900541e+01
1.434762964611816294e+01
1.435557971340545791e+01
1.435469157076188651e+01
1.434813975309851131e+01
1.434762222023196898e+01
1.436081385617533535e+01
1.437851520709666886e+01
1.438778763167786856e+01
1.441034549057087588e+01
1.442417774401894448e+01
1.444049576972925308e+01
1.448582020403997817e+01
1.449650751005438032e+01
1.449682611734692017e+01
1.450310334893800501e+01
1.450565950851998664e+01
1.451019872407677980e+01
1.453813355452997591e+01
1.456032335900730068e+01
1.457578538362400344e+01
1.463775819893005981e+01
1.464861775702775937e+01
1.466807972287419126e+01
1.467906564537010006e+01
1.467873623704256936e+01
1.467832993079326265e+01
1.468016099540941433e+01
1.470710080155748223e+01
1.471062296166455496e+01
1.471899483294388489e+01
1.473019084137266432e+01
1.474607868940795186e+01
1.476460225790741987e+01
1.479933685471790561e+01
1.480796909791035354e+01
1.481356602451127813e+01
1.481373810018913062e+01
1.481429716234007721e+01
1.482142686937950771e+01
1.482297720641598993e+01
1.482084001328786549e+01
1.481853771062550607e+01
1.481854902964703591e+01
1.483387371897323703e+01
1.485212510354900495e+01
1.486821968988091491e+01
