4.359385646742666722e+02
4.360445854972779784e+02
4.364790205476270444e+02
4.372690867481804844e+02
4.376991934390119354e+02
4.388845594797572858e+02
4.392140684355280200e+02
4.406000753235514367e+02
4.413384824825486703e+02
4.416522237383758238e+02
4.423406050705271468e+02
4.427456948166632742e+02
4.432356085045269651e+02
4.450903195826637671e+02
4.461674753053193854e+02
4.462251120730883258e+02
4.478329593495759582e+02
4.482086852898948450e+02
4.486561849964555790e+02
4.500612124141218828e+02
4.507811249327561995e+02
4.512237297371667069e+02
4.529849062082239470e+02
4.533628058455607857e+02
4.542713947902145719e+02
4.555926789595472428e+02
4.565257338786590253e+02
4.574087655101164387e+02
4.579095488835790775e+02
4.596087431901451623e+02
4.597403310266039966e+02
4.600301526468301745e+02
4.603841419506581474e+02
4.608512420500220514e+02
4.613808851840490206e+02
4.624950747383733187e+02
4.628615430699570652e+02
4.631573016345147948e+02
4.631676309160607161e+02
4.632018803646404876e+02
4.638340446736382887e+02
4.642437748981986374e+02
4.650840476201638012e+02
4.656480588000046055e+02
4.660126947886284938e+02
4.669611626541666851e+02
4.673725029623227556e+02
4.676244221330969140e+02
