1.022528639088829649e+01
1.022633884065579934e+01
1.022693073475363335e+01
1.021651385127025868e+01
1.020703398509440341e+01
1.017776499624651265e+01
1.017052096430864161e+01
1.015091318972811152e+01
1.014802491937122575e+01
1.014803197310596339e+01
1.014958161846976203e+01
1.015085355512541732e+01
1.015204957129355101e+01
1.014412673180752478e+01
1.012766836017427607e+01
1.012658994891764053e+01
1.009391041537657685e+01
1.008684914059312732e+01
1.007941109579047634e+01
1.006521929778474522e+01
1.006326708479024568e+01
1.006328253474548440e+01
1.006317429207639691e+01
1.006132817594016338e+01
1.005204536810079041e+01
1.002595256863896189e+01
1.000159100470047413e+01
9.978346486466174170e+00
9.966585743442520240e+00
9.941247659137449233e+00
9.940298389314884631e+00
9.938641390168292844e+00
9.937302325562216154e+00
9.936319205057078108e+00
9.935553656990217419e+00
9.930877681419961078e+00
9.927331048423155835e+00
9.923483534839618869e+00
9.923332323921899345e+00
9.922822664371413026e+00
9.911116354364549963e+00
9.901308660946599005e+00
9.877301552601094770e+00
9.860469509857940906e+00
9.850604888323509556e+00
9.835621510121605127e+00
9.837278482116863287e+00
9.841758547071687957e+00
