3.724475774098227703e+02
3.725102704275050201e+02
3.727700396679896926e+02
3.732493670191313413e+02
3.735114153374865396e+02
3.742289893176230180e+02
3.744263271809287517e+02
3.752447453596543028e+02
3.756738918869775716e+02
3.758550436489873050e+02
3.762504387564383137e+02
3.764819977618520284e+02
3.767611793870936481e+02
3.778142018823107833e+02
3.784272927286469894e+02
3.784601938137395791e+02
3.793821452870742519e+02
3.795983719147125157e+02
3.798559105475644628e+02
3.806615150439184276e+02
3.810709590930416653e+02
3.813213718847745781e+02
3.823109016543713210e+02
3.825227296067682801e+02
3.830327719976355638e+02
3.837769567654011098e+02
3.843025561554243268e+02
3.847976531499151065e+02
3.850767277122732821e+02
3.860127302290329112e+02
3.860845797123275247e+02
3.862425833442724752e+02
3.864351844457851826e+02
3.866888561152067609e+02
3.869761312206019852e+02
3.875805017823037133e+02
3.877795629997226001e+02
3.879403695265949636e+02
3.879459883319177038e+02
3.879646202976283575e+02
3.883089053544416061e+02
3.885324508722772521e+02
3.889918753026220202e+02
3.893009205243650968e+02
3.895009430749713033e+02
3.900215332162542836e+02
3.902470893369623468e+02
3.903850208326975917e+02
