5.330756355321524254e+00
5.333746602655805802e+00
5.344042908454524898e+00
5.356706133337574727e+00
5.361577401556267830e+00
5.373248871434653573e+00
5.376935230193741866e+00
5.398065401695088639e+00
5.413287952476528275e+00
5.420416008819858078e+00
5.436907418591911956e+00
5.446841308483218569e+00
5.458726195452020313e+00
5.497814869752494893e+00
5.514794204760451457e+00
5.515608879229542794e+00
5.537313788152305349e+00
5.542765839250130000e+00
5.549798073462823389e+00
5.576834659928485927e+00
5.593544305286262563e+00
5.604474485365522618e+00
5.648047176949178905e+00
5.656483425411274801e+00
5.674300101844132804e+00
5.693795589759488074e+00
5.704568723968931998e+00
5.714726416324586111e+00
5.721247402598921283e+00
5.751020843762420398e+00
5.753856054339141046e+00
5.760326866134487744e+00
5.768587474736167842e+00
5.779896493252032919e+00
5.792903061919219887e+00
5.818682110084593795e+00
5.826123420611825310e+00
5.831620635564111588e+00
5.831803944601730905e+00
5.832407487825268966e+00
5.842364507679236318e+00
5.847679038908493609e+00
5.856604107899989309e+00
5.862268210041253980e+00
5.866482197010194355e+00
5.883089515805253633e+00
5.894578666648594201e+00
5.903431757710410288e+00
