3.662254076640342646e+02
3.662992313414320051e+02
3.666046557864637521e+02
3.671674561080582180e+02
3.674753089138978908e+02
3.683207147528411269e+02
3.685540048040235206e+02
3.695254123324710349e+02
3.700371019703001707e+02
3.702535326040730865e+02
3.707267870070316462e+02
3.710044786777344257e+02
3.713398008560701555e+02
3.726095290039197039e+02
3.733520052424796631e+02
3.733919067845544077e+02
3.745121766125084264e+02
3.747755320052855268e+02
3.750895469242675517e+02
3.760745995245134736e+02
3.765770482709042426e+02
3.768849422813372598e+02
3.781051612950802223e+02
3.783668630761023906e+02
3.789973332638226111e+02
3.799179412437327414e+02
3.805690398180962006e+02
3.811835603483791601e+02
3.815306151224962150e+02
3.826983467468662639e+02
3.827881951878628115e+02
3.829858623108983124e+02
3.832269442168751539e+02
3.835446414669893329e+02
3.839045816622225971e+02
3.846620334889282162e+02
3.849115108118660373e+02
3.851130305647149044e+02
3.851200716763248693e+02
3.851434198613109743e+02
3.855748096219646186e+02
3.858548652093244868e+02
3.864303014492324451e+02
3.868172934397497329e+02
3.870677352631773829e+02
3.877195592448819639e+02
3.880020787141510255e+02
3.881749193541006662e+02
