1.325187391216629074e+01
1.325487317134041376e+01
1.326246129317350331e+01
1.326179352160240832e+01
1.325668080002262172e+01
1.323898371443495492e+01
1.323530339041080417e+01
1.323410666392350521e+01
1.324335643705282806e+01
1.324890675205220703e+01
1.326313404034729260e+01
1.327202628514247706e+01
1.328240930573734957e+01
1.330669331661488286e+01
1.330657848006612021e+01
1.330634476034586022e+01
1.329771344187512128e+01
1.329678902216757663e+01
1.329711033267088638e+01
1.331101898977854425e+01
1.332554216080820808e+01
1.333617991671468417e+01
1.337903043752220711e+01
1.338598078325007457e+01
1.339654880489275612e+01
1.339591976169295151e+01
1.338802256299352145e+01
1.338049458531357772e+01
1.337814905535412535e+01
1.338944978718106071e+01
1.339165768426894587e+01
1.339709037712366779e+01
1.340462596329095568e+01
1.341560258312680531e+01
1.342852017144820032e+01
1.345177316492444319e+01
1.345683549190522932e+01
1.345965321104577050e+01
1.345972996954794354e+01
1.345997384229841920e+01
1.346152541518715573e+01
1.345969325117702731e+01
1.345103812600273585e+01
1.344445468822485168e+01
1.344160494336574629e+01
1.344844269858750074e+01
1.346220297147540101e+01
1.347520021080281261e+01
