1.169310632165519515e+01
1.169710786842353301e+01
1.170930819782721599e+01
1.171855688681725916e+01
1.171932359853738248e+01
1.171805419167921514e+01
1.171875866683591383e+01
1.173424760228164132e+01
1.175120732199341234e+01
1.175984353810343919e+01
1.178060229489883781e+01
1.179327640698030422e+01
1.180827289004339953e+01
1.185165508451735406e+01
1.186410721430819137e+01
1.186456694156000502e+01
1.187525463864245978e+01
1.187863730893712066e+01
1.188388319451717656e+01
1.191149786670468380e+01
1.193206223069138971e+01
1.194618673921211460e+01
1.200274028863898579e+01
1.201288468324521119e+01
1.203185214382460266e+01
1.204531322822992578e+01
1.204822605107721678e+01
1.205090863893208564e+01
1.205411259357385312e+01
1.208189263130083013e+01
1.208521510789340070e+01
1.209303377943220603e+01
1.210337481958335104e+01
1.211792824981896288e+01
1.213484351883062473e+01
1.216696836187763964e+01
1.217525467381077853e+01
1.218082402884013149e+01
1.218099943988859657e+01
1.218157167426904053e+01
1.218953050324815202e+01
1.219218237171037167e+01
1.219327983939152560e+01
1.219330562696151432e+01
1.219454442237806013e+01
1.221023864779086132e+01
1.222650958855324888e+01
1.224048461739618610e+01
