1.981940233289031283e+01
1.982350618517981999e+01
1.983326230514966326e+01
1.982926800259354039e+01
1.981994780855842109e+01
1.978876526467182018e+01
1.978193352155221163e+01
1.977453032752561413e+01
1.978536782410838768e+01
1.979239489938554897e+01
1.981087302898923852e+01
1.982251836391572652e+01
1.983603680915334877e+01
1.986455699908897898e+01
1.985964298838436548e+01
1.985903417924855319e+01
1.983865173024265260e+01
1.983545673673892651e+01
1.983374859350659847e+01
1.984749835181989397e+01
1.986552606505697938e+01
1.987914758593958808e+01
1.993405997287894493e+01
1.994247998063143257e+01
1.995353448326988755e+01
1.994567382957541213e+01
1.992895814899231155e+01
1.991303564031812456e+01
1.990687198376414813e+01
1.991471212673166846e+01
1.991731038513875873e+01
1.992388484559942086e+01
1.993326086342795023e+01
1.994717897883334601e+01
1.996366875601967905e+01
1.999251214221285267e+01
1.999813813417960873e+01
2.000078449493977573e+01
2.000084456844939140e+01
2.000102785716579845e+01
2.000000185439216338e+01
1.999509330466412393e+01
1.997769218629205668e+01
1.996483672731135428e+01
1.995861620617705867e+01
1.996367734771286351e+01
1.998197446911774477e+01
1.999999928678060357e+01
