1.936258606256419625e+02
1.934740015577062024e+02
1.927905438119730945e+02
1.913849800456872288e+02
1.905788792690127309e+02
1.883596815580199575e+02
1.877592551142433592e+02
1.853374176463593699e+02
1.841044595713582055e+02
1.835892880631514004e+02
1.824722147349762054e+02
1.818208613645581124e+02
1.810360132779453579e+02
1.780229071598468806e+02
1.761666366485790718e+02
1.760638865742991470e+02
1.730500006386614018e+02
1.723110587674265446e+02
1.714208278616330006e+02
1.686117665769859570e+02
1.671941701450541302e+02
1.663335826909511752e+02
1.629328602411454767e+02
1.621899605708328806e+02
1.603569115497019766e+02
1.575646226488129003e+02
1.555399029921977103e+02
1.536348885594036346e+02
1.525749372369300829e+02
1.491364216677776255e+02
1.488795861740291286e+02
1.483173789880221705e+02
1.476358633067960113e+02
1.467419324721788882e+02
1.457300777520140400e+02
1.435812125087803679e+02
1.428627739935954537e+02
1.422775529547578799e+02
1.422570224893343607e+02
1.421889031895988751e+02
1.409188113546980503e+02
1.400824838135408470e+02
1.383363929864344470e+02
1.371443179817433986e+02
1.363675683916657420e+02
1.343427743245491683e+02
1.334740428682758022e+02
1.329491519131584880e+02
