3.346368848481688474e+00
3.348868658842674595e+00
3.361694920344231896e+00
3.394332798866071421e+00
3.415989216326452027e+00
3.482770512918579531e+00
3.501798056620421651e+00
3.577805602254893191e+00
3.615155431177964118e+00
3.630719356591867619e+00
3.665302573762790228e+00
3.686558599635838984e+00
3.713825634012624555e+00
3.839445636960244101e+00
3.928630553426892380e+00
3.933646834648704793e+00
4.078366113555280670e+00
4.112631276075794595e+00
4.153330288103578738e+00
4.280155623639568141e+00
4.345112150108432658e+00
4.385286796901364248e+00
4.547910108551308284e+00
4.583318633849158275e+00
4.668865846361843097e+00
4.793834573977004965e+00
4.882474170769670607e+00
4.966756461743740303e+00
5.014686106784922437e+00
5.177003705173267356e+00
5.189501770921051360e+00
5.216981151967728714e+00
5.250463656446281213e+00
5.294550717442159105e+00
5.344530845741485514e+00
5.450568975971608054e+00
5.485996576466939167e+00
5.514863676832511885e+00
5.515876612056611172e+00
5.519237617816086683e+00
5.581937678564655947e+00
5.623237819907200397e+00
5.709271667431646158e+00
5.767637304125505793e+00
5.805448602016241466e+00
5.903587735788698332e+00
5.946071356954554687e+00
5.972154087555530566e+00
