1.119397650828571145e+01
1.119571439746939845e+01
1.119882701995850027e+01
1.119213595559868324e+01
1.118442527579935053e+01
1.115999436803254063e+01
1.115422800062588493e+01
1.114200281187391361e+01
1.114383666257497829e+01
1.114598402675221145e+01
1.115242153251893775e+01
1.115664190576695525e+01
1.116141989251888589e+01
1.116657659840983285e+01
1.115728320666502427e+01
1.115658643634915848e+01
1.113504535143524876e+01
1.113084631377717493e+01
1.112700618600346836e+01
1.112560162171109646e+01
1.113102038231816948e+01
1.113577048729244723e+01
1.115501142774841270e+01
1.115723455107724504e+01
1.115738598100191581e+01
1.114407770377628282e+01
1.112836081520807419e+01
1.111341250808428427e+01
1.110654598443141161e+01
1.109944881834462471e+01
1.110002196546326125e+01
1.110176495264856200e+01
1.110465351765519237e+01
1.110933832517189757e+01
1.111505160946461146e+01
1.112377808077460273e+01
1.112447075855650880e+01
1.112396084881251035e+01
1.112392477930326251e+01
1.112379620442861494e+01
1.111893306556791750e+01
1.111338312663007777e+01
1.109784731566466043e+01
1.108673896948917381e+01
1.108072727071744801e+01
1.107703023304195256e+01
1.108448811826519176e+01
1.109289476864034540e+01
