3.293736898180941353e+01
3.300248972174008344e+01
3.326931751949299354e+01
3.375454782324543146e+01
3.401870116694186663e+01
3.474670269472319006e+01
3.494907212414074849e+01
3.580028518929187697e+01
3.625377073466439981e+01
3.644645093675055136e+01
3.686920976774013070e+01
3.711798821869498255e+01
3.741885847861148306e+01
3.855787775241730486e+01
3.921937426463033916e+01
3.925476963846128342e+01
4.024215868585645239e+01
4.047289218008103973e+01
4.074770096690342314e+01
4.161051904870610940e+01
4.205260843078720256e+01
4.232440499047330462e+01
4.340590273079532579e+01
4.363795976969637280e+01
4.419589476890357105e+01
4.500724559897892618e+01
4.558019319608365549e+01
4.612241841277250387e+01
4.642992206866645688e+01
4.747328608797052141e+01
4.755408345580577389e+01
4.773203761390973909e+01
4.794938805240937540e+01
4.823618261084135383e+01
4.856137061777815234e+01
4.924546168545126079e+01
4.947048557461668139e+01
4.965210663001310820e+01
4.965845000277699484e+01
4.967948328686936321e+01
5.006776310442614175e+01
5.031949265659915937e+01
5.083596902757838620e+01
5.118284371743817474e+01
5.140719280060855567e+01
5.199109756087609924e+01
5.224448853255155001e+01
5.239972755777667857e+01
