8.567582927709445357e+02
8.569058435746021587e+02
8.575104688087504883e+02
8.586100696951874625e+02
8.592086861890182945e+02
8.608584538343222903e+02
8.613170565439970687e+02
8.632460699610676329e+02
8.642737692149971735e+02
8.647104273443164857e+02
8.656685005513860460e+02
8.662322946979123799e+02
8.669141445460466002e+02
8.694954854191564664e+02
8.709946430501512395e+02
8.710748603799444254e+02
8.733126184802861189e+02
8.738355434623148312e+02
8.744583611831483267e+02
8.764138392804831028e+02
8.774157933039906538e+02
8.780317982856361141e+02
8.804829565500688204e+02
8.810089075663228186e+02
8.822734578282991151e+02
8.841123826222042226e+02
8.854109795468965558e+02
8.866399571788908816e+02
8.873369333165169337e+02
8.897017932533369731e+02
8.898849262039393579e+02
8.902882717614007788e+02
8.907809117049562246e+02
8.914309522467423221e+02
8.921680166142933786e+02
8.937185767189567969e+02
8.942286199341313022e+02
8.946402867966036183e+02
8.946546648636675627e+02
8.947023395066486273e+02
8.955824273913422076e+02
8.961530064991430891e+02
8.973236541568027178e+02
8.981098255511633397e+02
8.986182299147458252e+02
8.999407146404585092e+02
9.005139268906137886e+02
9.008647293285723663e+02
