1.947793706876131381e+01
1.948325841584792428e+01
1.949809178457967818e+01
1.950358515623108602e+01
1.949949894062105216e+01
1.948269462577287570e+01
1.947980217515103618e+01
1.948854011799707209e+01
1.950770480146344710e+01
1.951822715558710186e+01
1.954431923675542748e+01
1.956042907124779973e+01
1.957935136705337342e+01
1.962860168317088494e+01
1.963594394535691734e+01
1.963599262281703162e+01
1.963381090738388224e+01
1.963478535891020016e+01
1.963797998953745960e+01
1.966662527702221652e+01
1.969201746580384693e+01
1.971010433631778724e+01
1.978269285266300415e+01
1.979495537115055726e+01
1.981540251086428484e+01
1.982160104694867897e+01
1.981498794303252708e+01
1.980860516275739158e+01
1.980779018940297931e+01
1.983321804683097511e+01
1.983714045767277057e+01
1.984661539109373507e+01
1.985950890210992625e+01
1.987803961728094748e+01
1.989974619246394028e+01
1.993966861154049752e+01
1.994900767475858316e+01
1.995468426863843803e+01
1.995485074302211359e+01
1.995538711150274125e+01
1.996095507258416646e+01
1.996039305123973051e+01
1.995202217753831064e+01
1.994523132898087425e+01
1.994288338312124509e+01
1.995758338282995581e+01
1.997974220172716286e+01
1.999999930059168918e+01
