1.980907964298639854e+02
1.981235456917493423e+02
1.982629397250054808e+02
1.985308859785364461e+02
1.986808111740262746e+02
1.990960420123543884e+02
1.992105463636479783e+02
1.996847556708423497e+02
1.999332928797767863e+02
2.000383662144149355e+02
2.002684110364190246e+02
2.004037941018433742e+02
2.005679186735344501e+02
2.012004493097108480e+02
2.015824038845805717e+02
2.016032333203506823e+02
2.022003037450466252e+02
2.023436630284562341e+02
2.025156961220612004e+02
2.030600773255803801e+02
2.033388560769584501e+02
2.035097712211760097e+02
2.041892621247311013e+02
2.043360764339740285e+02
2.046924116119154178e+02
2.052198486864766664e+02
2.055965959152821654e+02
2.059530307512930847e+02
2.061540710018428797e+02
2.068269007865913238e+02
2.068784438259628189e+02
2.069917650658119896e+02
2.071298823262226847e+02
2.073118492395310568e+02
2.075181391434153682e+02
2.079535281032435137e+02
2.080974603428182093e+02
2.082139372505545509e+02
2.082180104066174238e+02
2.082315185804979478e+02
2.084815475922997337e+02
2.086442905472467260e+02
2.089795530352054413e+02
2.092055078268599289e+02
2.093518516118894581e+02
2.097326794387728626e+02
2.098974317298058452e+02
2.099980266040976460e+02
