1.110745141146951937e+03
1.110923073337492269e+03
1.111655408955141411e+03
1.112994832611214406e+03
1.113725432515581815e+03
1.115737595141291877e+03
1.116296226801813646e+03
1.118643639734896851e+03
1.119893443502897981e+03
1.120424371328355164e+03
1.121589101935895769e+03
1.122274442858470820e+03
1.123103362177362442e+03
1.126247171744955494e+03
1.128082365542856678e+03
1.128180820924853833e+03
1.130936681470294843e+03
1.131582554727610159e+03
1.132352210702442562e+03
1.134768823354130518e+03
1.136006281435777055e+03
1.136766903083123225e+03
1.139795111685404891e+03
1.140445596496501821e+03
1.142010538183833887e+03
1.144287043802895596e+03
1.145893687563274852e+03
1.147412940240373700e+03
1.148274014564111894e+03
1.151193183018722266e+03
1.151419069779176652e+03
1.151916476173442106e+03
1.152523794813633003e+03
1.153324785443456676e+03
1.154232494518004842e+03
1.156140583630572337e+03
1.156767989611836811e+03
1.157274370539009169e+03
1.157292056895650603e+03
1.157350701349540032e+03
1.158433405099772699e+03
1.159135504072852655e+03
1.160576354721169764e+03
1.161544032568916464e+03
1.162169701611591336e+03
1.163796639856623869e+03
1.164501888858114626e+03
1.164933782467459650e+03
