4.985444596409797668e+02
4.980681695625366956e+02
4.936515975364753217e+02
4.909601009642480562e+02
4.908051513377052970e+02
4.898084850968457431e+02
4.865225567534179163e+02
4.820375816549997126e+02
4.809590450713394034e+02
4.739169640891221889e+02
4.726825242707547545e+02
4.704842894946976344e+02
4.680379899591803792e+02
4.605490577621848161e+02
4.565504886120940569e+02
4.549299436816282878e+02
4.493315199506446902e+02
4.456270265183314336e+02
4.429835798773056013e+02
4.394492775757294680e+02
4.353355665587486669e+02
4.315593250586380805e+02
4.251610478302692400e+02
4.240004649542131574e+02
4.205831301495522325e+02
4.151405815953022511e+02
4.112458562468414129e+02
4.086568941530402981e+02
4.079824334885431654e+02
4.004185511026231552e+02
3.995124144492281744e+02
3.914686243599679187e+02
3.833430167477813484e+02
3.521561913475741221e+02
3.138873704519073158e+02
3.131879291745117939e+02
3.097828462296666316e+02
3.080677509274506178e+02
3.076915963218437469e+02
2.910623975020191665e+02
2.835607604911934914e+02
2.833288668858414212e+02
2.809709334056723833e+02
