1.949389628953576548e+01
1.949916078847235923e+01
1.951376513790506095e+01
1.951885877768007305e+01
1.951456403703226528e+01
1.949721435103046474e+01
1.949417637384809865e+01
1.950231480088021385e+01
1.952115766104465067e+01
1.953154057190988624e+01
1.955731837515302374e+01
1.957323692160771245e+01
1.959192096233773484e+01
1.964020714054075611e+01
1.964696626587307193e+01
1.964698385438147099e+01
1.964396407681299905e+01
1.964475498996535663e+01
1.964773876071048520e+01
1.967577692951414647e+01
1.970088470756040167e+01
1.971880210812289391e+01
1.979071536424903144e+01
1.980282542709765181e+01
1.982288570146716822e+01
1.982846412272148839e+01
1.982137667353040555e+01
1.981452684083724236e+01
1.981344277716346625e+01
1.983795307605246094e+01
1.984180445915477975e+01
1.985112286739903453e+01
1.986382481408231726e+01
1.988210142900331334e+01
1.990351668924063944e+01
1.994280728551461834e+01
1.995193097937993443e+01
1.995743064168222247e+01
1.995759088564737382e+01
1.995810657083608319e+01
1.996328610348436428e+01
1.996246613145956772e+01
1.995355596639742757e+01
1.994640147106257899e+01
1.994382117638375718e+01
1.995794445459541677e+01
1.997987392639119619e+01
1.999999929950304534e+01
