9.987437412570496775e+00
9.989125204806898140e+00
9.992409822626404647e+00
9.987149785445209815e+00
9.980548837355545544e+00
9.959158139786383757e+00
9.954036740358025881e+00
9.942806821116590754e+00
9.943980300081824097e+00
9.945633078368983249e+00
9.950648689547120895e+00
9.953881949733661472e+00
9.957390034889577635e+00
9.957880082395021759e+00
9.946172787031590801e+00
9.945345459632823903e+00
9.919429398975783130e+00
9.913852206254368582e+00
9.908117462135697551e+00
9.898754209916408087e+00
9.898962919597380505e+00
9.900212067034939167e+00
9.904505207841893366e+00
9.903540694250358101e+00
9.896346005978402971e+00
9.873247718922787186e+00
9.850927105499815539e+00
9.829475946145020515e+00
9.818642048902948005e+00
9.795817627273773809e+00
9.795020806511885780e+00
9.793679960328333323e+00
9.792693240897184737e+00
9.792126495711990231e+00
9.791782918225781174e+00
9.787920524298657554e+00
9.784646110994502877e+00
9.781026647572970134e+00
9.780883563418520055e+00
9.780400933604948222e+00
9.769217832048688877e+00
9.759773139237882589e+00
9.736542239551798872e+00
9.720211916018001830e+00
9.710636530210450701e+00
9.696131804009841204e+00
9.697802459629864202e+00
9.702211053173973809e+00
