1.065750844921567477e+03
1.065912379807240313e+03
1.066579621572606356e+03
1.067805652426712868e+03
1.068475505112857945e+03
1.070319612023338323e+03
1.070831133688179762e+03
1.072979275809109595e+03
1.074122717237057259e+03
1.074608450430565654e+03
1.075673975837085663e+03
1.076300890847958954e+03
1.077059112085979450e+03
1.079936467375493976e+03
1.081619984103299885e+03
1.081710419553915926e+03
1.084246204210052611e+03
1.084841382038194297e+03
1.085550799784439732e+03
1.087778101344065362e+03
1.088918140000259655e+03
1.089618799412770159e+03
1.092409558661740220e+03
1.093009554286251387e+03
1.094453771508048249e+03
1.096555560377822985e+03
1.098038692430395258e+03
1.099440739060744363e+03
1.100235246905743679e+03
1.102928462595300743e+03
1.103136851642745341e+03
1.103595715208172351e+03
1.104155944449688150e+03
1.104894766728896229e+03
1.105731933206189296e+03
1.107491573267436479e+03
1.108070216035935118e+03
1.108537298407831031e+03
1.108553613375080431e+03
1.108607711239395485e+03
1.109606676339878959e+03
1.110254706977347496e+03
1.111585166008364922e+03
1.112478995246627164e+03
1.113056946363433553e+03
1.114559566244180587e+03
1.115210792018146321e+03
1.115609609554137478e+03
