7.971894889796676580e+02
7.973267928736938757e+02
7.978894293247113865e+02
7.989126681251551645e+02
7.994697135494401437e+02
8.010049121699012176e+02
8.014316668582790726e+02
8.032267183370573775e+02
8.041830481488398163e+02
8.045893821687116088e+02
8.054809210583240429e+02
8.060055619209529141e+02
8.066400599161709124e+02
8.090421361885772740e+02
8.104371827587740427e+02
8.105118292828550466e+02
8.125941829380458330e+02
8.130807925343922307e+02
8.136603576053863662e+02
8.154800339582237712e+02
8.164124054296229360e+02
8.169856308136342022e+02
8.192665638293552774e+02
8.197559891290740097e+02
8.209327200204077144e+02
8.226439364807125685e+02
8.238523493701989082e+02
8.249959779235476844e+02
8.256445509981567739e+02
8.278451768989949642e+02
8.280155915689457515e+02
8.283909253662025094e+02
8.288493520321634378e+02
8.294542477660727400e+02
8.301401233082298177e+02
8.315829970641551654e+02
8.320576177343410791e+02
8.324406942808626582e+02
8.324540737898220186e+02
8.324984374178936832e+02
8.333174029297874768e+02
8.338483548732941699e+02
8.349376985432141964e+02
8.356692665194294705e+02
8.361423583714778260e+02
8.373729800780979531e+02
8.379063723006001965e+02
8.382328041294748573e+02
