1.412245003925636411e+01
1.414648904759302717e+01
1.436547106444233002e+01
1.450985523385425147e+01
1.451827733381773378e+01
1.457212862435993372e+01
1.473832760937763275e+01
1.491921936274840199e+01
1.495442029386111393e+01
1.512279880208524929e+01
1.514413395119733075e+01
1.517828908748568395e+01
1.521219304589331145e+01
1.530823637472443721e+01
1.536437853461758252e+01
1.538897037568329829e+01
1.548051624562980422e+01
1.554281902107590341e+01
1.558551570090649641e+01
1.563788818515543255e+01
1.569024324451609331e+01
1.573090310445375906e+01
1.579577819826563356e+01
1.580915002764347577e+01
1.585585907262115590e+01
1.596349940189999117e+01
1.607029408931431647e+01
1.615390552935806312e+01
1.617709181588929468e+01
1.646361937756607929e+01
1.649991073440968847e+01
1.682413841374870955e+01
1.713944359214553614e+01
1.817039202530183672e+01
1.923564352776476838e+01
1.925355141497005462e+01
1.933976968648882178e+01
1.938258433347524701e+01
1.939191911716851635e+01
1.978492690570256940e+01
1.995058098109090494e+01
1.995560238572633693e+01
2.000635307403931762e+01
