1.008437404304185314e+01
1.008568460763884111e+01
1.008733953127806870e+01
1.007882899105424102e+01
1.007034145119060753e+01
1.004350522959979664e+01
1.003683719098635407e+01
1.001909137800950056e+01
1.001681889918631896e+01
1.001701225794171535e+01
1.001882451283768205e+01
1.002016366663503000e+01
1.002136150165041428e+01
1.001273219988755159e+01
9.995344760322350197e+00
9.994204754522998613e+00
9.959246415503441696e+00
9.951482525436475157e+00
9.943117973962081635e+00
9.925391796607748063e+00
9.921294361676416429e+00
9.919898348460741033e+00
9.913705478274067673e+00
9.910497538877770296e+00
9.897912578739804346e+00
9.866985841380598643e+00
9.839164934683157782e+00
9.812561178718747001e+00
9.798840232318383414e+00
9.766479658256685070e+00
9.764962817200526501e+00
9.762045415668731962e+00
9.759149741489801855e+00
9.756089759912818238e+00
9.752949120838898978e+00
9.743269243271081237e+00
9.738089321494353356e+00
9.732931149054573794e+00
9.732734291014423889e+00
9.732073338090295067e+00
9.717590486800892435e+00
9.705995525201169372e+00
9.678318732389540102e+00
9.658977698317061211e+00
9.647447370541527789e+00
9.627849412086257885e+00
9.627320690180265927e+00
9.630389512836321941e+00
