2.108546902361802111e+01
2.108662704550291878e+01
2.108369509548267828e+01
2.105464367009752280e+01
2.103096405744761199e+01
2.095919305223626239e+01
2.094107559507946092e+01
2.088725284564577933e+01
2.087416351212931787e+01
2.087114962998116141e+01
2.086770996201567385e+01
2.086643672399016225e+01
2.086420229954266503e+01
2.083022865121958844e+01
2.078620484679501246e+01
2.078344531351240931e+01
2.070128473727877250e+01
2.068332086037938566e+01
2.066395393858766028e+01
2.062219602621549797e+01
2.061184823544032341e+01
2.060801407089018866e+01
2.059250440452038333e+01
2.058542597502237470e+01
2.055841082336208459e+01
2.049310014323613061e+01
2.043467280188094293e+01
2.037892073091131806e+01
2.035020115991552814e+01
2.028259135167145999e+01
2.027943053963403131e+01
2.027335597919532972e+01
2.026733469140902244e+01
2.026098181463480685e+01
2.025446475952481507e+01
2.023431325300302319e+01
2.022350658235450283e+01
2.021274002450586948e+01
2.021232906659101403e+01
2.021094924784841851e+01
2.018071064848264484e+01
2.015650351210675950e+01
2.009875817621284355e+01
2.005846413925053184e+01
2.003448966196000569e+01
1.999406665255381554e+01
1.999331991553663812e+01
1.999999924782732563e+01
