1.063060339627199369e+01
1.063386839304874165e+01
1.064343458873742065e+01
1.064905820241482814e+01
1.064821936242098133e+01
1.064268715720176317e+01
1.064205876392437489e+01
1.065047570598180293e+01
1.066262976824466868e+01
1.066903831238657041e+01
1.068462649964307332e+01
1.069414076043530848e+01
1.070527283181197298e+01
1.073457247648158841e+01
1.073957800664032547e+01
1.073965030692299827e+01
1.073943733399536349e+01
1.074011634321664843e+01
1.074199525412623046e+01
1.075776932435169009e+01
1.077152999914957121e+01
1.078128380173511403e+01
1.082000423605934181e+01
1.082641728641173096e+01
1.083678415502837922e+01
1.083872372994658129e+01
1.083389798515525015e+01
1.082911907052215206e+01
1.082787903455548495e+01
1.083874502843658050e+01
1.084063322964341403e+01
1.084523893952674101e+01
1.085156851125429434e+01
1.086072193386454821e+01
1.087144589385906102e+01
1.089077050344509345e+01
1.089503232847758341e+01
1.089744934135130272e+01
1.089751630808713045e+01
1.089772978166928574e+01
1.089929434793783791e+01
1.089802317972062262e+01
1.089146546374158575e+01
1.088642273856887321e+01
1.088427939264238375e+01
1.089007674708559037e+01
1.090121533735785242e+01
1.091168972430881823e+01
