2.023953231981390388e+01
2.024262788405173907e+01
2.024805259933643242e+01
2.023553619531179137e+01
2.022134038836805203e+01
2.017637074311721790e+01
2.016569852075713243e+01
2.014244307898033526e+01
2.014506985300184994e+01
2.014864390886906165e+01
2.015957335400033301e+01
2.016676492230355677e+01
2.017485142026113110e+01
2.018186735988674485e+01
2.016356215736580637e+01
2.016221855672368335e+01
2.012079376776292960e+01
2.011258458524692472e+01
2.010488825999020079e+01
2.009986262362786036e+01
2.010832070674397798e+01
2.011606583563576933e+01
2.014736583540178572e+01
2.015061162436546383e+01
2.014899151406076072e+01
2.012209241054119957e+01
2.009161234229922499e+01
2.006258611686588011e+01
2.004901738001540323e+01
2.003216719142997704e+01
2.003288610529700975e+01
2.003533568616140315e+01
2.003969611092478686e+01
2.004702089881399374e+01
2.005604219098865926e+01
2.006903954570403670e+01
2.006937059396005552e+01
2.006770295461747011e+01
2.006761166296248078e+01
2.006729271509265899e+01
2.005689949370158232e+01
2.004582334118852671e+01
2.001558632984558628e+01
1.999405038384914945e+01
1.998223733105475119e+01
1.997307450993605826e+01
1.998547070130207004e+01
1.999999927398004829e+01
