2.733400279383964904e+00
2.738507954102833875e+00
2.783057451281477856e+00
2.806182372226480481e+00
2.807395339688135483e+00
2.814889469441051340e+00
2.836217417304476740e+00
2.859567510538092439e+00
2.864606857686041508e+00
2.895592476040938390e+00
2.900974842635167583e+00
2.910687330548804130e+00
2.921774559186641529e+00
2.958139579303292965e+00
2.978995743258994189e+00
2.987636091840020214e+00
3.017617711601159769e+00
3.036902058288776463e+00
3.050064368593746966e+00
3.066627526074888532e+00
3.084211078735111577e+00
3.098726218201133698e+00
3.120336956867446165e+00
3.123970132342897443e+00
3.134431195188378982e+00
3.151228063913648736e+00
3.164056115789694701e+00
3.173132375492410340e+00
3.175572805034304835e+00
3.204895068137758152e+00
3.208610683039490485e+00
3.242717884165175590e+00
3.277800672125497972e+00
3.388903596061503709e+00
3.443764160234660476e+00
3.444468079821906503e+00
3.448052720559233286e+00
3.449983803790833026e+00
3.450420768307740804e+00
3.477023948148995736e+00
3.495460879789005659e+00
3.496108940519390806e+00
3.502979491076745333e+00
