1.283569772062915115e+00
1.266686677009177586e+00
1.164416367005211894e+00
1.143359447298775811e+00
1.142849414497451033e+00
1.140962960430988549e+00
1.146538187703547873e+00
1.166369606296076444e+00
1.171688378101236383e+00
1.205568891459609215e+00
1.211204166867940746e+00
1.221056435097782167e+00
1.231847687021726756e+00
1.265301356817383427e+00
1.284366335426120109e+00
1.292433926651954890e+00
1.321684945307378012e+00
1.341743462004237664e+00
1.356017743307905921e+00
1.374569442944352904e+00
1.394700087881695749e+00
1.411184338616735756e+00
1.433801818011065876e+00
1.437183169514826719e+00
1.446059823520652321e+00
1.458174474296094481e+00
1.466907183085072619e+00
1.473397453306757310e+00
1.475216886690219553e+00
1.500056267773513197e+00
1.503599531378363885e+00
1.539784555117225562e+00
1.582694204068388899e+00
1.740134273895171724e+00
1.794940668266592265e+00
1.795169441730719351e+00
1.796490467230089871e+00
1.797343079062989180e+00
1.797551632919534681e+00
1.820109274081704198e+00
1.843078852459502981e+00
1.843952340365222486e+00
1.853432553230129232e+00
