4.964325659940914193e+01
4.969107211510233668e+01
4.988697129896007709e+01
5.024318129110825737e+01
5.043709763137748325e+01
5.097154602465116824e+01
5.112011349335638499e+01
5.174501268710116619e+01
5.207792331830867738e+01
5.221937286431174385e+01
5.252972855331799451e+01
5.271236328976578278e+01
5.293324138829810721e+01
5.376943835256842874e+01
5.425507009344459419e+01
5.428105526439833994e+01
5.500593406465214485e+01
5.517532506517439828e+01
5.537707730517684013e+01
5.601056999516357848e+01
5.633515994249982839e+01
5.653467098571254468e+01
5.732681258678441338e+01
5.749598408902751601e+01
5.790049847437029484e+01
5.848039885658133130e+01
5.888182571979911728e+01
5.925455094986774895e+01
5.946272734036806185e+01
6.015262578156028184e+01
6.020507205698040565e+01
6.032013441587108105e+01
6.045986841870487183e+01
6.064299448744461074e+01
6.084908686577860237e+01
6.127840078025292314e+01
6.141874011773008135e+01
6.153182791065930957e+01
6.153577556733620924e+01
6.154886435340566919e+01
6.179037396027855777e+01
6.194699491905495137e+01
6.226890365747877354e+01
6.248549979692359813e+01
6.262554142069441099e+01
6.298764684737297870e+01
6.314222762002901845e+01
6.323559457028593300e+01
