3.467480324648931855e+00
3.478792015145421246e+00
3.525139636533623388e+00
3.609421489976476494e+00
3.655303563450611914e+00
3.781755197066360097e+00
3.816906389618619944e+00
3.964760476686326918e+00
4.043529957821816900e+00
4.076998145560089881e+00
4.150430779953283356e+00
4.193643452542629824e+00
4.245904662709147459e+00
4.443754475497218692e+00
4.558658823552411476e+00
4.564807151485364756e+00
4.736321917042378260e+00
4.776401851111903518e+00
4.824138067127709206e+00
4.974016035865375329e+00
5.050810313720097255e+00
5.098023433234186719e+00
5.285888102163179170e+00
5.326198368877060219e+00
5.423116661935380556e+00
5.564056568082886400e+00
5.663584256672018036e+00
5.757775086410890530e+00
5.811191799679278347e+00
5.992452632131398005e+00
6.006493611258865606e+00
6.037423660083366173e+00
6.075214168241546808e+00
6.125111097771101853e+00
6.181754108739875520e+00
6.301294507375637899e+00
6.340776311478450111e+00
6.372714709402877986e+00
6.373831430434503176e+00
6.377534847402891671e+00
6.446072155931969583e+00
6.490678950459956909e+00
6.582544059956409122e+00
6.644349209317994109e+00
6.684259896610424079e+00
6.787212792365508562e+00
6.831090648984647018e+00
6.857600468239282598e+00
