5.319130812120580032e+00
5.319855902163081574e+00
5.320936384303807998e+00
5.317092321057769411e+00
5.313101573913622921e+00
5.300740995197923411e+00
5.297837213146356916e+00
5.291613753322669922e+00
5.292485303487102222e+00
5.293561229749315977e+00
5.296871806749675393e+00
5.299115589197605836e+00
5.301770983280248650e+00
5.306743153356298315e+00
5.304629191840529501e+00
5.304439228504158166e+00
5.298869648901871621e+00
5.298163235015433514e+00
5.297967701770216031e+00
5.303045858455479156e+00
5.308909101525494556e+00
5.313294688169541757e+00
5.331634174556068473e+00
5.334801363633943083e+00
5.340123712019777535e+00
5.341827036344370505e+00
5.340264068181583390e+00
5.338898977051266037e+00
5.338945655451276195e+00
5.347048507494595704e+00
5.348223470418582259e+00
5.351046213126213758e+00
5.354866865528378206e+00
5.360343259613926215e+00
5.366771364773986974e+00
5.378832097322401751e+00
5.381797556125351711e+00
5.383696110295506543e+00
5.383753961170334001e+00
5.383941624464334552e+00
5.386253611623571302e+00
5.386646395695200873e+00
5.385569723059037806e+00
5.384598944178354607e+00
5.384561691373883185e+00
5.390272873625427508e+00
5.397118556620671193e+00
5.403154958284843268e+00
