1.024696979524481577e+01
1.024808867024007597e+01
1.024895335678374231e+01
1.023903873447551049e+01
1.022983787699896041e+01
1.020136745409179468e+01
1.019435445781392247e+01
1.017576560445717426e+01
1.017345086747641503e+01
1.017370775566930341e+01
1.017581791666934876e+01
1.017742750378246974e+01
1.017903967617085392e+01
1.017278024442328643e+01
1.015737065066475964e+01
1.015635052601010990e+01
1.012540322821593719e+01
1.011877910120957047e+01
1.011187866692457327e+01
1.009949228889737860e+01
1.009852800387526450e+01
1.009916858832083086e+01
1.010164511923610853e+01
1.010036758724567996e+01
1.009246424446630996e+01
1.006840383975953834e+01
1.004550006368424064e+01
1.002365952259030912e+01
1.001270791646535052e+01
9.990192857555662442e+00
9.989467031847899747e+00
9.988304311309795125e+00
9.987572632054964927e+00
9.987396264693147785e+00
9.987551172101628794e+00
9.984823164960751285e+00
9.981919049235774111e+00
9.978590532495879017e+00
9.978457455476666738e+00
9.978007927946945799e+00
9.967413116048051691e+00
9.958328463421473487e+00
9.935817780604367044e+00
9.920008228923125060e+00
9.910816540196833557e+00
9.897647448079352372e+00
9.900129349282174474e+00
9.905128828118854756e+00
