1.078745345659049093e+01
1.080116980652241843e+01
1.092333813535868536e+01
1.098786667638186287e+01
1.099125675580406103e+01
1.101219347442147622e+01
1.107150536558011567e+01
1.113547999747927086e+01
1.114911639579758074e+01
1.123168725287112046e+01
1.124582796570019205e+01
1.127120258554846188e+01
1.129993811636631307e+01
1.139210589541486840e+01
1.144303573515465189e+01
1.146358634848127878e+01
1.153162799487122392e+01
1.157188161556583239e+01
1.159724063028981078e+01
1.162603360882141601e+01
1.165175332659500107e+01
1.166828101522894379e+01
1.168437572808422686e+01
1.168634708503010700e+01
1.169203233398091157e+01
1.170578281792170650e+01
1.172333162302239273e+01
1.173957957071097091e+01
1.174443225157053483e+01
1.181490161864064348e+01
1.182505528644604631e+01
1.192596337961594344e+01
1.203832678387804300e+01
1.239272079714886310e+01
1.246391705148170637e+01
1.246358316985836723e+01
1.246244116466919927e+01
1.246228326820769716e+01
1.246229546304184588e+01
1.249031709941720258e+01
1.252834909437497402e+01
1.252984086637274252e+01
1.254615552695810798e+01
