3.574324731953311129e+00
3.591901850004919794e+00
3.663946184957676877e+00
3.795003535226963542e+00
3.866353681619111082e+00
4.062983329662348098e+00
4.117641001575337079e+00
4.347548473254841284e+00
4.470034378969045541e+00
4.522076950404413154e+00
4.636262896058632066e+00
4.703457241113663478e+00
4.784721976640084584e+00
5.092380598195940244e+00
5.271060637675803129e+00
5.280621431953145262e+00
5.547329228259069822e+00
5.609654536401468050e+00
5.683886275041126090e+00
5.916956764507861344e+00
6.036377270499436065e+00
6.109796402302646534e+00
6.401936562328624625e+00
6.464622601858478035e+00
6.615341057661681567e+00
6.834514543048989310e+00
6.989281446536199205e+00
7.135747893992708590e+00
7.218811697523602078e+00
7.500632490687829446e+00
7.522453176223443450e+00
7.570509739575130403e+00
7.629199162574668236e+00
7.706628904907097954e+00
7.794409393910244788e+00
7.979035979528409150e+00
8.039762502757023199e+00
8.088776029915141663e+00
8.090487898930009081e+00
8.096164103801719136e+00
8.200948696423873585e+00
8.268882622202136545e+00
8.408272277485357549e+00
8.501935444989333845e+00
8.562577991415933454e+00
8.721061183536527039e+00
8.790433332953675460e+00
8.833239068200869681e+00
