6.922866343919320542e+00
6.926584765149426559e+00
6.939059719034657903e+00
6.953073215361950332e+00
6.957717861729082465e+00
6.967363263232108750e+00
6.970479191653724982e+00
6.990809121795459546e+00
7.006999911366643019e+00
7.014822390830488530e+00
7.033307044250875606e+00
7.044629229694353789e+00
7.058300068919240999e+00
7.103576720114588738e+00
7.122905258532544082e+00
7.123818657968612023e+00
7.147729064483327122e+00
7.153699210448572821e+00
7.161439286054666731e+00
7.191687137956424891e+00
7.210652887637993835e+00
7.223110462830908851e+00
7.272597474342479273e+00
7.282021773850682500e+00
7.301480706564136725e+00
7.321382896677767427e+00
7.331388942045854229e+00
7.340597295000194755e+00
7.346697543985666989e+00
7.376782606221446770e+00
7.379775021009623792e+00
7.386654302593424148e+00
7.395516913046584762e+00
7.407752891057162614e+00
7.421908375200331420e+00
7.449929577548967785e+00
7.457921802687317303e+00
7.463764272076670814e+00
7.463957921695629771e+00
7.464594904916783236e+00
7.474934454354103863e+00
7.480274667896521734e+00
7.488915757375615101e+00
7.494429428670790649e+00
7.498738580426982381e+00
7.517218500638457535e+00
7.530694284488800960e+00
7.541251115779708414e+00
