1.096774141011555912e+02
1.097624232094849788e+02
1.101107413282942815e+02
1.107441617723481500e+02
1.110889883144211439e+02
1.120393261981554787e+02
1.123035011620175680e+02
1.134146850101233781e+02
1.140066721075403535e+02
1.142582002289462366e+02
1.148100778884410857e+02
1.151348387007788006e+02
1.155276018163474845e+02
1.170145090695596508e+02
1.178780483152348069e+02
1.179242546750205349e+02
1.192132303284677164e+02
1.195144396840409229e+02
1.198731872916539345e+02
1.209995518229436868e+02
1.215766788328426600e+02
1.219314972745480645e+02
1.233433507571008363e+02
1.236462934638229143e+02
1.243746607189975322e+02
1.254338592245624540e+02
1.261818315509581083e+02
1.268896990214577158e+02
1.272911419215593867e+02
1.286532495277617443e+02
1.287587306015464890e+02
1.289910502190530792e+02
1.292748021978834743e+02
1.296492144867602292e+02
1.300737506485062625e+02
1.309668416441535896e+02
1.312606146568983263e+02
1.314977248057555528e+02
1.315060062200383300e+02
1.315334656420534714e+02
1.320403744340261198e+02
1.323690143495437326e+02
1.330432906388246579e+02
1.334961480912218690e+02
1.337890445908659558e+02
1.345513576174249408e+02
1.348821717600984869e+02
1.350848441842056786e+02
