1.123732316826023592e+01
1.123744480599351370e+01
1.123387509649417915e+01
1.121486212459010900e+01
1.120040225661879596e+01
1.115747042415540413e+01
1.114663324181849369e+01
1.111366739982957164e+01
1.110491798588467738e+01
1.110267353794580636e+01
1.109968932345898551e+01
1.109849609571160478e+01
1.109684536428084911e+01
1.107859758975527953e+01
1.105617917273142936e+01
1.105478684232402031e+01
1.101407784146579694e+01
1.100546728013222797e+01
1.099641169369866311e+01
1.097896511554871779e+01
1.097640151326441327e+01
1.097633557701425566e+01
1.097714594250311926e+01
1.097556530067892488e+01
1.096677215983443254e+01
1.094090565473111099e+01
1.091659473063863039e+01
1.089369914045470011e+01
1.088240328387511369e+01
1.086070703298623208e+01
1.086017837408667219e+01
1.085950965332010121e+01
1.085948068021389901e+01
1.086036294815711578e+01
1.086182843293885192e+01
1.086182515658590653e+01
1.085970049754452837e+01
1.085693327997852542e+01
1.085681861781162816e+01
1.085642956011508353e+01
1.084678607712238296e+01
1.083816017631642659e+01
1.081634597319815505e+01
1.080102712353692418e+01
1.079228726460914167e+01
1.078144417222613427e+01
1.078577028764491530e+01
1.079224659173118361e+01
