1.104660851820954122e+02
1.105548416914782450e+02
1.109185147909794864e+02
1.115798593265121497e+02
1.119398877580019587e+02
1.129321229305369485e+02
1.132079447819431834e+02
1.143681196015914168e+02
1.149862076575629004e+02
1.152488259239116388e+02
1.158250367907914296e+02
1.161641170554427589e+02
1.165741982030260431e+02
1.181266693459450750e+02
1.190282869496111005e+02
1.190765308358680841e+02
1.204223464077237082e+02
1.207368384309997111e+02
1.211114061323889644e+02
1.222874419940067128e+02
1.228900200342783933e+02
1.232604859279882987e+02
1.247346028134437290e+02
1.250509055909152920e+02
1.258113947574433666e+02
1.269173056929934376e+02
1.276982651113802945e+02
1.284373511176474381e+02
1.288564985965184064e+02
1.302786785391825219e+02
1.303888115976183428e+02
1.306313771043101326e+02
1.309276432718508261e+02
1.313185680988070771e+02
1.317618273809965217e+02
1.326943058915131246e+02
1.330010349925579192e+02
1.332486022502804701e+02
1.332572488936673096e+02
1.332859193394657495e+02
1.338151839405801979e+02
1.341583175726630941e+02
1.348623307683434405e+02
1.353351600302718509e+02
1.356409737376116311e+02
1.364369058237228387e+02
1.367823092392048352e+02
1.369939197123535735e+02
