1.547486055817331362e+03
1.547206761284057166e+03
1.546018994944615770e+03
1.543736960062048183e+03
1.542458694321021994e+03
1.538904004972826215e+03
1.537918374940298690e+03
1.533803785286321272e+03
1.531624792507835309e+03
1.530699088649674422e+03
1.528663857392585669e+03
1.527461165172564506e+03
1.525998838496005419e+03
1.520327906449040938e+03
1.516881600028899584e+03
1.516693224669847950e+03
1.511273778136755254e+03
1.509966546282433683e+03
1.508394510198106445e+03
1.503393486853147806e+03
1.500815046641624349e+03
1.499227840955602915e+03
1.492867238893450349e+03
1.491482436776579789e+03
1.488106854785197356e+03
1.483075463918595688e+03
1.479457566675062480e+03
1.476016514894522970e+03
1.474067694762976771e+03
1.467502374791557486e+03
1.466996641319989521e+03
1.465883337749029579e+03
1.464523800013073469e+03
1.462728200773517301e+03
1.460686443843738743e+03
1.456355377622937340e+03
1.454916980992638173e+03
1.453750524518024349e+03
1.453709694391042376e+03
1.453574266750654942e+03
1.451062273643068693e+03
1.449421857668547091e+03
1.446029462684105511e+03
1.443733592336437823e+03
1.442242704851187227e+03
1.438348890331331177e+03
1.436657937901954710e+03
1.435623435529706057e+03
