1.565554081865546898e+00
1.569407404976495224e+00
1.583963828822254616e+00
1.606171193894654126e+00
1.616489792481765164e+00
1.641140363285902959e+00
1.647499540802968454e+00
1.674564718205515224e+00
1.690092502152573228e+00
1.697018014595023772e+00
1.712899988203933521e+00
1.722648713374973717e+00
1.734766887685599945e+00
1.782299155948448677e+00
1.809790989882704704e+00
1.811243196885555129e+00
1.850843825615543725e+00
1.859869614489326306e+00
1.870535410006370247e+00
1.903607651771700660e+00
1.920356608830890766e+00
1.930569898929164863e+00
1.970078378310496925e+00
1.978215320555443801e+00
1.997159489370712304e+00
2.023197274195367878e+00
2.040817093747647082e+00
2.057302981186586166e+00
2.066703333525680364e+00
2.099448843775933327e+00
2.102043000858254462e+00
2.107777385516124369e+00
2.114807864737569432e+00
2.124093983199149438e+00
2.134567986810768758e+00
2.156027946288299635e+00
2.162825211933788072e+00
2.168198384417155289e+00
2.168384185013768395e+00
2.168999358560820934e+00
2.180113178268893392e+00
2.187097248484371370e+00
2.201101797751906286e+00
2.210532698769297699e+00
2.216795883533591027e+00
2.234467475083181665e+00
2.243115975884475866e+00
2.248816763202011515e+00
