8.669500916993621686e+00
8.670705193717624937e+00
8.672552675545105672e+00
8.666418495136980482e+00
8.659968106085852213e+00
8.639877715575538630e+00
8.635127396811776990e+00
8.624671404431696331e+00
8.625713459088791168e+00
8.627249507544986429e+00
8.632030906661670500e+00
8.635229211871426003e+00
8.638896476439303029e+00
8.643315151920305084e+00
8.636789035318596319e+00
8.636294384847710504e+00
8.621235381733329817e+00
8.618463593743834750e+00
8.616109391356006952e+00
8.617287489719329230e+00
8.622818323582677635e+00
8.627370294631287351e+00
8.646100294065927727e+00
8.648709733737630856e+00
8.651046158354322557e+00
8.644162340332240291e+00
8.634534774262281331e+00
8.625455337168505210e+00
8.621590047065831541e+00
8.621199279467420595e+00
8.622049006077796562e+00
8.624297603153895153e+00
8.627641126529091764e+00
8.632743323552295678e+00
8.638857623661813534e+00
8.649229125124200834e+00
8.650970741835919853e+00
8.651554483276997942e+00
8.651560825775529651e+00
8.651574951322588802e+00
8.649920694606821669e+00
8.647005493151468158e+00
8.637847945556259788e+00
8.631206316030617387e+00
8.627833885379962098e+00
8.628373247273135149e+00
8.635657186746360736e+00
8.643102198734830210e+00
