1.061234009340734863e+00
1.062298133756313767e+00
1.068235894502450822e+00
1.069072029118645517e+00
1.069080520955781655e+00
1.069071371241356649e+00
1.068706023314723863e+00
1.068683748618701079e+00
1.068863400046473844e+00
1.072028765446698229e+00
1.072926295633512606e+00
1.074755662247907306e+00
1.077113824914120110e+00
1.085981103992795793e+00
1.091281084666968049e+00
1.093434573860496917e+00
1.100444940099387647e+00
1.104382097818799480e+00
1.106720242260593290e+00
1.109174972884371169e+00
1.111097017129021536e+00
1.112132563273776631e+00
1.113143884680119378e+00
1.113356401669399975e+00
1.114307077665980472e+00
1.117591809816206538e+00
1.121819285710483172e+00
1.125581957745420691e+00
1.126684035286542818e+00
1.142065260319634401e+00
1.144225415416964875e+00
1.165474694708187764e+00
1.189373156780141105e+00
1.281289151056389297e+00
1.359093067464550275e+00
1.360222383599321239e+00
1.365674580607027622e+00
1.368401919387036481e+00
1.368999209015560270e+00
1.396021497917385501e+00
1.409286089786454532e+00
1.409712359596376530e+00
1.414107954140018997e+00
