2.500220393417112064e+02
2.501125605599221160e+02
2.504834637296676760e+02
2.511579550845804079e+02
2.515251405610691791e+02
2.525371018052478007e+02
2.528184074177149512e+02
2.540016492185729362e+02
2.546320269334745774e+02
2.548998670954956651e+02
2.554875357072214968e+02
2.558333587033078231e+02
2.562515946883679021e+02
2.578349401931380385e+02
2.587544900838310014e+02
2.588036935307200679e+02
2.601762786619717644e+02
2.604970266518640756e+02
2.608790455641629364e+02
2.620784776218562797e+02
2.626930443933692345e+02
2.630708813187873716e+02
2.645743306392494105e+02
2.648969278015616737e+02
2.656725513864018353e+02
2.668004731782484669e+02
2.675969776457340572e+02
2.683507763995622781e+02
2.687782682074160334e+02
2.702287635870659983e+02
2.703410895838254078e+02
2.705884850918773736e+02
2.708906507536608501e+02
2.712893603153464142e+02
2.717414469204397847e+02
2.726924967462814493e+02
2.730053351174564682e+02
2.732578334599774621e+02
2.732666523318326881e+02
2.732958938506935738e+02
2.738357010196788792e+02
2.741856700258966839e+02
2.749037084132007749e+02
2.753859579140225833e+02
2.756978646563135840e+02
2.765096561752981188e+02
2.768619427103381554e+02
2.770777703382679533e+02
