1.100866111850582207e+01
1.100941892425373325e+01
1.100851853007599956e+01
1.099451697277195805e+01
1.098280558996682110e+01
1.094722326217582697e+01
1.093831971065409014e+01
1.091273561542125492e+01
1.090737409081643783e+01
1.090645532318198185e+01
1.090615717279179364e+01
1.090641230564823694e+01
1.090639504476193444e+01
1.089333764226334722e+01
1.087327260664557471e+01
1.087199163406146241e+01
1.083368351273245445e+01
1.082541192707463651e+01
1.081663703625111239e+01
1.079916676512578988e+01
1.079607271904428245e+01
1.079552397599998592e+01
1.079349348492722527e+01
1.079116331921801830e+01
1.078043777432422345e+01
1.075149460644724364e+01
1.072479819089223341e+01
1.069941721557252023e+01
1.068658822442847445e+01
1.065891284812017226e+01
1.065787091267872633e+01
1.065604847572783953e+01
1.065456998289953461e+01
1.065348020807907048e+01
1.065264454435939534e+01
1.064767083335270037e+01
1.064389747450102419e+01
1.063980043326587044e+01
1.063963936031134416e+01
1.063909643464491772e+01
1.062661852267272877e+01
1.061615878990053830e+01
1.059055726700799305e+01
1.057262752698806629e+01
1.056214122871081784e+01
1.054638791257792363e+01
1.054834547071252615e+01
1.055327703810151974e+01
