2.525522902607917786e+00
2.528811487163566962e+00
2.522416233162948718e+00
2.517153245288158647e+00
2.517192374601366023e+00
2.518353267327367195e+00
2.530574045812544082e+00
2.553864059240893880e+00
2.558995415064816648e+00
2.583156240732159770e+00
2.586049444666202568e+00
2.590759244450369980e+00
2.595898704556747205e+00
2.618019988545967625e+00
2.637106555837394950e+00
2.646407791439805646e+00
2.683166127870015405e+00
2.708091435411940751e+00
2.724170469465583277e+00
2.741646205327768815e+00
2.754698649546673206e+00
2.759829225790944474e+00
2.759502421790514415e+00
2.759334026962771080e+00
2.760993002522452500e+00
2.776065642436958747e+00
2.799161786538354679e+00
2.819952334630327240e+00
2.825983361918341430e+00
2.905525894533778963e+00
2.915979937894776608e+00
3.010754692823713441e+00
3.104007166634701331e+00
3.423018900394330544e+00
3.780036118163427439e+00
3.786100504387305055e+00
3.815339564614926182e+00
3.829889022545624133e+00
3.833064156904033126e+00
3.967835836416195416e+00
4.025003684298894768e+00
4.026732272500979981e+00
4.044169297058239465e+00
