1.385128732653804429e+00
1.387675453747386323e+00
1.397478010899356304e+00
1.413255353344305743e+00
1.421090469185008143e+00
1.441569484287185787e+00
1.447245090394834843e+00
1.472237027747459681e+00
1.486503205276807460e+00
1.492746227915225266e+00
1.506715634741482068e+00
1.515038899640080094e+00
1.525121675855534376e+00
1.562242243421306354e+00
1.582532459111543055e+00
1.583594518160389875e+00
1.612827619924252387e+00
1.619693266658765340e+00
1.627965968603437785e+00
1.654885872303846650e+00
1.669230184474461032e+00
1.678167352962701919e+00
1.713512724726907521e+00
1.720839041422639104e+00
1.737820168176070323e+00
1.760889872805002865e+00
1.776412838939954053e+00
1.791061891022308616e+00
1.799539211021835339e+00
1.830074611951854502e+00
1.832562422408226199e+00
1.838094139055497900e+00
1.844932629955827075e+00
1.854048220140491088e+00
1.864420069420039239e+00
1.885833063411529675e+00
1.892620709025024883e+00
1.897975176652690221e+00
1.898160078374154125e+00
1.898772137480145172e+00
1.909784401987811187e+00
1.916649332284327212e+00
1.930265358757081051e+00
1.939342533455596707e+00
1.945353858807478575e+00
1.962397619551522254e+00
1.970847699787453111e+00
1.976469418460935712e+00
