2.360354663693833572e+02
2.359991371078057796e+02
2.358380234633856105e+02
2.355099675070894705e+02
2.353206043755511701e+02
2.347867298604927271e+02
2.346382517216086967e+02
2.340198821686036581e+02
2.336931704870561646e+02
2.335543036067454636e+02
2.332482599465325279e+02
2.330665342304188243e+02
2.328441580706604839e+02
2.319550573025780125e+02
2.313839585884457222e+02
2.313519747375337658e+02
2.304010010880204788e+02
2.301642584481759570e+02
2.298769323267055142e+02
2.289513517297147303e+02
2.284709562400005609e+02
2.281746496826307578e+02
2.269772447449898607e+02
2.267126886809050461e+02
2.260594975556160193e+02
2.250642597591126446e+02
2.243373294517587055e+02
2.236429857581459544e+02
2.232503214250075985e+02
2.219381843010955322e+02
2.218378502217504717e+02
2.216172548902516155e+02
2.213482534133922570e+02
2.209932526036920422e+02
2.205893070682322445e+02
2.197280409756093889e+02
2.194399359698660419e+02
2.192053998308724374e+02
2.191971752912160696e+02
2.191698883835952074e+02
2.186617461863976644e+02
2.183279495165678270e+02
2.176335940625006629e+02
2.171615490648209743e+02
2.168546078708963876e+02
2.160538541752511321e+02
2.157076207091610911e+02
2.154965835885351737e+02
