1.172582001611590385e+01
1.177522256348651553e+01
1.225154167703242258e+01
1.254159376907279544e+01
1.255780349466549595e+01
1.266026997531720788e+01
1.297313553093572480e+01
1.334207029770645470e+01
1.342292564724995430e+01
1.390433020591442848e+01
1.398321870676776868e+01
1.412138922476424518e+01
1.427273334807362914e+01
1.473028965249739741e+01
1.497508008579923988e+01
1.507465165418459740e+01
1.541962855483021322e+01
1.564787247440538742e+01
1.581039732147729460e+01
1.602729861152247892e+01
1.627989112595371779e+01
1.651303500290877224e+01
1.691346752288831112e+01
1.698684510353016108e+01
1.720345269197302684e+01
1.754505153958220731e+01
1.778094950319859535e+01
1.793152764064002369e+01
1.796982371153035984e+01
1.837179580765775100e+01
1.841668211315320036e+01
1.878939955013282415e+01
1.912960228620666214e+01
2.027102516391047971e+01
2.147106217458574662e+01
2.149099655199428227e+01
2.158708514226633568e+01
2.163489465860770622e+01
2.164532858431058315e+01
2.208953677797316573e+01
2.228032430371010975e+01
2.228614001686072399e+01
2.234501408646154985e+01
