2.230171977909712666e+01
2.230029357716872696e+01
2.228615705905712474e+01
2.223477009070887789e+01
2.219823517493964360e+01
2.209014106354164042e+01
2.206195996140786164e+01
2.196704256074676209e+01
2.193297778997384739e+01
2.192119785388277364e+01
2.189867455917940475e+01
2.188617039157834299e+01
2.187023932758330602e+01
2.178163467617860505e+01
2.170306660876968863e+01
2.169839967719055807e+01
2.156117192673515959e+01
2.152997681458630908e+01
2.149476093077794303e+01
2.140297160667233456e+01
2.136689136623114038e+01
2.134715661218328009e+01
2.126676371933511689e+01
2.124522184065533281e+01
2.118238373646727979e+01
2.106227333478850738e+01
2.096357826239517763e+01
2.086905330486652588e+01
2.081824627995471744e+01
2.067603860137003835e+01
2.066713264723446031e+01
2.064840999136529121e+01
2.062693389534310739e+01
2.060012704490230462e+01
2.057023231348985703e+01
2.049964135843598001e+01
2.047170056651823344e+01
2.044686371221651555e+01
2.044595723330521153e+01
2.044293235238173878e+01
2.038175328948350185e+01
2.033689828874609518e+01
2.023543378892443201e+01
2.016495204989237777e+01
2.012123158993702887e+01
2.002933702330941657e+01
2.000658621469110798e+01
1.999999920738902404e+01
