1.445364396553486586e+00
1.447837570464105328e+00
1.468737325184100495e+00
1.476791392351131327e+00
1.477146696191543374e+00
1.479226201635387650e+00
1.484775259401085457e+00
1.493283080804828522e+00
1.495851146001802023e+00
1.518158570777596861e+00
1.522946088054939917e+00
1.531983316465661549e+00
1.542681624729630885e+00
1.577878275824631471e+00
1.597020198440963101e+00
1.604663869938796950e+00
1.630111632813128653e+00
1.645939445754740937e+00
1.656703321853582045e+00
1.670394953938667770e+00
1.685279483044521243e+00
1.697832443445148387e+00
1.716165142297383817e+00
1.719042564449718258e+00
1.726691004310558553e+00
1.736675789850259166e+00
1.742846389235977345e+00
1.746876327574893972e+00
1.747944625921052042e+00
1.761249411238708928e+00
1.763054700940283492e+00
1.781234662130787960e+00
1.802956275922725116e+00
1.898417029118745880e+00
2.009361432052634289e+00
2.011223364722417362e+00
2.020172618076346627e+00
2.024604782966747951e+00
2.025569835062008384e+00
2.065460140288875479e+00
2.081569240454929304e+00
2.082048643004872357e+00
2.086862413910466341e+00
