6.097368731838068925e+02
6.099078948175346113e+02
6.106086418807741438e+02
6.118829593180045094e+02
6.125766845387715875e+02
6.144885926191166163e+02
6.150200672742897723e+02
6.172555881667115045e+02
6.184465761287232226e+02
6.189526138118310428e+02
6.200629136106012993e+02
6.207162882728069917e+02
6.215064761014334636e+02
6.244979550282457694e+02
6.262353044057185798e+02
6.263282669522636752e+02
6.289215662281055756e+02
6.295275741289099187e+02
6.302493454216868258e+02
6.325155091497177864e+02
6.336766521826622238e+02
6.343905262098571711e+02
6.372311055169033125e+02
6.378406136961922357e+02
6.393060620654412105e+02
6.414371404640419314e+02
6.429420471155834775e+02
6.443662682360883309e+02
6.451739685872655627e+02
6.479145301513960931e+02
6.481267588539564031e+02
6.485941879950066777e+02
6.491651001508801073e+02
6.499184229020545445e+02
6.507725969216148769e+02
6.525695155972124439e+02
6.531605946277724115e+02
6.536376669761472158e+02
6.536543294241635067e+02
6.537095785932552872e+02
6.547294951487509707e+02
6.553907301895247883e+02
6.567474002499195649e+02
6.576585686577470824e+02
6.582478895111257771e+02
6.597817006433002689e+02
6.604473168138357551e+02
6.608551053995878419e+02
