1.410381302237510681e+01
1.392054564064120648e+01
1.300868546467045483e+01
1.294401272510594403e+01
1.294681328915745233e+01
1.297597997100225697e+01
1.315205828301170854e+01
1.344269066546558555e+01
1.351112713840430679e+01
1.392742109386457372e+01
1.399604118474391257e+01
1.411624777398884589e+01
1.424793724952847285e+01
1.464629107595112600e+01
1.485942263235715011e+01
1.494607714291563205e+01
1.524605191602961618e+01
1.544435629015746514e+01
1.558553893914763222e+01
1.577399410065202545e+01
1.599360394080410686e+01
1.619657543907392849e+01
1.654664349268105283e+01
1.661115596987656318e+01
1.680266689321651796e+01
1.710929115151282431e+01
1.732541259081884988e+01
1.746550664065764380e+01
1.750140788505772349e+01
1.788449115245563448e+01
1.792790023794217902e+01
1.829177507175792172e+01
1.862683377401525675e+01
1.974787793084887255e+01
2.091681977669732362e+01
2.093618798127035063e+01
2.102956063151540889e+01
2.107603150287379279e+01
2.108617470224943702e+01
2.151872971917148547e+01
2.170483917124606421e+01
2.171051068113680671e+01
2.176790615696843645e+01
