2.124933332763030194e+02
2.125760853046261047e+02
2.129151647935603933e+02
2.135318019356834043e+02
2.138674937822221125e+02
2.147926566963641619e+02
2.150498342399680212e+02
2.161315919518133342e+02
2.167079060967180624e+02
2.169527756062225592e+02
2.174900448261613235e+02
2.178062098772741990e+02
2.181885781851061665e+02
2.196361416661547139e+02
2.204768373716253507e+02
2.205218215349742366e+02
2.217767077259563848e+02
2.220699523773079989e+02
2.224192144427024687e+02
2.235158011006045626e+02
2.240776729977946502e+02
2.244231135572600806e+02
2.257976595273511577e+02
2.260925985381650207e+02
2.268017238370054827e+02
2.278329439484296302e+02
2.285611624402298503e+02
2.292503385575541586e+02
2.296411824824322991e+02
2.309673314499150649e+02
2.310700281400482936e+02
2.312962153315283160e+02
2.315724773549958400e+02
2.319370062061373687e+02
2.323503331762661617e+02
2.332198096364544710e+02
2.335057929729847501e+02
2.337366026322123957e+02
2.337446637377076684e+02
2.337713925303653468e+02
2.342647706155858032e+02
2.345845837153429443e+02
2.352405615552941640e+02
2.356809385173149565e+02
2.359656545526115679e+02
2.367061102562387589e+02
2.370270763209197185e+02
2.372235623590806313e+02
