1.081067111155675597e+01
1.081033466944538191e+01
1.080497372584316196e+01
1.078293383895936763e+01
1.076687467526466335e+01
1.071938349643694899e+01
1.070718956839449554e+01
1.066792347838458355e+01
1.065543697063545814e+01
1.065153960730279614e+01
1.064482781398846356e+01
1.064139523219306938e+01
1.063701010676016878e+01
1.060832464772898476e+01
1.057972130611189243e+01
1.057799090547223742e+01
1.052728979671590004e+01
1.051613516603623211e+01
1.050392250041146447e+01
1.047563692526611057e+01
1.046703276126866200e+01
1.046313281360516179e+01
1.044831524292500546e+01
1.044339847516272357e+01
1.042672154031684784e+01
1.038976370674042471e+01
1.035775723204281284e+01
1.032749944331193959e+01
1.031193267990245843e+01
1.027497699864629155e+01
1.027321670178511681e+01
1.026981473064247830e+01
1.026641511659955874e+01
1.026281294655820453e+01
1.025917619543223580e+01
1.024856424444178593e+01
1.024303163752175827e+01
1.023755260682003332e+01
1.023734388095839876e+01
1.023664324383943125e+01
1.022133290185268883e+01
1.020910928504766346e+01
1.018000690823607179e+01
1.015974516857287746e+01
1.014772030848643780e+01
1.012766084967147329e+01
1.012752481807827465e+01
1.013107977816776284e+01
