4.012791187214111233e+01
4.014099143721807650e+01
4.015462135831830892e+01
4.016880735216000176e+01
4.018354915617987899e+01
4.019884457257398935e+01
4.021468905821041062e+01
4.023107552251303787e+01
4.024799403970712319e+01
4.026543161618292288e+01
4.028337192612411854e+01
4.030179496803657457e+01
4.032067672225889510e+01
4.033998874648671062e+01
4.035969778953221976e+01
4.037976537114889197e+01
4.040014731183157437e+01
4.042079314921113564e+01
4.044164565747257711e+01
4.046264021862668869e+01
4.048370307123798284e+01
