4.979930513794533908e+01
5.010571922814215640e+01
5.306075754037358649e+01
5.486033441645616193e+01
5.496089084388429313e+01
5.559648450492930749e+01
5.753648558672158941e+01
5.982278618065018350e+01
6.032369024575547201e+01
6.330541510963072938e+01
6.379398973039933907e+01
6.464970586498671423e+01
6.558700711273237971e+01
6.842071524921101400e+01
6.993669771909787869e+01
7.055333493975743409e+01
7.268973960449145011e+01
7.410325217815636734e+01
7.510978387862611783e+01
7.645308667970724059e+01
7.801742084527742804e+01
7.946126966269225989e+01
8.194103412811591625e+01
8.239543453804043338e+01
8.373681364459952192e+01
8.585227311648525017e+01
8.731316451374712528e+01
8.824566456593909436e+01
8.848282074226413840e+01
9.097200003583512284e+01
9.124994442914285742e+01
9.355791658123565924e+01
9.566476791717219896e+01
1.027213748315821107e+02
1.100588753655545702e+02
1.101802977559962500e+02
1.107655909297196075e+02
1.110568141360609928e+02
1.111203709488362961e+02
1.138238921466257949e+02
1.149792835017864689e+02
1.150143815185039813e+02
1.153691557435592330e+02
