1.131482932567600486e+01
1.131819612454418333e+01
1.132798926789767258e+01
1.133348681499806609e+01
1.133244130302109198e+01
1.132651445595581308e+01
1.132592876786758929e+01
1.133565357181616484e+01
1.134926440986597029e+01
1.135642800255813967e+01
1.137389100184386947e+01
1.138460992353947177e+01
1.139725703530974421e+01
1.143235894711384759e+01
1.144068036524752863e+01
1.144093343022714926e+01
1.144628348522154582e+01
1.144849158695617319e+01
1.145234664259346324e+01
1.147552128354855938e+01
1.149372876990674897e+01
1.150638244634237140e+01
1.155714458418642110e+01
1.156610882839005150e+01
1.158239659259928445e+01
1.159237774730085491e+01
1.159303932173784446e+01
1.159360968978052497e+01
1.159557356300793529e+01
1.161867266739164961e+01
1.162159852307821772e+01
1.162852843274340131e+01
1.163775937639918112e+01
1.165081828093469163e+01
1.166602159874500266e+01
1.169462776283944905e+01
1.170181931511059581e+01
1.170653726052680632e+01
1.170668349313073264e+01
1.170715925450470785e+01
1.171341519598045799e+01
1.171504067006587313e+01
1.171418183635599597e+01
1.171294153554554818e+01
1.171334175154794011e+01
1.172656603585043733e+01
1.174153072664926967e+01
1.175460300652257573e+01
