2.864525252852454287e+02
2.865161727889997678e+02
2.867823715988827757e+02
2.872821351893040855e+02
2.875590740121720046e+02
2.883274151207745035e+02
2.885408052111056350e+02
2.894337762369998472e+02
2.899070899694493733e+02
2.901080288737420574e+02
2.905492427020538457e+02
2.908094751448256261e+02
2.911252240397419655e+02
2.923384932160564631e+02
2.930623382185765990e+02
2.931015439514458762e+02
2.942140925606128121e+02
2.944786414276409801e+02
2.947953649345400322e+02
2.957965600454542709e+02
2.963108542632255649e+02
2.966269903102773355e+02
2.978862764605152051e+02
2.981576300149897634e+02
2.988132164150540007e+02
2.997752768704841628e+02
3.004590114521143960e+02
3.011066421118043195e+02
3.014732915158208471e+02
3.027109777913998414e+02
3.028064320504751663e+02
3.030165297360645695e+02
3.032729448956575879e+02
3.036111156079613238e+02
3.039945821979187031e+02
3.048024909467569046e+02
3.050688119240417109e+02
3.052840009711970879e+02
3.052915206073248555e+02
3.053164559954802257e+02
3.057772741408068669e+02
3.060765185728133133e+02
3.066915181650942372e+02
3.071051852767812420e+02
3.073729129266503151e+02
3.080698343063290849e+02
3.083719755298845939e+02
3.085568546943844694e+02
