6.426008891210602592e+00
6.426867801598003638e+00
6.427955343786109665e+00
6.422427256833500131e+00
6.416926173421978241e+00
6.399593153547955993e+00
6.395289019522832241e+00
6.383588815687927465e+00
6.381601533490312228e+00
6.381368848645196934e+00
6.381387446586419543e+00
6.381299949680039774e+00
6.380612647363484768e+00
6.366038137242640893e+00
6.346930826050090957e+00
6.345718698419863912e+00
6.307687229333891921e+00
6.298449425955757519e+00
6.287698571946391368e+00
6.256961396098928319e+00
6.242732851676313643e+00
6.234048092452710854e+00
6.193383623583260444e+00
6.182177389971178272e+00
6.150245682480153242e+00
6.091375321211202731e+00
6.043392551096533616e+00
5.996295682532418958e+00
5.969923439469096316e+00
5.886791252303205546e+00
5.880783428395211843e+00
5.867692690143289980e+00
5.851862219411922084e+00
5.830933890121041685e+00
5.806547208393723736e+00
5.749407987233626116e+00
5.727935434442364304e+00
5.709395054724565988e+00
5.708726939140820633e+00
5.706501476704208820e+00
5.662559054570582617e+00
5.631161531732108649e+00
5.560305292793484178e+00
5.509142792867669058e+00
5.475341152688133484e+00
5.389205562413329709e+00
5.354855016453440975e+00
5.335398125656718449e+00
