6.116251920468162240e+00
6.092594783907714806e+00
5.866996495814122525e+00
5.725875746063668892e+00
5.717821409550221112e+00
5.666453260772450484e+00
5.504870922858085436e+00
5.307812353463433830e+00
5.264361307023452952e+00
5.012774165987581299e+00
4.973867162957713361e+00
4.908158748402824401e+00
4.840358354277949360e+00
4.668345009722296268e+00
4.599477426644086542e+00
4.576244753905069018e+00
4.515983964426324881e+00
4.491369988426066939e+00
4.479791558359016435e+00
4.470191887386973484e+00
4.464595232719990925e+00
4.461986936441597607e+00
4.457486934426659886e+00
4.456304948947348521e+00
4.452070306771545916e+00
4.444409260424378338e+00
4.440486797312642508e+00
4.439630461575838183e+00
4.439699880939511623e+00
4.450011782050863118e+00
4.452446666379504592e+00
4.484108093422944030e+00
4.530255411197406268e+00
4.724898735513421322e+00
4.782749848502851009e+00
4.782639187603979991e+00
4.782333166878059316e+00
4.782405297742506889e+00
4.782448119722415569e+00
4.801929172934586987e+00
4.827992115201901413e+00
4.829020901700252999e+00
4.840301003323624229e+00
