1.081478890036187401e+01
1.081562232559160819e+01
1.081505329006882654e+01
1.080168280107658774e+01
1.079029172527579661e+01
1.075532922034472882e+01
1.074649929823979200e+01
1.072061602990633489e+01
1.071466040249389273e+01
1.071339659666528199e+01
1.071215257998455428e+01
1.071173313567391183e+01
1.071078661741288762e+01
1.069309389655872522e+01
1.066945499509067119e+01
1.066796197900840149e+01
1.062275596001441791e+01
1.061257371493691082e+01
1.060136404104388852e+01
1.057510620621870778e+01
1.056686054562823252e+01
1.056294535815132285e+01
1.054626991999248276e+01
1.054058554678027271e+01
1.052155709193190170e+01
1.048000689624435822e+01
1.044402444178920319e+01
1.040952209884008894e+01
1.039135964727428529e+01
1.034465285019693859e+01
1.034207722419641051e+01
1.033684824731584584e+01
1.033115777736735197e+01
1.032442994797231961e+01
1.031710199701146102e+01
1.029818474811414397e+01
1.028975318322099319e+01
1.028187264342136942e+01
1.028157904191036920e+01
1.028059649212088189e+01
1.025994903123075197e+01
1.024413198577518891e+01
1.020734248177698156e+01
1.018169741565191622e+01
1.016610583316465544e+01
1.013649757503930360e+01
1.013212032344546465e+01
1.013305440643453714e+01
