1.127151117242465261e+03
1.127345401677925565e+03
1.128141524870324929e+03
1.129589384699014090e+03
1.130377590421083823e+03
1.132549861358452290e+03
1.133153709800024899e+03
1.135693666372916823e+03
1.137046849787943529e+03
1.137621802392885229e+03
1.138883307813145393e+03
1.139625661610565885e+03
1.140523460507590698e+03
1.143922337522595171e+03
1.145896291612465120e+03
1.146001914446825594e+03
1.148948388385649423e+03
1.149636927604661196e+03
1.150456996205136193e+03
1.153031787510391496e+03
1.154351066583515376e+03
1.155162163874355201e+03
1.158389615301625327e+03
1.159082136974938749e+03
1.160747174940806417e+03
1.163168494434549984e+03
1.164878361710376339e+03
1.166496559650435529e+03
1.167414269407396660e+03
1.170528089886941189e+03
1.170769222615233957e+03
1.171300311783405732e+03
1.171948976938627084e+03
1.172804895290270679e+03
1.173775401297030385e+03
1.175817054823815397e+03
1.176488638869736405e+03
1.177030688736606635e+03
1.177049620617556457e+03
1.177112394757906941e+03
1.178271224204173677e+03
1.179022517947751112e+03
1.180563934402220639e+03
1.181599092396257902e+03
1.182268497555140584e+03
1.184009640569515341e+03
1.184764187651952398e+03
1.185225903410264209e+03
