4.939913388033503772e+00
4.936693416646793509e+00
4.921202729794526221e+00
4.885913688962204127e+00
4.864355174088084155e+00
4.803399652992711211e+00
4.787251425334532406e+00
4.728637871909588952e+00
4.704751662183370264e+00
4.696129801608733167e+00
4.680026609671330107e+00
4.672085049241035293e+00
4.663661465129766981e+00
4.638238034970716406e+00
4.625478928799966027e+00
4.624832840050189908e+00
4.610015839982504637e+00
4.607919748711073460e+00
4.606365859061938295e+00
4.609071037705686713e+00
4.614845239159778956e+00
4.619596503856953973e+00
4.642986241021227478e+00
4.648021004942246570e+00
4.658891116693702372e+00
4.670753577360667208e+00
4.677160593010794010e+00
4.683379221252604196e+00
4.687598555129122602e+00
4.708734552490088987e+00
4.710853798894225619e+00
4.715737089536296445e+00
4.722053391071270312e+00
4.730827140475097004e+00
4.741071704940180709e+00
4.761803686583371942e+00
4.767895546913977434e+00
4.772431963911358821e+00
4.772583819377671510e+00
4.773084085158207479e+00
4.781408761890582504e+00
4.785921060358853119e+00
4.793642153764971603e+00
4.798605774287069359e+00
4.802287702420990456e+00
4.816598732818175854e+00
4.826390554061094740e+00
4.833907082566333280e+00
