1.378635250373985599e+00
1.363022751629502149e+00
1.267987244260202706e+00
1.248048070691186950e+00
1.247550811002040572e+00
1.245651044566111310e+00
1.250456790967102050e+00
1.268774199880971398e+00
1.273759182189653449e+00
1.306056896636961895e+00
1.311516104163110485e+00
1.321115089538960063e+00
1.331699013156453226e+00
1.364774954613224178e+00
1.383637745082908044e+00
1.391597895651778494e+00
1.420310941631548474e+00
1.439867689190919675e+00
1.453731029124923912e+00
1.471703673770546672e+00
1.491192170708964815e+00
1.507201827992347809e+00
1.529480789847842637e+00
1.532880644144918314e+00
1.541964902606694165e+00
1.554823374168526673e+00
1.564275046314482331e+00
1.571258839459360068e+00
1.573203568643579020e+00
1.599192857340803187e+00
1.602831558891098407e+00
1.639398637023021132e+00
1.681895877679798090e+00
1.834047935529893314e+00
1.885762522784256712e+00
1.885983567044608566e+00
1.887268159023994141e+00
1.888100410538385177e+00
1.888304082966878905e+00
1.910205533136906331e+00
1.932362542586406162e+00
1.933203654518029113e+00
1.942327323647729198e+00
