3.648421324789524078e+00
3.555401596347294468e+00
3.079845420583802174e+00
3.027652942781464240e+00
3.027765957637263750e+00
3.033821440610342091e+00
3.092328441998041910e+00
3.198509643029906258e+00
3.223827424429765554e+00
3.378223233517346547e+00
3.403691494654716987e+00
3.448314253480745606e+00
3.497213411508385050e+00
3.645212945448530029e+00
3.724434919109422371e+00
3.756651069830208023e+00
3.868201920779664071e+00
3.941959702958842016e+00
3.994471013547902682e+00
4.064559167368327230e+00
4.146240716272101778e+00
4.221791245084271615e+00
4.352447250999948558e+00
4.376591979285139544e+00
4.448375885974003019e+00
4.563364968923059095e+00
4.644021378420227109e+00
4.695916803546607454e+00
4.709151967050840604e+00
4.848447637398279220e+00
4.864004706135033551e+00
4.993095985816404792e+00
5.111836937695712457e+00
5.556711334761525123e+00
6.121648851385781853e+00
6.131316085789139336e+00
6.177962127863390940e+00
6.201206885157199977e+00
6.206283654074880474e+00
6.424911189296135916e+00
6.521525271518636480e+00
6.524508292749190197e+00
6.554847659455537823e+00
