2.795173335672600512e+00
2.795115387617671310e+00
2.795223352023713304e+00
2.795362983388823164e+00
2.795336256107510575e+00
2.795447857344590670e+00
2.795614645461931502e+00
2.795606358390641422e+00
2.795710046709027452e+00
2.795907685420658151e+00
2.795921266153386320e+00
2.796021609518852813e+00
2.796247110777162259e+00
2.796280524362837028e+00
2.796385566569794090e+00
2.796637795632902712e+00
2.796671784129166838e+00
2.796805445507198673e+00
2.797067836405875862e+00
2.796986018710585054e+00
2.799082424909899114e+00
