2.000000226297379413e+01
2.000313815557683483e+01
2.000682703354868863e+01
2.001111661814138643e+01
2.001605244077563839e+01
2.002167833028101995e+01
2.002803543839149825e+01
2.003516118446100336e+01
2.004308809412918890e+01
2.005184247718989354e+01
2.006144301033259580e+01
2.007189917379355393e+01
2.008320949814810774e+01
2.009535966129874396e+01
2.010832049963960344e+01
2.012204577495845115e+01
2.013646979574377838e+01
2.015150479548560725e+01
2.016703825796366800e+01
2.018292965842215381e+01
2.019900977572820011e+01
