1.397985858182946686e+02
1.398148104394597055e+02
1.398870921658714792e+02
1.400357832058816996e+02
1.401224281874306428e+02
1.403692309401967009e+02
1.404383690039107648e+02
1.407276293879192508e+02
1.408810368085564164e+02
1.409463606579618045e+02
1.410906322612306951e+02
1.411765236940029808e+02
1.412818574689795810e+02
1.417041903304888137e+02
1.419742323064185996e+02
1.419892900878063244e+02
1.424335540178076656e+02
1.425432536645449488e+02
1.426760491664458073e+02
1.431022445299844321e+02
1.433228694498952791e+02
1.434587237249899943e+02
1.440037116720542940e+02
1.441227377244645425e+02
1.444138865791941839e+02
1.448505721116206644e+02
1.451658021496484707e+02
1.454655237081308314e+02
1.456348771290821276e+02
1.462017125669232485e+02
1.462451141929309699e+02
1.463405332393549259e+02
1.464568422325438348e+02
1.466101426605194149e+02
1.467841119410753095e+02
1.471523524728015957e+02
1.472744972769966694e+02
1.473735065856184860e+02
1.473769715673332144e+02
1.473884640681293661e+02
1.476015300510701422e+02
1.477405418825183290e+02
1.480275618873714336e+02
1.482213274478589540e+02
1.483468855957225685e+02
1.486735534525077753e+02
1.488147327281559171e+02
1.489008653881315354e+02
