6.529007930209627375e+01
6.534501814778076323e+01
6.557012947004382397e+01
6.597950369182561303e+01
6.620236281624477215e+01
6.681655938005889084e+01
6.698729388883975844e+01
6.770544662575738926e+01
6.808804618212339221e+01
6.825060823519311271e+01
6.860728576787117561e+01
6.881717826696997520e+01
6.907102077595983758e+01
7.003201031709164681e+01
7.059011823843134437e+01
7.061998157249514918e+01
7.145305223657993565e+01
7.164772548415366771e+01
7.187958616162518410e+01
7.260756307362477457e+01
7.298056463856812570e+01
7.320988668433301427e+01
7.412238063329041893e+01
7.431817556956177384e+01
7.478892689071393818e+01
7.547349822911078832e+01
7.595692124168068915e+01
7.641442459108033347e+01
7.667388220518247977e+01
7.755422952790156899e+01
7.762240324545915371e+01
7.777255426707209551e+01
7.795594665453523930e+01
7.819793395594656715e+01
7.847231705483029884e+01
7.904953353893073142e+01
7.923940299350435623e+01
7.939265048604538322e+01
7.939800287605844176e+01
7.941575027176978097e+01
7.974337226708678372e+01
7.995577656802856836e+01
8.039156787561952910e+01
8.068424697158444303e+01
8.087353598351904793e+01
8.136611291824797831e+01
8.157979860276488182e+01
8.171067423060799229e+01
