4.045361937541747466e+01
4.045958611404294913e+01
4.048639314179644799e+01
4.053646196271557045e+01
4.056046058767363149e+01
4.060596290189879198e+01
4.061323378629437286e+01
4.062560073997975252e+01
4.062411836087422756e+01
4.062205161159521793e+01
4.061354508097615224e+01
4.060496418996382317e+01
4.058943613278268003e+01
4.044150946021054693e+01
4.025365598430887815e+01
4.024090290539792392e+01
3.976520276706934709e+01
3.962138418321101341e+01
3.943562207820836818e+01
3.876865092645549282e+01
3.838884489331407224e+01
3.814405817396206544e+01
3.704910964444954402e+01
3.677554336914344191e+01
3.603357605072303471e+01
3.470232255878159577e+01
3.358820593738658289e+01
3.244556440232841510e+01
3.178142546216896136e+01
2.958234888087418213e+01
2.941918348665069161e+01
2.906327769291569751e+01
2.863363968492035028e+01
2.807042103268156907e+01
2.742609723258506449e+01
2.597884574044186223e+01
2.545426107634042623e+01
2.500701455596282941e+01
2.499097501188355608e+01
2.493758126696371491e+01
2.389021764219000588e+01
2.314342691969821431e+01
2.142705854360881901e+01
2.012503469130736633e+01
1.921410238569941242e+01
1.655717000475067735e+01
1.525382182571154388e+01
1.440169162068615272e+01
