4.056370134234112967e+00
4.060437841707400075e+00
4.074984133953966747e+00
4.094495988808967368e+00
4.102515777462413027e+00
4.120537003928877340e+00
4.125409369161565643e+00
4.149549133550300084e+00
4.165769760973306646e+00
4.173361511438638871e+00
4.191197433303009312e+00
4.202242876997397403e+00
4.215885980113978526e+00
4.266299740069597668e+00
4.292561052451997483e+00
4.293898981741715914e+00
4.329769686057370670e+00
4.338118302711190033e+00
4.348259283903012751e+00
4.382324681181852810e+00
4.401150022052943811e+00
4.413024373440290304e+00
4.459571401548167557e+00
4.468818625325022609e+00
4.489210758521300804e+00
4.513990535267498494e+00
4.528974260849667033e+00
4.542707499536112081e+00
4.550833748332994588e+00
4.582877083124453854e+00
4.585690957165682313e+00
4.592039502876214208e+00
4.600039642395556960e+00
4.610900170469074411e+00
4.623409585611835126e+00
4.649059620295257211e+00
4.656950766819520915e+00
4.663040392636694342e+00
4.663248281227097003e+00
4.663935233333342367e+00
4.675962476548805924e+00
4.683137951005291733e+00
4.696871782847142462e+00
4.706105603619967326e+00
4.712530830607861709e+00
4.733263834788825619e+00
4.745196190597753549e+00
4.753729952528818359e+00
