8.002444934767554514e+02
8.003823272801934081e+02
8.009471236493704964e+02
8.019742693023561060e+02
8.025334397564466826e+02
8.040745005957958256e+02
8.045028856756500772e+02
8.063047928693431459e+02
8.072647736827855169e+02
8.076726589496631732e+02
8.085676016771068362e+02
8.090942457244514117e+02
8.097311663751096376e+02
8.121424125500856235e+02
8.135427838751453464e+02
8.136177153270065219e+02
8.157080176201417316e+02
8.161964845393288215e+02
8.167782615821852232e+02
8.186048820546866409e+02
8.195408114265828772e+02
8.201162241719403028e+02
8.224058587928071802e+02
8.228971506570537713e+02
8.240783694291553729e+02
8.257961152995662815e+02
8.270091410486727455e+02
8.281571342374300002e+02
8.288081820443640026e+02
8.310172210050773174e+02
8.311882898978733465e+02
8.315650667931984117e+02
8.320252605004840234e+02
8.326324957697174796e+02
8.333210343474838737e+02
8.347695335267661676e+02
8.352460068908387711e+02
8.356305786772608144e+02
8.356440104103492104e+02
8.356885472021189116e+02
8.365107115068286703e+02
8.370437446723747144e+02
8.381374191485598431e+02
8.388719936077123975e+02
8.393471012670903519e+02
8.405833766602639798e+02
8.411194703840351394e+02
8.414476495791894877e+02
