2.000000234965744994e+01
2.000004510251997658e+01
2.000009447462056755e+01
2.000015250692777613e+01
2.000021964006114672e+01
2.000029639488809607e+01
2.000038331627976618e+01
2.000048094982466296e+01
2.000058979104110790e+01
2.000071028372855153e+01
2.000084281014130738e+01
2.000098764293480258e+01
2.000114491268817574e+01
2.000131455896695343e+01
2.000149631564869424e+01
2.000168967887793769e+01
2.000189385399437469e+01
2.000210771806314369e+01
2.000232975991994522e+01
2.000255813657116732e+01
2.000278902044811957e+01
