3.724344231548650352e+00
3.711213216781882540e+00
3.581930686454164903e+00
3.505427288734086932e+00
3.501301512244152203e+00
3.475711886250533844e+00
3.404114271544002257e+00
3.336256976039126076e+00
3.324212714890256049e+00
3.275539576241010220e+00
3.271353268313387463e+00
3.266498282156248489e+00
3.264633497002905393e+00
3.277804386864606734e+00
3.293575279201082395e+00
3.301114463481170436e+00
3.329819594300193142e+00
3.349132791103632822e+00
3.362184207428879024e+00
3.378021599218801629e+00
3.393586440893129996e+00
3.405031690435099012e+00
3.419260655843105123e+00
3.421376110111807201e+00
3.427335524943436518e+00
3.437768237388138637e+00
3.447365090939270349e+00
3.455062713960113108e+00
3.457246081271185378e+00
3.486238805316018041e+00
3.490178090769418429e+00
3.527807836648257922e+00
3.567800516006496725e+00
3.689222344466124515e+00
3.730276189575943757e+00
3.730737372146109454e+00
3.733258022898963802e+00
3.734735221371572322e+00
3.735080643683718282e+00
3.761196234182233589e+00
3.782139142416912403e+00
3.782894882355271271e+00
3.790965832712773764e+00
