7.661701527304830961e+01
7.667464045754675794e+01
7.691075659743903259e+01
7.734013952110024093e+01
7.757389113384385837e+01
7.821810970923152695e+01
7.839719027915680272e+01
7.915045020922130448e+01
7.955175425610960360e+01
7.972226385065290799e+01
8.009637958403791913e+01
8.031653419146711315e+01
8.058278795378535619e+01
8.159076725217224180e+01
8.217616778870329597e+01
8.220749154900633471e+01
8.308130412894126948e+01
8.328549850044258562e+01
8.352869936288885810e+01
8.429228359038499718e+01
8.468353098920663058e+01
8.492407094762265274e+01
8.588120402362051209e+01
8.608657773946386271e+01
8.658036043409710203e+01
8.729842664434842447e+01
8.780550373798578789e+01
8.828539368527505360e+01
8.855754759415063404e+01
8.948097312519985280e+01
8.955248236440986886e+01
8.970997948182761661e+01
8.990234395257741085e+01
9.015617089859252076e+01
9.044398531443677314e+01
9.104954375252636112e+01
9.124879157597165147e+01
9.140964169017786389e+01
9.141526024118167015e+01
9.143389049842150484e+01
9.177791365624163689e+01
9.200107579957277437e+01
9.245930730007385989e+01
9.276733338878743496e+01
9.296663639308195570e+01
9.348527187780200620e+01
9.371003209324273087e+01
9.384753095198095707e+01
