4.007000361686937140e+01
4.007919700705394916e+01
4.008879860658464622e+01
4.009881471671121744e+01
4.010924639255870261e+01
4.012009326343752491e+01
4.013135317727017082e+01
4.014302202314433998e+01
4.015509348564012271e+01
4.016755885292332096e+01
4.018040680316914859e+01
4.019362312226132872e+01
4.020719042402004106e+01
4.022108781995314075e+01
4.023529062422562674e+01
4.024977002242417257e+01
4.026449269829697641e+01
4.027942038417438653e+01
4.029450948092539875e+01
4.030971062460503163e+01
4.032496654762758226e+01
