4.985685820607646868e+00
4.992697799640768430e+00
5.045525769924743109e+00
5.065879132745796376e+00
5.066791893393571833e+00
5.072074850414868941e+00
5.083806083596254410e+00
5.092111564854709727e+00
5.093553695043766538e+00
5.102681187911692007e+00
5.104558006872782272e+00
5.108254485496905417e+00
5.112953682272753042e+00
5.131103107770019101e+00
5.142407966079034942e+00
5.147058267416806387e+00
5.162037465338729980e+00
5.169774422698392158e+00
5.173620210479130677e+00
5.176064932212169900e+00
5.174508606560483059e+00
5.168661461947987590e+00
5.149548351881622743e+00
5.145015818686264453e+00
5.130316726271336947e+00
5.104906285955210343e+00
5.087329675528224016e+00
5.076609967125947698e+00
5.073972202585437685e+00
5.048781497494444714e+00
5.046234662234406088e+00
5.026023953317206860e+00
5.005700822198689615e+00
4.841212891760501513e+00
4.386604669550493441e+00
4.377139555529710790e+00
4.331166738491995183e+00
4.308133736833037020e+00
4.303097815169572904e+00
4.091389627407393981e+00
4.006859197531207784e+00
4.004389542439822591e+00
3.979807045023239453e+00
