4.950887901271144074e+02
4.948746116010684091e+02
4.939483609063257177e+02
4.921307095679678127e+02
4.911046031908880423e+02
4.882586336860688334e+02
4.874750686494232923e+02
4.842356620328991994e+02
4.825381910186129630e+02
4.818199969182086306e+02
4.802457932227865172e+02
4.793178584779388984e+02
4.781908972463367036e+02
4.738091759434095707e+02
4.711126620166007228e+02
4.709642073470384958e+02
4.666483408046380532e+02
4.655971080100663926e+02
4.643300706610135080e+02
4.602952501400313849e+02
4.582201786567608224e+02
4.569450694128731811e+02
4.518283065542601094e+02
4.507063978363423757e+02
4.479507505364298936e+02
4.437881044454019275e+02
4.407682453024194160e+02
4.378927521451009852e+02
4.362680818925471158e+02
4.308329516478270307e+02
4.304165360653874473e+02
4.295005217100232926e+02
4.283826412587526988e+02
4.269060798725486165e+02
4.252245217032543110e+02
4.216363629231221353e+02
4.204356306397083358e+02
4.194580129532419619e+02
4.194237276930827534e+02
4.193099764884107117e+02
4.171910737151090984e+02
4.157982133848744866e+02
4.128964309371270929e+02
4.109186683429232971e+02
4.096297954187402297e+02
4.062548264816962842e+02
4.047895648526173318e+02
4.038947160998687309e+02
