1.556775049273176670e+00
1.534730006949977188e+00
1.403603677182309273e+00
1.379094055324803669e+00
1.378614918524114552e+00
1.377363940221619565e+00
1.388484809615210036e+00
1.418547762765062892e+00
1.426275424295434746e+00
1.473662143263558599e+00
1.481247033159098336e+00
1.494292533115413546e+00
1.508259928875955502e+00
1.549561972259279052e+00
1.572052621143456452e+00
1.581416363531194635e+00
1.614855485157143278e+00
1.637449910043782708e+00
1.653386346639976301e+00
1.673899182149754195e+00
1.695814069764590926e+00
1.713344841492791648e+00
1.736270371402205415e+00
1.739518484257779107e+00
1.747745631984580106e+00
1.758480451172330206e+00
1.766485712789391593e+00
1.772816888197102037e+00
1.774648706765177053e+00
1.801338058307353718e+00
1.805313158194763234e+00
1.847001905408886646e+00
1.897638710366129855e+00
2.082151535359813455e+00
2.126588984173437780e+00
2.126395920944092577e+00
2.125731468717849015e+00
2.125644339011933948e+00
2.125653662108967445e+00
2.143593152580986594e+00
2.168476812418389965e+00
2.169460503632399284e+00
2.180248289559866492e+00
