2.794762236620886853e+00
2.794665073903449315e+00
2.794731603183410407e+00
2.794827604207102745e+00
2.794755087754509759e+00
2.794818692723033848e+00
2.794935303177934927e+00
2.794874715809413601e+00
2.794923963034324554e+00
2.795065064645672948e+00
2.795020115251203752e+00
2.795059962421400979e+00
2.795223081640104024e+00
2.795192387242101173e+00
2.795231680710932309e+00
2.795416654870133133e+00
2.795382117807629907e+00
2.795446134315757281e+00
2.795637982243324604e+00
2.795485068532319151e+00
2.797509682675161091e+00
