3.537598789353978646e+00
3.553609847368853991e+00
3.619210087943904419e+00
3.738498021796591075e+00
3.803436795898103906e+00
3.982411689002582911e+00
4.032163910150884156e+00
4.241433659009005375e+00
4.352922586939131477e+00
4.400293045193754971e+00
4.504229254305998964e+00
4.565392646600413329e+00
4.639363671972988712e+00
4.919403382934876667e+00
5.082042302831108138e+00
5.090744908593546114e+00
5.333519381773164980e+00
5.390252790734685995e+00
5.457824154471438760e+00
5.669980043347246479e+00
5.778684575244353638e+00
5.845516480953620864e+00
6.111451742162286926e+00
6.168515010479278082e+00
6.305713618827896383e+00
6.505229247131691039e+00
6.646120830595650730e+00
6.779459151511072257e+00
6.855078004251244472e+00
7.111655370155248512e+00
7.131524536323763819e+00
7.175285881151900469e+00
7.228735354935825086e+00
7.299262169523497157e+00
7.379230132499531969e+00
7.547446811536413058e+00
7.602771884166776850e+00
7.647420974318126952e+00
7.648980317938336881e+00
7.654150726224069778e+00
7.749584709451518449e+00
7.811444366174097098e+00
7.938364235010567427e+00
8.023670544967201224e+00
8.078921249021270512e+00
8.223352347996302214e+00
8.286527227654527650e+00
8.325458592633905752e+00
