1.277864123829615561e+00
1.277750708832264381e+00
1.262837648296710746e+00
1.246939544236477015e+00
1.246010070883631027e+00
1.240163374679601471e+00
1.223896051666820028e+00
1.211411748467315252e+00
1.210010796963071344e+00
1.212965140452695323e+00
1.215273401513287777e+00
1.220451092002772464e+00
1.227639067624861191e+00
1.256679147130517871e+00
1.274857291719819097e+00
1.282427396835907007e+00
1.308282518444063847e+00
1.324339102583709904e+00
1.335011292123149618e+00
1.348176086871921475e+00
1.362044176463958589e+00
1.373747178718903506e+00
1.392720026233604358e+00
1.396207874305519958e+00
1.406805832563222669e+00
1.425055785074458070e+00
1.439119192290950977e+00
1.448766634237632633e+00
1.451301149508049892e+00
1.479609693551845240e+00
1.482927060753457926e+00
1.511063225103707941e+00
1.536666356940899369e+00
1.610152968070062363e+00
1.673540028456309114e+00
1.674688659032040894e+00
1.680323251742265489e+00
1.683189660623361172e+00
1.683820956824632065e+00
1.712678429640515976e+00
1.726201054005533697e+00
1.726622212822544578e+00
1.730911623525655196e+00
