2.781345379217055935e+00
2.773176175041452307e+00
2.732846371037141786e+00
2.635710548216246174e+00
2.572975003810841432e+00
2.379975125547803216e+00
2.324204690986626076e+00
2.098188659591427196e+00
1.991025969718905442e+00
1.949361551464078079e+00
1.866780439162674110e+00
1.823966782694316890e+00
1.777794030207738629e+00
1.651264420429781721e+00
1.603861834427316557e+00
1.601704317184496684e+00
1.552932170846763604e+00
1.544261264139882517e+00
1.535194758166401829e+00
1.516344223166651073e+00
1.513032479273244579e+00
1.513315921243627793e+00
1.531301551247558512e+00
1.538138268830534505e+00
1.557300557684501152e+00
1.587690659950762750e+00
1.607466759399446721e+00
1.623126283949156479e+00
1.630492841087186617e+00
1.648994526913626135e+00
1.650185478941361250e+00
1.652789591053950069e+00
1.656010817892888065e+00
1.660507375425696486e+00
1.666215843343691994e+00
1.681429456007211387e+00
1.687543055317840546e+00
1.692876881316612625e+00
1.693069348631873750e+00
1.693710419175312065e+00
1.706271355241561594e+00
1.715002047204307489e+00
1.733465437951097643e+00
1.745420957444212551e+00
1.752540089234941423e+00
1.766931832584974993e+00
1.770496055172562366e+00
1.771643670376186641e+00
