1.331573668611948058e+01
1.331908324982896019e+01
1.332807899599862189e+01
1.332992765584602779e+01
1.332617395333143939e+01
1.331223691694180289e+01
1.330961388639711451e+01
1.331294999882547891e+01
1.332466936453381123e+01
1.333127794911969843e+01
1.334783987373416814e+01
1.335811076065187208e+01
1.337016233614420813e+01
1.340073824284308124e+01
1.340425971439614550e+01
1.340422076082897362e+01
1.340106858341953000e+01
1.340144503248769325e+01
1.340332936584334433e+01
1.342224680099088729e+01
1.343938770201121713e+01
1.345164573757121751e+01
1.350094684536906264e+01
1.350926814537542420e+01
1.352309739613145823e+01
1.352712194537337176e+01
1.352247081318182964e+01
1.351801528130054386e+01
1.351742271798099004e+01
1.353477230159726652e+01
1.353745537951404998e+01
1.354393738809651460e+01
1.355275875753754633e+01
1.356543623349794281e+01
1.358028290966608509e+01
1.360756539731690573e+01
1.361393698433099253e+01
1.361780381874916657e+01
1.361791709020805818e+01
1.361828196908238731e+01
1.362204992189043118e+01
1.362163796618454192e+01
1.361586741591215421e+01
1.361121542575886600e+01
1.360962191876102345e+01
1.361980461838044043e+01
1.363507419561188172e+01
1.364902063931559795e+01
