5.315425606820356030e+00
5.318436314378408802e+00
5.328767173069811847e+00
5.341340517280847244e+00
5.346111747212985321e+00
5.357462352840244968e+00
5.361070615529179406e+00
5.382018870824417434e+00
5.397251874195022836e+00
5.404403448758958284e+00
5.420973833657827257e+00
5.430963849606711413e+00
5.442916865148488270e+00
5.482130099339782348e+00
5.499022234649071805e+00
5.499829054333227774e+00
5.521245434259100193e+00
5.526627920409276307e+00
5.533586694306215747e+00
5.560510153911399911e+00
5.577247383453214802e+00
5.588221389161069474e+00
5.632071635592203585e+00
5.640563878805971321e+00
5.658467241562233241e+00
5.677913484334900396e+00
5.688526114107835596e+00
5.698477511374820281e+00
5.704880257099892660e+00
5.734416019190996749e+00
5.737249755855153843e+00
5.743727412784226161e+00
5.752014971770092799e+00
5.763388412301944541e+00
5.776499390982340998e+00
5.802525565404830665e+00
5.810023527883426908e+00
5.815544483039785995e+00
5.815728175522147936e+00
5.816332751842166360e+00
5.826229833910432809e+00
5.831403265757582055e+00
5.839687659267211117e+00
5.844583076837125191e+00
5.848125226837053603e+00
5.862232994189040980e+00
5.872260069147979600e+00
5.880094866998128111e+00
