5.114016629755496979e+00
5.019687577477021989e+00
4.571246204787303924e+00
4.564040288284781255e+00
4.567146863003673118e+00
4.593101392979741959e+00
4.720732813932098537e+00
4.918441260445507446e+00
4.964585145700299407e+00
5.244979114667518871e+00
5.291198035938986521e+00
5.372151711824640685e+00
5.460810542902081011e+00
5.728848825831584612e+00
5.872295604683783310e+00
5.930651968526322371e+00
6.132851291242670477e+00
6.266644890065689033e+00
6.361925153996907056e+00
6.489097233099727191e+00
6.637203846744970548e+00
6.773895639894326415e+00
7.008607211429509931e+00
7.051609730994951697e+00
7.178549750298708787e+00
7.378799823749933040e+00
7.517230888667855382e+00
7.605729265830778907e+00
7.628262193768613031e+00
7.865878944028721342e+00
7.892597562596114891e+00
8.116958543365470291e+00
8.327518253233412437e+00
9.093761699043268365e+00
9.955335773430997293e+00
9.969694394061821896e+00
1.003891124839936211e+01
1.007335394144692309e+01
1.008087099987889701e+01
1.040069357366533076e+01
1.053735237078485554e+01
1.054150246126342694e+01
1.058344572685750151e+01
