4.209413608737668255e+02
4.209585069652462721e+02
4.210313438528644383e+02
4.211711958478540510e+02
4.212495942520897074e+02
4.214680563485259199e+02
4.215287468095500572e+02
4.217824789385167605e+02
4.219169956554596297e+02
4.219741611136342954e+02
4.220998811956787904e+02
4.221742002516201069e+02
4.222645918625671584e+02
4.226153392262058901e+02
4.228284196963787736e+02
4.228400600817311670e+02
4.231745744934453342e+02
4.232551656851391613e+02
4.233520474009577015e+02
4.236601085718031072e+02
4.238188722203284442e+02
4.239165541881125705e+02
4.243070494277519060e+02
4.243917394368981491e+02
4.245975462613831155e+02
4.249027121265398250e+02
4.251212690866305479e+02
4.253287758812176662e+02
4.254462214142182575e+02
4.258416699205780560e+02
4.258721080217613348e+02
4.259390901084344705e+02
4.260208328805971973e+02
4.261286759417297390e+02
4.262510946255991371e+02
4.265098278828358502e+02
4.265954282785025384e+02
4.266647173169251346e+02
4.266671405842413378e+02
4.266751771962324256e+02
4.268239624427838521e+02
4.269208387741656452e+02
4.271205030521113599e+02
4.272551571252025724e+02
4.273424186515865699e+02
4.275697793992201241e+02
4.276683316530792354e+02
4.277285904356923538e+02
