1.041522657522000372e+01
1.047399325804971326e+01
1.104073215056343926e+01
1.138586512507373172e+01
1.140515071835445937e+01
1.152705182645101978e+01
1.189914627172273320e+01
1.233770607040871070e+01
1.243379560104287229e+01
1.300581081942895345e+01
1.309954095018474263e+01
1.326370492196889650e+01
1.344351981563142928e+01
1.398714043195693435e+01
1.427796390533858961e+01
1.439625807777954236e+01
1.480609926558528500e+01
1.507726176085291314e+01
1.527034982831640697e+01
1.552804101586406382e+01
1.582813139455345919e+01
1.610510680693992924e+01
1.658079958965803158e+01
1.666796667749701655e+01
1.692528095904710028e+01
1.733108271881549456e+01
1.761131852048779933e+01
1.779019458225107542e+01
1.783568675887086741e+01
1.831316779791685079e+01
1.836648355360421547e+01
1.880920012047984002e+01
1.921333307328959350e+01
2.056694343269280267e+01
2.197472220571221158e+01
2.199801999548975573e+01
2.211032235804044177e+01
2.216620031339128971e+01
2.217839515400707029e+01
2.269712362051679122e+01
2.291880801532710166e+01
2.292554222709224732e+01
2.299361214972733691e+01
