2.423600579967023805e+01
2.413068164139986038e+01
2.389135817461647093e+01
2.357447230091202073e+01
2.322041492845164612e+01
2.285649951428058557e+01
2.250087418439215980e+01
2.216506737811141647e+01
2.185588820150587708e+01
2.157676380273187533e+01
2.132874638622161001e+01
2.111125238903332502e+01
2.092260964488377795e+01
2.076045393763342872e+01
2.062201966403517872e+01
2.050432403030572459e+01
2.040427707793423906e+01
2.031872890185331926e+01
2.024444391828728840e+01
2.017803611018462107e+01
2.011567830957937986e+01
