4.602103058811917435e+01
4.606669733596142891e+01
4.625384725548741471e+01
4.659424764682490405e+01
4.677956424783945977e+01
4.729027763859852485e+01
4.743224328292330938e+01
4.802939321106377690e+01
4.834753232575573634e+01
4.848270622653537743e+01
4.877929219306787445e+01
4.895382368034949394e+01
4.916490131621643656e+01
4.996393578983827410e+01
5.042787408596247900e+01
5.045269702178849514e+01
5.114544839321083458e+01
5.130754966856710553e+01
5.150083061585109334e+01
5.210993023597461615e+01
5.242370181397935625e+01
5.261720808834579799e+01
5.339083324335022240e+01
5.355733970197738358e+01
5.395802415442874889e+01
5.454134589215448159e+01
5.495389904859560204e+01
5.534497025120415259e+01
5.556698984755193038e+01
5.632042714536199668e+01
5.637871387552161906e+01
5.650703738315505120e+01
5.666367186130925404e+01
5.687020470774828595e+01
5.710426396036700680e+01
5.759699725891091759e+01
5.775944932579202629e+01
5.789078556494064287e+01
5.789537660638967509e+01
5.791060151086679753e+01
5.819223835904521991e+01
5.837544084739082706e+01
5.875266967726836498e+01
5.900670058070346613e+01
5.917108431542661862e+01
5.959834798394625466e+01
5.978323330360590404e+01
5.989631600057488470e+01
