9.301064655913651222e+02
9.296404551616374192e+02
9.276456028795932980e+02
9.237830112193199739e+02
9.216150874040313283e+02
9.156054237405661524e+02
9.139475028978930595e+02
9.070709310053682657e+02
9.034551430021939495e+02
9.019234380449869377e+02
8.985633513400025549e+02
8.965816281018679774e+02
8.941747725457702245e+02
8.848422625616242385e+02
8.791465374772467385e+02
8.788343525341275608e+02
8.698167021691923537e+02
8.676335567288516586e+02
8.650061847639212829e+02
8.566472343234144091e+02
8.523421868585297716e+02
8.496931463251797823e+02
8.390510722573138764e+02
8.367204876775427920e+02
8.310082030351586582e+02
8.224106720726488220e+02
8.161822923807100096e+02
8.102412859066663486e+02
8.068747862504416162e+02
7.955397472962175698e+02
7.946665290074324730e+02
7.927435343982700715e+02
7.903931590362508359e+02
7.872835417562492921e+02
7.837368264561492879e+02
7.761578627232985355e+02
7.736200365264310221e+02
7.715534768610634728e+02
7.714809978844643865e+02
7.712405263638236192e+02
7.667605554309211584e+02
7.638148785591081378e+02
7.576745522310418437e+02
7.534848204099888562e+02
7.507512121775333753e+02
7.435736800264963904e+02
7.404443389894630627e+02
7.385276255540333068e+02
