1.326137971605472998e+01
1.326441755588398763e+01
1.327216182877811512e+01
1.327177294032218846e+01
1.326681106789738429e+01
1.324953376894903201e+01
1.324597232309710293e+01
1.324528961203582078e+01
1.325482194097592270e+01
1.326049373001885812e+01
1.327498958666171802e+01
1.328404068486457490e+01
1.329461610962363949e+01
1.331962620463889202e+01
1.331993184464080926e+01
1.331972069067210640e+01
1.331172747829938352e+01
1.331095574142350912e+01
1.331146119387474513e+01
1.332596485198651770e+01
1.334080148011755718e+01
1.335163385457790319e+01
1.339526110728743546e+01
1.340237649610560133e+01
1.341333657079423602e+01
1.341326552082800383e+01
1.340575718334264010e+01
1.339859789960280523e+01
1.339646329202793673e+01
1.340849600130630570e+01
1.341076166127371394e+01
1.341632201500877919e+01
1.342401419922945216e+01
1.343519816928091615e+01
1.344835105031692279e+01
1.347209508337737560e+01
1.347731662123193175e+01
1.348026175014128825e+01
1.348034294013824663e+01
1.348060149775156447e+01
1.348242167229524213e+01
1.348076128951614372e+01
1.347245467495861604e+01
1.346610484340042291e+01
1.346340745972737629e+01
1.347065401271145113e+01
1.348460083499279882e+01
1.349771620641136671e+01
