6.622648622606715385e+00
6.624930905116459989e+00
6.632014278008996122e+00
6.637955981922955218e+00
6.638944800153094405e+00
6.640184914911093195e+00
6.641204089345711381e+00
6.652746750809769516e+00
6.663871479512886609e+00
6.669412551889783103e+00
6.682610762233491819e+00
6.690654596253003739e+00
6.700224479531764921e+00
6.729434343867592538e+00
6.739840017879680900e+00
6.740297126697883279e+00
6.752600022995896900e+00
6.756184153073506060e+00
6.761235609524786305e+00
6.783950412189932777e+00
6.799446125545126840e+00
6.809853776364300337e+00
6.851542958184108301e+00
6.859347430821581604e+00
6.875000340349405548e+00
6.889692584416695631e+00
6.896337115032229903e+00
6.902632133232446066e+00
6.907186093212925648e+00
6.932379526330156416e+00
6.935001298688823645e+00
6.941060797562411011e+00
6.948910482944723022e+00
6.959778258300335807e+00
6.972320573703886915e+00
6.996657537166120377e+00
7.003338245539457496e+00
7.008084533181744291e+00
7.008239292366963191e+00
7.008747033010305216e+00
7.016622636013298830e+00
7.020291031813560068e+00
7.025350507125043720e+00
7.028376325831599658e+00
7.031057184776987157e+00
7.045300605432406549e+00
7.056970484098934904e+00
7.066439908763459954e+00
