3.252759435750485864e+02
3.253717793191045189e+02
3.257644772597995484e+02
3.264786359868832619e+02
3.268674186949963882e+02
3.279388963987541388e+02
3.282367463891854982e+02
3.294895853363684637e+02
3.301570452627923373e+02
3.304406416448692880e+02
3.310628816329082156e+02
3.314290491693779472e+02
3.318718903241494331e+02
3.335483931227728931e+02
3.345220502974939336e+02
3.345741490067505879e+02
3.360275042562952876e+02
3.363671277983193022e+02
3.367716284815422227e+02
3.380416501915872800e+02
3.386923876824083663e+02
3.390924632274985129e+02
3.406844090850952966e+02
3.410259962898878712e+02
3.418472786568708557e+02
3.430415995762425609e+02
3.438849955592368133e+02
3.446831745189207936e+02
3.451358361401189541e+02
3.466717377507478091e+02
3.467906778577510636e+02
3.470526408406720975e+02
3.473725987531418582e+02
3.477947832218231383e+02
3.482734793189010247e+02
3.492804217881885052e+02
3.496115943210228352e+02
3.498788610781255102e+02
3.498881952052261113e+02
3.499191449159272338e+02
3.504903958593161519e+02
3.508606422586741473e+02
3.516199529922654392e+02
3.521296397876243418e+02
3.524591644354591153e+02
3.533163223709092904e+02
3.536880569206597329e+02
3.539157130706338990e+02
