5.609646145833513842e+00
5.611275372338058176e+00
5.615924983990449704e+00
5.618095242875703832e+00
5.617169105598896373e+00
5.612674781014447056e+00
5.611827595901988097e+00
5.613620155436754189e+00
5.618244513257161010e+00
5.620774432755263561e+00
5.626924016824281338e+00
5.630582677179489792e+00
5.634664367752887593e+00
5.641821157507030726e+00
5.638509263817841344e+00
5.638205523969534561e+00
5.627622633567588295e+00
5.625280775392131893e+00
5.622935134956263070e+00
5.619953846488127347e+00
5.620956808982162656e+00
5.622106956985865267e+00
5.625591842733139281e+00
5.625140505360530341e+00
5.621139985511876880e+00
5.607860338225870045e+00
5.594924117328978319e+00
5.582412239676894927e+00
5.576040592882997693e+00
5.562162150290351548e+00
5.561626853563010897e+00
5.560676671089638923e+00
5.559873616220487591e+00
5.559210351322013466e+00
5.558597990743796124e+00
5.555417091062933466e+00
5.553198564117979075e+00
5.550840284087819931e+00
5.550748235259570507e+00
5.550438262128719380e+00
5.543394697196545096e+00
5.537549540332764586e+00
5.523278632941254429e+00
5.513202699260529194e+00
5.507207832662420088e+00
5.497356258982594390e+00
5.497519676122239574e+00
5.499513636389442794e+00
