1.243495959088015024e+00
1.243196783674332284e+00
1.239922465190415712e+00
1.237027744012038744e+00
1.236838640438931103e+00
1.235573677799242542e+00
1.230996374769527169e+00
1.224513469293182721e+00
1.223002373095213535e+00
1.214119095383970670e+00
1.212772151191746195e+00
1.210547064184635868e+00
1.208341902830745385e+00
1.203425899501003205e+00
1.201885361725886225e+00
1.201444200951593988e+00
1.200494367469514767e+00
1.200102564503348512e+00
1.199798573212335295e+00
1.199232865320798425e+00
1.198222182854393303e+00
1.196931647733461501e+00
1.194320485040012869e+00
1.193878554848904372e+00
1.192870305208519666e+00
1.192971871804078488e+00
1.195003829191128686e+00
1.197421689671882561e+00
1.198193936530111525e+00
1.210598293868140773e+00
1.212497522453543253e+00
1.232302377045072284e+00
1.256094049962143577e+00
1.352467389871634174e+00
1.428769074618528201e+00
1.429813496549192875e+00
1.434872750503410233e+00
1.437420160511048151e+00
1.437980041605975812e+00
1.464618318407328479e+00
1.478940785320883355e+00
1.479415675181866119e+00
1.484364271898389376e+00
