1.999999494787675758e+01
2.000042205097059878e+01
2.000092235436949295e+01
2.000150423666497090e+01
2.000217442907427312e+01
2.000293952413255738e+01
2.000380581433677207e+01
2.000477914547525415e+01
2.000586472976209507e+01
2.000706697501391318e+01
2.000838928786674842e+01
2.000983381714002007e+01
2.001140117777362093e+01
2.001309013272759785e+01
2.001489728645037758e+01
2.001681672467475437e+01
2.001883961265184553e+01
2.002095377329311532e+01
2.002314323764443316e+01
2.002538782255362548e+01
2.002766156385342811e+01
