2.845723779654072132e+02
2.845830029336632947e+02
2.846178850567214340e+02
2.846522933134413051e+02
2.846588642336547537e+02
2.846450786215429503e+02
2.846345127351344786e+02
2.845631781897056385e+02
2.845078752610971833e+02
2.844805137031967206e+02
2.844114901765536843e+02
2.843643825647944254e+02
2.842999362155956646e+02
2.839575471121953569e+02
2.836644755480506319e+02
2.836465251979189475e+02
2.830520797935527639e+02
2.828888190289866316e+02
2.826840759081160286e+02
2.819826143450997620e+02
2.815965853823662428e+02
2.813516629232891546e+02
2.803124310417638867e+02
2.800728089551308813e+02
2.794670602234352259e+02
2.785085013615506568e+02
2.777833024899335328e+02
2.770721115328631186e+02
2.766623463946068000e+02
2.752575632929502945e+02
2.751481350170413407e+02
2.749066474515566938e+02
2.746105566687858754e+02
2.742172015764294315e+02
2.737661197280320948e+02
2.727921078872105340e+02
2.724625827160097060e+02
2.721929841635987941e+02
2.721835085867655266e+02
2.721520607748261114e+02
2.715636355385864817e+02
2.711744087894444988e+02
2.703590529671510012e+02
2.698013092887532025e+02
2.694374989976951156e+02
2.684845514490597225e+02
2.680703462216554840e+02
2.678169011443367822e+02
