1.947796108151176142e+01
1.948328229745951035e+01
1.949811518000392141e+01
1.950360786556914761e+01
1.949952137313615452e+01
1.948271657338180063e+01
1.947982404167625248e+01
1.948856175087513520e+01
1.950772629752563603e+01
1.951824857503306632e+01
1.954434043063605131e+01
1.956045008820700914e+01
1.957937212105750646e+01
1.962862096259984668e+01
1.963596211732387786e+01
1.963601073325432722e+01
1.963382734300773791e+01
1.963480144054750554e+01
1.963799568047501509e+01
1.966663999835837728e+01
1.969203184177264276e+01
1.971011854245224626e+01
1.978270655428340774e+01
1.979496896804390360e+01
1.981541580864800522e+01
1.982161371151013185e+01
1.981499998539688789e+01
1.980861648627574567e+01
1.980780105616911158e+01
1.983322716599128555e+01
1.983714943174006606e+01
1.984662404172969730e+01
1.985951715099384529e+01
1.987804732567968813e+01
1.989975327483121958e+01
1.993967433548284518e+01
1.994901294119724255e+01
1.995468916287528671e+01
1.995485562422029346e+01
1.995539194945104811e+01
1.996095910925520300e+01
1.996039656879669977e+01
1.995202465026815020e+01
1.994523313446381607e+01
1.994288478171951340e+01
1.995758386047868171e+01
1.997974236359781486e+01
1.999999930058880437e+01
