4.199149615166686722e+00
4.194290962144501478e+00
4.149268258367989404e+00
4.117952744134599108e+00
4.116013280262946772e+00
4.103184562516565492e+00
4.057027167328969064e+00
3.986995363726859143e+00
3.969267551985180997e+00
3.846874857646292778e+00
3.824315599746394678e+00
3.783353434663598414e+00
3.736595190440162195e+00
3.586327065152921101e+00
3.502600049154489970e+00
3.468249757614783491e+00
3.349122229110583771e+00
3.271039232106595751e+00
3.216177398304319368e+00
3.144285194516944326e+00
3.063030254646097461e+00
2.991044477473908003e+00
2.876411147060639273e+00
2.856928785730950882e+00
2.802743018281147247e+00
2.729042768649647233e+00
2.687939486465934724e+00
2.666330567865537571e+00
2.661432775927682570e+00
2.624930836728461614e+00
2.622528807828252706e+00
2.614568974522221367e+00
2.622983761784597689e+00
2.682524679191359063e+00
2.665768092547559753e+00
2.665133380223295045e+00
2.662385926774474942e+00
2.661263027813630888e+00
2.661043949301080680e+00
2.665498420755191056e+00
2.679794184894916498e+00
2.680384872086946757e+00
2.686927106603437920e+00
