1.135886248648574110e+03
1.136082025595191908e+03
1.136884264676103612e+03
1.138343247017534850e+03
1.139137507720877693e+03
1.141326465808277590e+03
1.141934952901183124e+03
1.144494420731420632e+03
1.145857998785754944e+03
1.146437367927313517e+03
1.147708563618308517e+03
1.148456619772927752e+03
1.149361315023555107e+03
1.152786299779293358e+03
1.154775416062699833e+03
1.154881850194865365e+03
1.157850955931570752e+03
1.158544783725684965e+03
1.159371151129773807e+03
1.161965718691389839e+03
1.163295130635344549e+03
1.164112457591593056e+03
1.167364697216348532e+03
1.168062537666897470e+03
1.169740363516462594e+03
1.172180279019536101e+03
1.173903278053641088e+03
1.175533903573691077e+03
1.176458661163570468e+03
1.179596394869517098e+03
1.179839379406948410e+03
1.180374547135733565e+03
1.181028193768221172e+03
1.181890685181909475e+03
1.182868644183145761e+03
1.184925976385592776e+03
1.185602717729816504e+03
1.186148930147767032e+03
1.186168007416891669e+03
1.186231263614202589e+03
1.187398991965954565e+03
1.188156055014161211e+03
1.189709308124656218e+03
1.190752414965040771e+03
1.191426960236510922e+03
1.193181471566952041e+03
1.193941810999233212e+03
1.194407070698504185e+03
