1.090221156932892477e+01
1.090609277696352919e+01
1.091807525107109278e+01
1.092777103953796924e+01
1.092905514502858999e+01
1.092940181430808444e+01
1.093047722576042524e+01
1.094666946146338660e+01
1.096341937510075759e+01
1.097187249376343310e+01
1.099211470196568818e+01
1.100445927695215076e+01
1.101908523496662617e+01
1.106201840393067748e+01
1.107509124601134154e+01
1.107559820796223171e+01
1.108773717263866310e+01
1.109139399166148188e+01
1.109688074985172257e+01
1.112447401502223343e+01
1.114458142662410012e+01
1.115832197289551964e+01
1.121331554283619525e+01
1.122326003485779644e+01
1.124211565580186267e+01
1.125637256778198036e+01
1.126029115485418330e+01
1.126392451386627691e+01
1.126755012002121425e+01
1.129559631989337198e+01
1.129885918796153277e+01
1.130651247971552031e+01
1.131659789856785814e+01
1.133075319906367895e+01
1.134719131021727456e+01
1.137856206083158739e+01
1.138676134457463718e+01
1.139233912837832285e+01
1.139251617740197808e+01
1.139309450352867259e+01
1.140134920959414266e+01
1.140437013346462614e+01
1.140653720904947832e+01
1.140734233238461393e+01
1.140900708748144332e+01
1.142497771657177097e+01
1.144073088705955321e+01
1.145411742514335174e+01
