1.443089772738529852e+01
1.443536162737960105e+01
1.444848112674115370e+01
1.445639887955240610e+01
1.445545441346745541e+01
1.444871272496170711e+01
1.444815049229929294e+01
1.446126026075912030e+01
1.447899357382712360e+01
1.448829233960445251e+01
1.451092487637024142e+01
1.452480599053130383e+01
1.454118130470884651e+01
1.458661734950809930e+01
1.459726490766056628e+01
1.459757965529967016e+01
1.460372998106729447e+01
1.460626336132892256e+01
1.461078531248680612e+01
1.463875681365766290e+01
1.466101766041456322e+01
1.467653528202297508e+01
1.473872898286043487e+01
1.474961873836750748e+01
1.476910759511629223e+01
1.478001523821465746e+01
1.477957771239216100e+01
1.477907168008082195e+01
1.478086206135725966e+01
1.480781672542629579e+01
1.481135059713785829e+01
1.481975282970877394e+01
1.483099322176047252e+01
1.484694831549047223e+01
1.486555295885836436e+01
1.490043322353451671e+01
1.490909533734375358e+01
1.491470735478790921e+01
1.491487980311551809e+01
1.491544002494233112e+01
1.492257008248514083e+01
1.492410045220075432e+01
1.492188828056097094e+01
1.491953189753492204e+01
1.491951968119902183e+01
1.493489324855530320e+01
1.495324822082572780e+01
1.496944094155770166e+01
