2.517333843279629946e+00
2.513951898129653362e+00
2.487979696345307357e+00
2.477355857679548468e+00
2.476839901001126609e+00
2.473696057493763867e+00
2.464427830123724572e+00
2.450917152865337290e+00
2.447186335087340847e+00
2.417155276305132272e+00
2.410899979299767626e+00
2.399098927266797521e+00
2.385060496499423977e+00
2.337748065809309939e+00
2.311218505708630300e+00
2.300509119227100552e+00
2.264744294479767106e+00
2.242765882885638717e+00
2.228091952010975874e+00
2.209813542606119618e+00
2.190361726657342523e+00
2.174068709956120671e+00
2.149620169896164334e+00
2.145619750865746855e+00
2.134691278715455720e+00
2.120180657843780736e+00
2.112116775396108981e+00
2.107789829221845768e+00
2.106789522645218238e+00
2.098718772786680287e+00
2.098098915026995304e+00
2.095475625383366847e+00
2.098227598239523317e+00
2.180586326456397828e+00
2.426514371869742170e+00
2.431364543801728395e+00
2.454797774392126986e+00
2.466471195915409531e+00
2.469018537131944413e+00
2.576270085059381820e+00
2.621338830205195425e+00
2.622706393298222416e+00
2.636542628568700586e+00
