7.034708972046792042e+01
7.037329868306417779e+01
7.048511853560260931e+01
7.069811497770082553e+01
7.081479206833387252e+01
7.112498277734540864e+01
7.120691762610785247e+01
7.153033190547331799e+01
7.169037205794805345e+01
7.175613784335097023e+01
7.189597650409378105e+01
7.197538052550467569e+01
7.206842743197353229e+01
7.238792742683907022e+01
7.254787686350304909e+01
7.255589940624155076e+01
7.275818530169900100e+01
7.279949744974322812e+01
7.284572118795091455e+01
7.296931055877882955e+01
7.301981923770732408e+01
7.304662849342109610e+01
7.312304876853988844e+01
7.313342546777289499e+01
7.314971624254992832e+01
7.315047180773700575e+01
7.313382313408037305e+01
7.310549964392281197e+01
7.308465571138705741e+01
7.299474955508740948e+01
7.298682135685859862e+01
7.296893216343001143e+01
7.294627086496208790e+01
7.291489706821609218e+01
7.287697738979794337e+01
7.278664256769464203e+01
7.275310164838860771e+01
7.272448158083201974e+01
7.272345643690137251e+01
7.272004485732935564e+01
7.265364647464753034e+01
7.260723223271926940e+01
7.250476463307789743e+01
7.243165550551107401e+01
7.238305825477250721e+01
7.225306972091641455e+01
7.219503840793562688e+01
7.215878071653715153e+01
