4.526756122196093202e+01
4.556845219204506492e+01
4.847022658623527747e+01
5.023736698806119705e+01
5.033611097952242375e+01
5.096024882093279018e+01
5.286528585501876165e+01
5.511038589829070844e+01
5.560226398158349070e+01
5.853026290059388970e+01
5.901003445035023276e+01
5.985033246900957238e+01
6.077074564870743956e+01
6.355339662447279636e+01
6.504206442160678137e+01
6.564759121346354220e+01
6.774550273838231362e+01
6.913354710972939188e+01
7.012194345804225293e+01
7.144104304648554660e+01
7.297719145579232247e+01
7.439502532090473608e+01
7.683010980853450178e+01
7.727632289167138424e+01
7.859353316388229871e+01
8.067087630739825954e+01
8.210544519054623436e+01
8.302114325185281984e+01
8.325402628440247099e+01
8.569835458537615125e+01
8.597129083656879800e+01
8.823767651411348822e+01
9.030656483707593907e+01
9.723602073031666748e+01
1.044413283130041776e+02
1.045605632428985672e+02
1.051353121642321042e+02
1.054212888704198861e+02
1.054837006794789573e+02
1.081385162167035077e+02
1.092730921292466348e+02
1.093075578181351943e+02
1.096559404016474701e+02
