7.786346706650765448e+00
7.793449117901075418e+00
7.847281814217326179e+00
7.867879685915444732e+00
7.868795468894486334e+00
7.874078951790887793e+00
7.885784991453061998e+00
7.894883897074216783e+00
7.896772030786870289e+00
7.912103093083317162e+00
7.915733687744147318e+00
7.923098652307878353e+00
7.932738251803574059e+00
7.971939759237389289e+00
7.998101766189341433e+00
8.009416585654660636e+00
8.049667364507772760e+00
8.075406838387893416e+00
8.092382197806188060e+00
8.112457828617539946e+00
8.131272038865938967e+00
8.143921776587891515e+00
8.156285171614303664e+00
8.157605025371287510e+00
8.160682713855882398e+00
8.166098291200258430e+00
8.173067430168162062e+00
8.179910862962584517e+00
8.182009824045985980e+00
8.214132472165655230e+00
8.218920903218114304e+00
8.267483711264702606e+00
8.322285728462915699e+00
8.481653921510419636e+00
8.466082567146047566e+00
8.465207209797068089e+00
8.461531845754251435e+00
8.460123665855705966e+00
8.459860716922143808e+00
8.471687034699378671e+00
8.497076227941322557e+00
8.498100922591609319e+00
8.509380203437116208e+00
