5.482238216637090211e+00
5.485204300475404082e+00
5.495357352696804476e+00
5.507648084146008038e+00
5.512297916171752021e+00
5.523456319875291065e+00
5.527046647180244854e+00
5.548025178913515987e+00
5.563286998034977948e+00
5.570440357228704897e+00
5.586975137746929221e+00
5.596911756134469229e+00
5.608763139418043941e+00
5.647251305421370660e+00
5.663606190009577546e+00
5.664385444548122095e+00
5.685213477506652957e+00
5.690525084543724077e+00
5.697433352616495306e+00
5.724332366109687875e+00
5.741000498255097284e+00
5.751847437564729937e+00
5.793825859119789534e+00
5.801491028553600771e+00
5.816565758556588861e+00
5.829408988123192081e+00
5.833369195836970000e+00
5.835443347712310214e+00
5.836698534815589312e+00
5.845257087732542267e+00
5.846251704665746729e+00
5.848576561629367454e+00
5.851606652954011167e+00
5.855745162435696649e+00
5.860269617185331903e+00
5.867078838230400883e+00
5.867973691542339054e+00
5.868086066578295679e+00
5.868079737106460136e+00
5.868053740320845257e+00
5.866195672136273132e+00
5.863672273102209509e+00
5.856171268345326197e+00
5.850625416423881120e+00
5.847552748896843511e+00
5.845240164625645995e+00
5.848618935010073905e+00
5.852556467625372072e+00
