6.884810682473762427e+02
6.885711712112050691e+02
6.889438185422524157e+02
6.896312135225157363e+02
6.900082564745307536e+02
6.910494315042317339e+02
6.913384409939224042e+02
6.925500789666002674e+02
6.931934697664506757e+02
6.934666256735623620e+02
6.940659480949649378e+02
6.944188663750754813e+02
6.948462068613679321e+02
6.964746683481135960e+02
6.974328751919906608e+02
6.974844680432868245e+02
6.989367367973691216e+02
6.992792727610076327e+02
6.996883679226749564e+02
7.009772532819848720e+02
7.016382970344466230e+02
7.020445674951905630e+02
7.036614805534090920e+02
7.040091468100629299e+02
7.048472153844752484e+02
7.060719002785235716e+02
7.069395577644285140e+02
7.077607704631592469e+02
7.082258824927996557e+02
7.097986265500318268e+02
7.099200905130118144e+02
7.101874922378934798e+02
7.105139165345365200e+02
7.109444567230663097e+02
7.114325817917610948e+02
7.124601006657484277e+02
7.127984420706176252e+02
7.130716747338501591e+02
7.130812202504505422e+02
7.131128723677652488e+02
7.136975055792515832e+02
7.140768531230229428e+02
7.148558525903706595e+02
7.153794616664520163e+02
7.157182386833102328e+02
7.166000119603519352e+02
7.169824262321642436e+02
7.172165325393843887e+02
