4.159688126649598416e+02
4.159993675383747700e+02
4.161257024835534821e+02
4.163574344557644054e+02
4.164832430429868282e+02
4.168242304907148537e+02
4.169170825465695884e+02
4.172980841521594471e+02
4.174953754129774097e+02
4.175781591991132586e+02
4.177578129950277344e+02
4.178623451330054763e+02
4.179876736657660672e+02
4.184528265764591879e+02
4.187177736169978743e+02
4.187318694397154673e+02
4.191220773244744464e+02
4.192123307241444081e+02
4.193192447757279524e+02
4.196498202430081506e+02
4.198157368750477758e+02
4.199165681554509888e+02
4.203108421118768092e+02
4.203944950324417391e+02
4.205949877012565707e+02
4.208852573168985600e+02
4.210885665946662471e+02
4.212786794316248233e+02
4.213852294108253886e+02
4.217396199587529395e+02
4.217666597679108804e+02
4.218260552302257906e+02
4.218983409666824969e+02
4.219933772590404715e+02
4.221008033967945039e+02
4.223262506687749465e+02
4.224003671615766962e+02
4.224601962039744762e+02
4.224622860384249634e+02
4.224692156104883338e+02
4.225971788687417074e+02
4.226801914214581757e+02
4.228506608411559569e+02
4.229652655249765871e+02
4.230394230438201362e+02
4.232323464858864668e+02
4.233158532456244529e+02
4.233668706247956379e+02
