8.942061822483745814e+00
8.939333193440448966e+00
8.924498821517753200e+00
8.886125884956021181e+00
8.861378114637700421e+00
8.789505229100754491e+00
8.770251654239400452e+00
8.699492188171625173e+00
8.669191248867612387e+00
8.657584990973621331e+00
8.633824828523566808e+00
8.620354551210482441e+00
8.603902510441123752e+00
8.530829774117371755e+00
8.476926633722328575e+00
8.473828882867616485e+00
8.383143040158042680e+00
8.361884007247853745e+00
8.337149166471242268e+00
8.265936280146553017e+00
8.233443422040441106e+00
8.214402111526293737e+00
8.138178997855966657e+00
8.120248296657726073e+00
8.072995376383751420e+00
7.993495942620439720e+00
7.932282516030775277e+00
7.874258060610906718e+00
7.842636564796739762e+00
7.748526757943694498e+00
7.742167315629894020e+00
7.728568101551496206e+00
7.712612753128144760e+00
7.692344881989604310e+00
7.669810390588507332e+00
7.620167134969613620e+00
7.602175845908984542e+00
7.586808384640688629e+00
7.586257023028244895e+00
7.584421587856738256e+00
7.548504382309198846e+00
7.523207721371242940e+00
7.467506487017650407e+00
7.428981863727589285e+00
7.404660106255107621e+00
7.349248709469674345e+00
7.331531735125186522e+00
7.323425452241643541e+00
