1.117685358184502542e+00
1.118597714306695634e+00
1.124887844730747100e+00
1.126287883121729783e+00
1.126310435521468589e+00
1.126318881096209035e+00
1.124972508394348036e+00
1.121057895756874867e+00
1.119923661607758136e+00
1.111755070299115911e+00
1.110257571391721099e+00
1.107576225198675379e+00
1.104585629803348512e+00
1.095503373883060849e+00
1.090724213183956071e+00
1.088796486529056029e+00
1.082116112019849918e+00
1.077602490777164412e+00
1.074289489130473063e+00
1.069690748705953931e+00
1.064038237921941077e+00
1.058543955112264401e+00
1.048731128791741352e+00
1.046930554794202495e+00
1.041732026200463679e+00
1.034299292948177795e+00
1.030104293468973031e+00
1.027974991596108723e+00
1.027511184483376860e+00
1.024793982165553619e+00
1.024750638626608756e+00
1.026480791005676574e+00
1.031133599030015446e+00
1.059462495221764611e+00
1.094911142963899575e+00
1.095637248713215328e+00
1.099285859254204301e+00
1.101201830752335686e+00
1.101629611562315203e+00
1.123895815891688521e+00
1.136536782961684144e+00
1.136956737504845716e+00
1.141329475851970976e+00
