1.408955444821995862e+01
1.409258595361687583e+01
1.410000401154778515e+01
1.409809548471667640e+01
1.409200031807275799e+01
1.407135479399547151e+01
1.406693199157135155e+01
1.406352029022732175e+01
1.407222128954938256e+01
1.407764222593686476e+01
1.409171727601922086e+01
1.410055347797329439e+01
1.411084498136894894e+01
1.413381057682371811e+01
1.413199811645911730e+01
1.413165824295675499e+01
1.411989048013574433e+01
1.411829079061817893e+01
1.411789264544745492e+01
1.413032854032472940e+01
1.414455288480960249e+01
1.415511287791319539e+01
1.419768462755897254e+01
1.420443446223903905e+01
1.421413497051459451e+01
1.421123921599808959e+01
1.420127208179494183e+01
1.419178118111340048e+01
1.418844344816365144e+01
1.419759274766273727e+01
1.419971832410126211e+01
1.420500587235615697e+01
1.421242144761423987e+01
1.422330588208023805e+01
1.423615027518047960e+01
1.425900806826853540e+01
1.426377900884064331e+01
1.426628208603019132e+01
1.426634649693674994e+01
1.426654875977523673e+01
1.426714684709769543e+01
1.426451789890186284e+01
1.425391822852895451e+01
1.424597777491197448e+01
1.424233733352491527e+01
1.424800607022722332e+01
1.426193373973621625e+01
1.427531937617352220e+01
