2.667553881933527009e+02
2.666611846652158988e+02
2.662537268879571002e+02
2.654565752277408706e+02
2.650093271462528151e+02
2.637842062581547111e+02
2.634515487701025904e+02
2.620994346427997357e+02
2.614054614744632090e+02
2.611147065825608706e+02
2.604832508357785628e+02
2.601148333888624506e+02
2.596713269440323302e+02
2.579913552085839115e+02
2.569935757337024711e+02
2.569393919124372019e+02
2.553936713939872618e+02
2.550248777328073402e+02
2.545839606295450324e+02
2.532049442671796555e+02
2.525105766590396854e+02
2.520889869949044169e+02
2.504353829997293417e+02
2.500804247652026504e+02
2.492188299475265865e+02
2.479426415011026279e+02
2.470350320762938452e+02
2.461850297717583942e+02
2.457108586218050164e+02
2.441544807664904795e+02
2.440369814248850844e+02
2.437793112376192823e+02
2.434663119470159813e+02
2.430552818348821233e+02
2.425904986347105137e+02
2.416109885605433192e+02
2.412871285196113149e+02
2.410249428692721665e+02
2.410157723830027976e+02
2.409853584763246772e+02
2.404221091209752785e+02
2.400551425901544462e+02
2.392981511809991844e+02
2.387871929569318752e+02
2.384560387711576084e+02
2.375950865740549602e+02
2.372243540631858423e+02
2.369991170143668171e+02
