4.088781317722914537e+02
4.089217804101800766e+02
4.091033493307631943e+02
4.094402527212534437e+02
4.096249029958885330e+02
4.101304982290440080e+02
4.102693489983892619e+02
4.108440254731465870e+02
4.111447484818275484e+02
4.112716077684179936e+02
4.115483918909872045e+02
4.117104449110839823e+02
4.119058092624416645e+02
4.126429672205088650e+02
4.130728224813280463e+02
4.130959121385907338e+02
4.137438989768222655e+02
4.138961048375111886e+02
4.140774605139590108e+02
4.146448406637379662e+02
4.149330272277107952e+02
4.151091822638235840e+02
4.158048710456725416e+02
4.159538322450088117e+02
4.163127523254354401e+02
4.168371593836355373e+02
4.172078263733350241e+02
4.175568865190356291e+02
4.177535084140178583e+02
4.184120058046212307e+02
4.184624995265850771e+02
4.185735223352924663e+02
4.187088314910658369e+02
4.188870260868817468e+02
4.190888331816767050e+02
4.195135570266904779e+02
4.196535185878668699e+02
4.197666113656986226e+02
4.197705634475589704e+02
4.197836687728702145e+02
4.200258920305856236e+02
4.201832278468468758e+02
4.205067159087222421e+02
4.207244124208806966e+02
4.208653445986325323e+02
4.212322040281924274e+02
4.213911340216423014e+02
4.214882962705694922e+02
