8.767727631127517185e+00
8.770526591580319220e+00
8.778892764395525461e+00
8.784550256121960388e+00
8.784484427074540136e+00
8.781847968905468704e+00
8.781907034614905072e+00
8.791424785892376192e+00
8.802906233350592302e+00
8.808829125030726459e+00
8.823127290407088097e+00
8.831854445198928261e+00
8.842137374316244802e+00
8.870958192076704663e+00
8.878244474281812515e+00
8.878483963462565853e+00
8.883793585843312357e+00
8.885764514696399274e+00
8.889055112095119782e+00
8.907915765791141638e+00
8.922453421806270768e+00
8.932509581304085344e+00
8.972742268894057460e+00
8.979860282780354197e+00
8.992865800316478087e+00
9.001091627497293857e+00
9.001905983884896045e+00
9.002598870063410530e+00
9.004247430080026149e+00
9.022487799661492502e+00
9.024775531310895715e+00
9.030187654515579254e+00
9.037386698416268516e+00
9.047557834832570478e+00
9.059386212739203970e+00
9.081619963284783381e+00
9.087207518320308708e+00
9.090873795113115108e+00
9.090987452244451816e+00
9.091357244156771600e+00
9.096224479511361594e+00
9.097496956052822270e+00
9.096865135813590797e+00
9.095936792963140505e+00
9.096274280239059706e+00
9.106621885865601840e+00
9.118276586856906007e+00
9.128447174576445278e+00
