2.091637781520187289e+01
2.091325464606076068e+01
2.089256696311854355e+01
2.083045919585851635e+01
2.078844252960404759e+01
2.066524694696368769e+01
2.063266687209431538e+01
2.051752497550263499e+01
2.047151925182529197e+01
2.045446507469329234e+01
2.042007417082096410e+01
2.040046867874822212e+01
2.037591089954279155e+01
2.025517598886237636e+01
2.015845261116202991e+01
2.015281463425339581e+01
1.998772339257787323e+01
1.994962940557573106e+01
1.990592011062159372e+01
1.978529632232167046e+01
1.973325646470878070e+01
1.970341720663115836e+01
1.958210193916769626e+01
1.955190743385244900e+01
1.946879610850297482e+01
1.932065722662340335e+01
1.920282999312447458e+01
1.909013116189789017e+01
1.902878685040328577e+01
1.884863504027752512e+01
1.883663736200820793e+01
1.881103663143953497e+01
1.878104688844405956e+01
1.874286144803147280e+01
1.869995473790536877e+01
1.860212243548335209e+01
1.856538689101363460e+01
1.853353876312680626e+01
1.853238888572065335e+01
1.852855766851535790e+01
1.845268706896028732e+01
1.839847630009169777e+01
1.827796536663584348e+01
1.819446393839820075e+01
1.814202995728777168e+01
1.802538337332644147e+01
1.799048338129464852e+01
1.797588806074074697e+01
