9.711898706388310529e+02
9.713529448253624423e+02
9.720217870608660178e+02
9.732393836256748045e+02
9.739023030487408050e+02
9.757282321819081972e+02
9.762354848622035206e+02
9.783679406430710515e+02
9.795033619020928199e+02
9.799856531936538886e+02
9.810435753136982839e+02
9.816659809893866395e+02
9.824186401463772427e+02
9.852694873127572919e+02
9.869282752578549207e+02
9.870171208486701744e+02
9.894985638132717440e+02
9.900789827375309642e+02
9.907703515186306049e+02
9.929405982918360678e+02
9.940520380792869446e+02
9.947352028599373170e+02
9.974534702769291243e+02
9.980368383410092292e+02
9.994395555699589977e+02
1.001479084882137840e+03
1.002918551765550660e+03
1.004279990976567888e+03
1.005051691296940930e+03
1.007667794855153716e+03
1.007870221703653669e+03
1.008315971414378737e+03
1.008860231017194337e+03
1.009578090607509466e+03
1.010391660194299106e+03
1.012102014924568948e+03
1.012664377404275115e+03
1.013118219299087286e+03
1.013134069731053046e+03
1.013186626151349515e+03
1.014156775656467516e+03
1.014785702895117765e+03
1.016075938185584050e+03
1.016942236855706483e+03
1.017502341748657614e+03
1.018959038816298857e+03
1.019590627569687967e+03
1.019977411511679520e+03
