1.828344676600609091e+02
1.828664533983398144e+02
1.830041496870348965e+02
1.832738734742471252e+02
1.834267976019902164e+02
1.838552610728350487e+02
1.839743800302189527e+02
1.844711280989332636e+02
1.847336110296765241e+02
1.848450674515486583e+02
1.850902441079011851e+02
1.852353658815377457e+02
1.854122305371511743e+02
1.861048790135946831e+02
1.865319760863017677e+02
1.865554464517580016e+02
1.872349202487528999e+02
1.873997276638564813e+02
1.875982042427403371e+02
1.882306243695095134e+02
1.885566912505362041e+02
1.887572405948942276e+02
1.895586637273087831e+02
1.897325638875708194e+02
1.901555658403297002e+02
1.907839594705911281e+02
1.912345385078882316e+02
1.916622486978791642e+02
1.919041220198523945e+02
1.927167380480586019e+02
1.927791644566754030e+02
1.929164858467582633e+02
1.930839773885849979e+02
1.933048223800635128e+02
1.935553890375813921e+02
1.940847431721734324e+02
1.942598529269039034e+02
1.944015921942234115e+02
1.944065492362861391e+02
1.944229889330860317e+02
1.947273326652232015e+02
1.949254741296795714e+02
1.953337342852267966e+02
1.956089244268537186e+02
1.957871730291239203e+02
1.962511701970532840e+02
1.964520463116434428e+02
1.965747767730483417e+02
