1.869948096093560963e+01
1.870415535803036988e+01
1.871664336709225651e+01
1.871882533188809106e+01
1.871326026002567744e+01
1.869269747120748804e+01
1.868870382221498616e+01
1.869198696103805446e+01
1.870765439872910108e+01
1.871659147348977825e+01
1.873907731232820240e+01
1.875303147542589599e+01
1.876936880860852241e+01
1.880979685255591605e+01
1.881298622657020658e+01
1.881283009630757519e+01
1.880524956563987615e+01
1.880495241746001511e+01
1.880657450424662613e+01
1.882967984326776900e+01
1.885186742482150990e+01
1.886789818979605826e+01
1.893231736760083095e+01
1.894295850689415417e+01
1.895985919762687999e+01
1.896181786024686744e+01
1.895264169051504410e+01
1.894384076812503537e+01
1.894154559062468479e+01
1.896084378297190298e+01
1.896421419458124902e+01
1.897243990300856709e+01
1.898375436400293381e+01
1.900013913695857681e+01
1.901938083008102609e+01
1.905432770114444807e+01
1.906217508587129217e+01
1.906671985719015794e+01
1.906684803846249920e+01
1.906725804459528462e+01
1.907066312740020919e+01
1.906886370247200446e+01
1.905824710903188191e+01
1.905000732138537245e+01
1.904665055256903017e+01
1.905795125174409321e+01
1.907803988528842254e+01
1.909677508120803680e+01
