2.074140588703448884e+02
2.074961110626637151e+02
2.078323236013145277e+02
2.084437482202033607e+02
2.087766025226778197e+02
2.096939449164407563e+02
2.099489484676720110e+02
2.110215618608122270e+02
2.115930043134151219e+02
2.118358038822188973e+02
2.123685314173515621e+02
2.126820238378163594e+02
2.130611598970378964e+02
2.144964870032752344e+02
2.153300761780131154e+02
2.153746800784501545e+02
2.166189583259062488e+02
2.169097241194515391e+02
2.172560338348752964e+02
2.183433510739480141e+02
2.189004734450327874e+02
2.192429939467076281e+02
2.206059206794803913e+02
2.208983665936471539e+02
2.216014977940708945e+02
2.226240010342056053e+02
2.233460636209909751e+02
2.240294138049397077e+02
2.244169537592468373e+02
2.257318915865374152e+02
2.258337200183333380e+02
2.260579949000346858e+02
2.263319213965515928e+02
2.266933692256912423e+02
2.271032049913353887e+02
2.279653564586359948e+02
2.282489403960943264e+02
2.284778186375074540e+02
2.284858123787970214e+02
2.285123178515122788e+02
2.290015872822952190e+02
2.293187518033194294e+02
2.299693317915649970e+02
2.304061027360039873e+02
2.306884877788912718e+02
2.314228332663817014e+02
2.317411004994135340e+02
2.319359093773305460e+02
