2.396296668475843035e+02
2.396053603831043972e+02
2.394987054682623295e+02
2.392847031207060411e+02
2.391621692789765632e+02
2.388185131032893480e+02
2.387232242875459747e+02
2.383272787210099466e+02
2.381186539166413354e+02
2.380301124638914132e+02
2.378353126120949810e+02
2.377199026484637443e+02
2.375790057679428173e+02
2.370207900094145828e+02
2.366675239146864840e+02
2.366478613907929969e+02
2.360680156148942217e+02
2.359247866485322334e+02
2.357513639893049628e+02
2.351947315441683486e+02
2.349066105966076066e+02
2.347291262098029563e+02
2.340145198372665902e+02
2.338574236965854993e+02
2.334710226655582233e+02
2.328859832784784487e+02
2.324606832832276950e+02
2.320552277017497715e+02
2.318260287268716127e+02
2.310595951703872686e+02
2.310009456378074049e+02
2.308719898863392359e+02
2.307147406102898515e+02
2.305072809950686690e+02
2.302714094629990029e+02
2.297697463372986419e+02
2.296024412630408165e+02
2.294664577979826277e+02
2.294616927778021420e+02
2.294458854104916270e+02
2.291520011752366770e+02
2.289594343259670097e+02
2.285599463777865878e+02
2.282890306221940477e+02
2.281130756877430770e+02
2.276544246819340742e+02
2.274561273325795412e+02
2.273352238314021747e+02
