1.083311832791572670e+03
1.083476053632075718e+03
1.084154442032284123e+03
1.085401112221799622e+03
1.086082298382986437e+03
1.087957727001105013e+03
1.088477958760712681e+03
1.090662758317614362e+03
1.091825758109379649e+03
1.092319807559708579e+03
1.093403588022152462e+03
1.094041248684535276e+03
1.094812468037334156e+03
1.097739118483592620e+03
1.099451430808226178e+03
1.099543412099723355e+03
1.102122513574475988e+03
1.102727853923197472e+03
1.103449384499495409e+03
1.105714721750890021e+03
1.106874235038329516e+03
1.107586865433869662e+03
1.110425313183143771e+03
1.111035561505210353e+03
1.112504455795474541e+03
1.114642155122818622e+03
1.116150631150509980e+03
1.117576644406234209e+03
1.118384738564878035e+03
1.121124038464398382e+03
1.121335994971964965e+03
1.121802714621565201e+03
1.122372536487865545e+03
1.123124010785310247e+03
1.123975514586061308e+03
1.125765291430041543e+03
1.126353844066481088e+03
1.126828925405028940e+03
1.126845519766802227e+03
1.126900544032477910e+03
1.127916615565280381e+03
1.128575742126516161e+03
1.129928979210165608e+03
1.130838109150400896e+03
1.131425953059127778e+03
1.132954293177542695e+03
1.133616667519417206e+03
1.134022313747230555e+03
