2.169363059097208861e+02
2.168631120971874111e+02
2.165046372547544706e+02
2.156775752971409759e+02
2.151678995358465158e+02
2.136666940711563427e+02
2.132383760980384864e+02
2.114223582640396728e+02
2.104462781389349857e+02
2.100285185642619297e+02
2.091023529535122236e+02
2.085490145449185491e+02
2.078684931400459845e+02
2.051063083197050787e+02
2.032952224526179918e+02
2.031930490035970820e+02
2.001342111302042497e+02
1.993705836388368766e+02
1.984452507268256340e+02
1.954898997245135490e+02
1.939773760272714469e+02
1.930518889733451147e+02
1.893462387609221480e+02
1.885288904266464840e+02
1.865048332571811898e+02
1.834048855730549121e+02
1.811411908650235034e+02
1.789940326266259376e+02
1.777906209663600521e+02
1.738406444274379794e+02
1.735429373915477811e+02
1.728901151061748180e+02
1.720967400494022570e+02
1.710529125353915276e+02
1.698671420770272675e+02
1.673329285131491986e+02
1.664802387877631702e+02
1.657834892321296252e+02
1.657590102649459141e+02
1.656777723547759251e+02
1.641581815684581613e+02
1.631526442915965731e+02
1.610421594680164219e+02
1.595940725401112559e+02
1.586477641599850301e+02
1.561693586108157774e+02
1.550982243142878758e+02
1.544473024974313091e+02
