1.578934267327887930e+01
1.578682689673553696e+01
1.577075564361303428e+01
1.572382838755405743e+01
1.569250129003647842e+01
1.560202338451630943e+01
1.557849083952294222e+01
1.549764434547752678e+01
1.546715033456812272e+01
1.545627474592305717e+01
1.543509932669814511e+01
1.542336674166349830e+01
1.540878024412732117e+01
1.533491854230086204e+01
1.527355842525942542e+01
1.526995836682920249e+01
1.516489247967713894e+01
1.514103990914699338e+01
1.511403775431395502e+01
1.504277796598503159e+01
1.501414163198738727e+01
1.499830773070391920e+01
1.493426356509409558e+01
1.491754128644447697e+01
1.486960605015987902e+01
1.477981769134165368e+01
1.470681769734202859e+01
1.463715453241212927e+01
1.459973605703821242e+01
1.449478012124497006e+01
1.448818615588353964e+01
1.447431627637267404e+01
1.445840007818850736e+01
1.443854628826542630e+01
1.441647266506181246e+01
1.436484498727294934e+01
1.434458944655358792e+01
1.432664531880671888e+01
1.432599132186476432e+01
1.432380938756326572e+01
1.427979515198022220e+01
1.424762847644409902e+01
1.417506012555144679e+01
1.412475477722267847e+01
1.409358076109941038e+01
1.402812694583143482e+01
1.401194419384887269e+01
1.400726758628957924e+01
