1.049666407970027649e+03
1.049735617977409902e+03
1.050024907077222224e+03
1.050567457807195296e+03
1.050867956486839148e+03
1.051702141216525433e+03
1.051934158846877835e+03
1.052907781182884264e+03
1.053425779682738721e+03
1.053646052472133533e+03
1.054130313930818829e+03
1.054416216117183694e+03
1.054763273568472414e+03
1.056097069923348954e+03
1.056892649856872140e+03
1.056935745953959213e+03
1.058159569712192479e+03
1.058450947277150590e+03
1.058800026305999609e+03
1.059905285086563254e+03
1.060474079804200301e+03
1.060824056843824565e+03
1.062220675308824866e+03
1.062522158503005812e+03
1.063251333005019205e+03
1.064323347066671658e+03
1.065086509898527765e+03
1.065810234289642722e+03
1.066220303107859081e+03
1.067606288126554546e+03
1.067713290663799626e+03
1.067948863198001618e+03
1.068236475335953855e+03
1.068615967875860406e+03
1.069046533227573718e+03
1.069954479402228799e+03
1.070254002983052033e+03
1.070496096981553592e+03
1.070504558009810125e+03
1.070532615673140754e+03
1.071051292841170380e+03
1.071388265924147845e+03
1.072081181348617747e+03
1.072547541664202072e+03
1.072849496032883053e+03
1.073635972457737807e+03
1.073977144026045835e+03
1.074185965024170400e+03
