1.818803538972370903e+00
1.818737662900557162e+00
1.818780174822874907e+00
1.818843974455703449e+00
1.818800451046084898e+00
1.818848093099796781e+00
1.818933043108149183e+00
1.818905703091572290e+00
1.818953071334043381e+00
1.819063629956231054e+00
1.819056667843300445e+00
1.819108558841829870e+00
1.819244408588391870e+00
1.819257860749439182e+00
1.819320524309159026e+00
1.819481512056440264e+00
1.819502906335051406e+00
1.819591335477818372e+00
1.819765367054890781e+00
1.819716791941187850e+00
1.821086380389464798e+00
