8.614501143286470324e+02
8.615984887905759706e+02
8.622064863419640233e+02
8.633122148243211313e+02
8.639141665497612621e+02
8.655731271415032779e+02
8.660342854609594951e+02
8.679740474323441504e+02
8.690074722107530079e+02
8.694465629447682886e+02
8.704099734435903883e+02
8.709769083872588453e+02
8.716625566598089563e+02
8.742582766334527378e+02
8.757657840810014704e+02
8.758464481746432284e+02
8.780966686884719365e+02
8.786225058013242233e+02
8.792487918949515233e+02
8.812151592864601071e+02
8.822226923715639941e+02
8.828421271709507892e+02
8.853069314529844860e+02
8.858358103000302890e+02
8.871074000101717729e+02
8.889565620339692487e+02
8.902623879140865029e+02
8.914982061027465079e+02
8.921990613553711000e+02
8.945770862180530685e+02
8.947612391466192321e+02
8.951668315418365864e+02
8.956622164340645895e+02
8.963158800877844214e+02
8.970570539159725740e+02
8.986162613005625417e+02
8.991291490517703551e+02
8.995431117694813565e+02
8.995575700241704453e+02
8.996055105448238010e+02
9.004905068132800352e+02
9.010642684636816284e+02
9.022414456242817096e+02
9.030319973305544181e+02
9.035432274731883808e+02
9.048729941776173291e+02
9.054493018670287938e+02
9.058019684637940827e+02
