3.070355151270073080e+00
3.075600554958273669e+00
3.120720965788811085e+00
3.143605789423083330e+00
3.144794788735489455e+00
3.152115766123048335e+00
3.172736899526339194e+00
3.195106466726137295e+00
3.199937528122074326e+00
3.229953907817300074e+00
3.235240967867575534e+00
3.244839509281494561e+00
3.255882674190738957e+00
3.292613003873152699e+00
3.313914706741592830e+00
3.322768066012872001e+00
3.353537446744775607e+00
3.373303822935278973e+00
3.386749314810205913e+00
3.403576827364277246e+00
3.421269430845151671e+00
3.435682871190134158e+00
3.456728450884800186e+00
3.460220397291275063e+00
3.470237054481089878e+00
3.486385909540943739e+00
3.498929518411235673e+00
3.507938499196663784e+00
3.510378681454379368e+00
3.540168379293495260e+00
3.543991967625983008e+00
3.579406046308589939e+00
3.616181633567769893e+00
3.732263167336475451e+00
3.784921077499954656e+00
3.785561623114726881e+00
3.788862161480805568e+00
3.790668547645282160e+00
3.791080065782089559e+00
3.817526769828792244e+00
3.836719867404824402e+00
3.837401186558400124e+00
3.844645356212065934e+00
