2.118466522858867407e+01
2.118566230433687281e+01
2.118201797443197520e+01
2.115149888504994280e+01
2.112695600510654259e+01
2.105270177472561599e+01
2.103388799926452535e+01
2.097719221532624090e+01
2.096261645089466086e+01
2.095897633942076155e+01
2.095416103679843900e+01
2.095206927574183453e+01
2.094882673731277123e+01
2.091072035405842655e+01
2.086399983345594578e+01
2.086108977330529157e+01
2.077451991638611162e+01
2.075547988225292428e+01
2.073481610677389853e+01
2.068891279317255538e+01
2.067640574848906709e+01
2.067122958737597571e+01
2.065019998156391523e+01
2.064188481292278610e+01
2.061180138788068206e+01
2.054178764013672165e+01
2.047989737966753054e+01
2.042080342324526043e+01
2.039017611534684349e+01
2.031610117143454985e+01
2.031244133276078756e+01
2.030526787469987937e+01
2.029790361409490984e+01
2.028977378768195905e+01
2.028122789682512561e+01
2.025671509993188124e+01
2.024443396290884678e+01
2.023245972464586728e+01
2.023200628829436809e+01
2.023048547310355616e+01
2.019760256316190805e+01
2.017163871855960622e+01
2.011019359850077137e+01
2.006735901548275081e+01
2.004172815754547798e+01
1.999700388334456136e+01
1.999442398088412176e+01
1.999999924469875268e+01
