2.543102451503665762e+00
2.548135163570686590e+00
2.592379572761151163e+00
2.615643438209276361e+00
2.616870003150710389e+00
2.624462048372813605e+00
2.646187305111553645e+00
2.670086407466410350e+00
2.675242215910131449e+00
2.706769101876810968e+00
2.712204585508485088e+00
2.721980468628120597e+00
2.733091982845011980e+00
2.769251781286603986e+00
2.789858403907430784e+00
2.798379487410986410e+00
2.827920003958471984e+00
2.846934184721763739e+00
2.859937468374468050e+00
2.876351424867526596e+00
2.893871396650241845e+00
2.908439683522427099e+00
2.930356037054522300e+00
2.934065620322790835e+00
2.944766284276494339e+00
2.961907255018636498e+00
2.974878816348057953e+00
2.983981661052779177e+00
2.986419301372105206e+00
3.015447366368185556e+00
3.019098801232982687e+00
3.052444099845157854e+00
3.086555120703178723e+00
3.194847555399189520e+00
3.250990093787328838e+00
3.251729907409554254e+00
3.255474984674298078e+00
3.257476150325532949e+00
3.257927380120659411e+00
3.284602283241013332e+00
3.302596542384649059e+00
3.303225254963910729e+00
3.309878775161827047e+00
