1.535217643855809001e+03
1.534926832952671020e+03
1.533688991251976176e+03
1.531307581632798247e+03
1.529972620047672763e+03
1.526258463646675409e+03
1.525228348791641338e+03
1.520927164357733091e+03
1.518648662960066758e+03
1.517680493976412208e+03
1.515551407676209010e+03
1.514292877979378090e+03
1.512762210386471679e+03
1.506820062441233858e+03
1.503202954976079127e+03
1.503005104628869049e+03
1.497307500902084257e+03
1.495931797547814995e+03
1.494276873835145125e+03
1.489009180160663163e+03
1.486291915964841110e+03
1.484618848536621499e+03
1.477910252374426591e+03
1.476448636807298271e+03
1.472883968172373670e+03
1.467566060942728200e+03
1.463739375453686989e+03
1.460098349417113695e+03
1.458035897068431041e+03
1.451086605015794930e+03
1.450551221868241328e+03
1.449372598651872295e+03
1.447933184316687402e+03
1.446031857239923511e+03
1.443869475561373292e+03
1.439280699136972316e+03
1.437756073226217040e+03
1.436519439261379375e+03
1.436476148611186545e+03
1.436332557688429006e+03
1.433668598722331808e+03
1.431928398304902885e+03
1.428328408246365598e+03
1.425891232865984193e+03
1.424308303403760419e+03
1.420173349801794984e+03
1.418377463053571546e+03
1.417278731105520592e+03
