8.724353381344256420e+00
8.727101585303559617e+00
8.735206095718739405e+00
8.740168337267853360e+00
8.739605861819471855e+00
8.735170041443735656e+00
8.734615687820532770e+00
8.740993684410145903e+00
8.750411715403476620e+00
8.755369264976124555e+00
8.767351243580304043e+00
8.774580311210231187e+00
8.782907966501886321e+00
8.802714966707615218e+00
8.803425220799814710e+00
8.803282303031215505e+00
8.796608932257900193e+00
8.795407964744104135e+00
8.794737847449153989e+00
8.799916260242001798e+00
8.806758766691793028e+00
8.811873945679733922e+00
8.831049695852453141e+00
8.833389947888285576e+00
8.834574277607595505e+00
8.824816876159992773e+00
8.812384803956868851e+00
8.800127329336504545e+00
8.794253774753448383e+00
8.786050487598016545e+00
8.786234489062737296e+00
8.786986968879846316e+00
8.788447586576843662e+00
8.790971753563978197e+00
8.794033413977086155e+00
8.797527359249819767e+00
8.796870184922436664e+00
8.795468512037277975e+00
8.795404718253019283e+00
8.795185904948528588e+00
8.789127141941619925e+00
8.783252806429736381e+00
8.767783807064061463e+00
8.756738121574203504e+00
8.750455178217393382e+00
8.743232287507819223e+00
8.747082766889025862e+00
8.752410545951674337e+00
