1.050620162992840223e+00
1.050346820321333086e+00
1.046404946493360022e+00
1.042924454271029644e+00
1.042710941294992644e+00
1.041325620358839688e+00
1.036871055206719072e+00
1.031823110716389769e+00
1.030844381816827360e+00
1.026830219107074837e+00
1.026550839902729217e+00
1.026364903450653676e+00
1.026625009723267867e+00
1.030391902837722196e+00
1.034064079065686759e+00
1.035819138284980623e+00
1.042673926750969260e+00
1.047492128683925827e+00
1.050854322114161965e+00
1.055048116458605412e+00
1.059259618375503642e+00
1.062327700442370793e+00
1.065651251942917099e+00
1.066020511910952040e+00
1.066786037400402121e+00
1.067453596338759469e+00
1.067984969051838595e+00
1.068535016904191171e+00
1.068713081822425082e+00
1.071829242716412001e+00
1.072338652359175803e+00
1.077892953003042109e+00
1.084728693076287609e+00
1.106784402732496675e+00
1.103536807253892471e+00
1.103347199277971979e+00
1.102482807969874079e+00
1.102095346145329557e+00
1.102015582535273541e+00
1.101414393830776328e+00
1.103794246458120965e+00
1.103900604686369524e+00
1.105100894727079286e+00
