2.261853686592075974e+00
2.258666254030172293e+00
2.238640980720783880e+00
2.229312391176156538e+00
2.228767800654935183e+00
2.225225561702882882e+00
2.213372625768979862e+00
2.198886656052173372e+00
2.195983914103197154e+00
2.184176109085501860e+00
2.183445367405953519e+00
2.183132882340573122e+00
2.184242331689323802e+00
2.196382775650522756e+00
2.207346622824128968e+00
2.212443142807855256e+00
2.231855339369360092e+00
2.245350723948071003e+00
2.254895510643237788e+00
2.267245100150383053e+00
2.280754284739009208e+00
2.292194918843157403e+00
2.309375551518035863e+00
2.312195209466126222e+00
2.319977818032520567e+00
2.330841425301195979e+00
2.337593741496818200e+00
2.341698424826665015e+00
2.342725439404700349e+00
2.353363730142842503e+00
2.354557480713973749e+00
2.364702636528954294e+00
2.374339089222201604e+00
2.403243305815778719e+00
2.415873327863097053e+00
2.415976027555045036e+00
2.416451825917229179e+00
2.416677984844511684e+00
2.416726491846782121e+00
2.418503905022439504e+00
2.418993973923107443e+00
2.419004534224337366e+00
2.419093345005797424e+00
