6.447778284271321603e+00
6.448558911896731694e+00
6.449366740512217255e+00
6.443424528253824057e+00
6.437709835775544676e+00
6.419724667726348422e+00
6.415221724637024003e+00
6.402762737991761988e+00
6.400588150421421929e+00
6.400362523804998816e+00
6.400639596203132164e+00
6.400889137583380517e+00
6.400819362015237601e+00
6.390905609936067933e+00
6.376189982099697673e+00
6.375245045091701535e+00
6.345868121378369864e+00
6.338978975716568875e+00
6.331194872233433912e+00
6.311176765928316001e+00
6.303479029669720290e+00
6.299246749948711255e+00
6.280329038608310377e+00
6.274724709762652175e+00
6.257666782669951466e+00
6.223732758498057294e+00
6.195331431844105730e+00
6.167923085410624395e+00
6.153131157408877172e+00
6.111477722568652737e+00
6.108849914297726613e+00
6.103313185795764539e+00
6.096937740577053511e+00
6.088936163960864789e+00
6.079952229400141128e+00
6.058555204184576937e+00
6.050049146739363337e+00
6.042478939788564318e+00
6.042202508779044301e+00
6.041280002885822675e+00
6.022599751058771211e+00
6.008873371913051820e+00
5.977681899434712065e+00
5.955825304711447110e+00
5.942130071616193554e+00
5.912474749594665013e+00
5.904417233836089629e+00
5.901568982999543245e+00
