1.952258829365880999e+01
1.952772430891235089e+01
1.954180362514786751e+01
1.954595260425445957e+01
1.954115151095365732e+01
1.952244317430091769e+01
1.951903771836013135e+01
1.952567422143581055e+01
1.954373895973195019e+01
1.955379412687616281e+01
1.957885623608803982e+01
1.959435470443480298e+01
1.961253092643942253e+01
1.965889782541552933e+01
1.966456148295436890e+01
1.966452135818929747e+01
1.965994967051811670e+01
1.966039741667116658e+01
1.966298316076439434e+01
1.968984259168172102e+01
1.971437896171253357e+01
1.973195130382212881e+01
1.980249155311184239e+01
1.981429963966310126e+01
1.983361608033258960e+01
1.983807208272849465e+01
1.983017869034189218e+01
1.982257360160875947e+01
1.982106979607360842e+01
1.984422126071229187e+01
1.984797148736962313e+01
1.985706867575679979e+01
1.986950279181115420e+01
1.988742838894973985e+01
1.990844596286228807e+01
1.994688501329842722e+01
1.995572039613398019e+01
1.996098363217724625e+01
1.996113555671941953e+01
1.996162362646819588e+01
1.996628531713776411e+01
1.996512234942033714e+01
1.995549873520740647e+01
1.994786780873598175e+01
1.994498622943674349e+01
1.995837922866012804e+01
1.998002955811832848e+01
1.999999929786556763e+01
