7.671745041848771507e+02
7.673030730961727386e+02
7.678304490152315793e+02
7.687906762093400630e+02
7.693135269925891180e+02
7.707537662603730269e+02
7.711538943319587815e+02
7.728361207424514987e+02
7.737319154900882268e+02
7.741124462338590320e+02
7.749472128301312068e+02
7.754383714661723843e+02
7.760323619873638563e+02
7.782827298268448430e+02
7.795925397499299834e+02
7.796627028773248185e+02
7.816226987361491183e+02
7.820812389806561669e+02
7.826274698328909381e+02
7.843423516922664476e+02
7.852207007483250436e+02
7.857606253266243357e+02
7.879091749209696900e+02
7.883703200820086749e+02
7.894792109873133086e+02
7.910916674423979202e+02
7.922298162812257942e+02
7.933063524755533535e+02
7.939165988029919845e+02
7.959855603667683681e+02
7.961456625391911075e+02
7.964982172573683101e+02
7.969286949048139377e+02
7.974964934202840823e+02
7.981400102953430178e+02
7.994929055122146337e+02
7.999377442341190090e+02
8.002967435256676936e+02
8.003092816118636392e+02
8.003508550668714179e+02
8.011182715915148265e+02
8.016157747221811860e+02
8.026364015874197548e+02
8.033216813186103309e+02
8.037647494790992369e+02
8.049170651658342877e+02
8.054166834362587224e+02
8.057226500292039191e+02
