2.988562565296888351e+00
2.991238181061892654e+00
2.988446672111722435e+00
2.987372982958036438e+00
2.987600311212369686e+00
2.989782425394946763e+00
3.003131122451800028e+00
3.024460082699010677e+00
3.028887891780112529e+00
3.049140519665258786e+00
3.051667691748150890e+00
3.056052173087019153e+00
3.061359531604917361e+00
3.087758974676535928e+00
3.111585576795070640e+00
3.123319330719908304e+00
3.170885004513208649e+00
3.205149937794669057e+00
3.229036165996194807e+00
3.258504410006622276e+00
3.287798083189576115e+00
3.309938496867691260e+00
3.342254848612273399e+00
3.348362878180656477e+00
3.368715256175943917e+00
3.412747179295671174e+00
3.454682074135956071e+00
3.486787197855964138e+00
3.495598732107023210e+00
3.601908877479039983e+00
3.615090226152320341e+00
3.730847725475447962e+00
3.841355676401345232e+00
4.212000378103992304e+00
4.611089577317544652e+00
4.617772671407925245e+00
4.649995249615110460e+00
4.666033709582054101e+00
4.669534520995609839e+00
4.818753454075093146e+00
4.882715705817164853e+00
4.884658903143273001e+00
4.904295144214465552e+00
