3.065735317766666412e+00
3.060717545318521360e+00
3.047957786502859090e+00
3.042496637045906560e+00
3.041856077793545055e+00
3.036803287445728916e+00
3.011011966686551578e+00
2.968652702460300663e+00
2.959460470248627129e+00
2.923615718902078164e+00
2.922473212064530923e+00
2.924481994394841688e+00
2.932741122335603912e+00
2.993780229321276742e+00
3.043650338186025373e+00
3.066076782012815194e+00
3.148307335022091369e+00
3.203252612200632843e+00
3.241510009903953105e+00
3.291087752051507387e+00
3.347168654996980575e+00
3.398588871168623626e+00
3.490477652276788856e+00
3.508214276268422083e+00
3.562632769395067900e+00
3.654852500366644552e+00
3.722556623392287545e+00
3.767088300711212590e+00
3.778544243910508360e+00
3.900994037501368972e+00
3.914846336931961712e+00
4.030794425976027107e+00
4.138209571380674134e+00
4.516319162949460342e+00
4.930498648356037350e+00
4.937385085574720556e+00
4.970576918376885089e+00
4.987089916535568435e+00
4.990693507121956252e+00
5.143914911930457912e+00
5.209423740278340098e+00
5.211415456382160194e+00
5.231557344755048966e+00
