1.134141843957320539e+01
1.134144082025074773e+01
1.133740958726741610e+01
1.131737851266659867e+01
1.130229737973287207e+01
1.125754372345176790e+01
1.124619346742105108e+01
1.121112692508516950e+01
1.120130493434186114e+01
1.119861069190790559e+01
1.119463903197130428e+01
1.119285623622097248e+01
1.119047455485247156e+01
1.116914141145452710e+01
1.114463053732451847e+01
1.114311993027242309e+01
1.109890131698791116e+01
1.108942605035165663e+01
1.107932698405375760e+01
1.105854889019492759e+01
1.105425930164755854e+01
1.105312501666829128e+01
1.104957239840761041e+01
1.104701935671945812e+01
1.103581897787918997e+01
1.100627722516887985e+01
1.097927763586674210e+01
1.095381027754826064e+01
1.094105983395575521e+01
1.091452836720895725e+01
1.091363313979627669e+01
1.091216058589178850e+01
1.091115537098456123e+01
1.091075560302431136e+01
1.091076916245545192e+01
1.090767606906485732e+01
1.090451319208152725e+01
1.090089715607619780e+01
1.090075265972392771e+01
1.090026458492487293e+01
1.088876671633785698e+01
1.087891163753827328e+01
1.085451862948222868e+01
1.083744150510738891e+01
1.082756379188835361e+01
1.081381474551701771e+01
1.081693337900266627e+01
1.082269481993295024e+01
