9.091302664289323729e+02
9.092866283840562573e+02
9.099273489628127436e+02
9.110925757831934106e+02
9.117269175532079544e+02
9.134751495555722158e+02
9.139611241619613793e+02
9.160052679795610402e+02
9.170943020309898657e+02
9.175570207065651402e+02
9.185722740699303586e+02
9.191697172219018057e+02
9.198922621515351921e+02
9.226276621910575386e+02
9.242162891132928735e+02
9.243012937922333094e+02
9.266726024133639612e+02
9.272267360750670377e+02
9.278867239766907460e+02
9.299589034782903809e+02
9.310206518980818373e+02
9.316734185496444525e+02
9.342708553753519709e+02
9.348281932219119881e+02
9.361682067305972623e+02
9.381168776192486121e+02
9.394929840350044969e+02
9.407953115518895402e+02
9.415338709516503286e+02
9.440395662149470581e+02
9.442335777693880345e+02
9.446608638302400323e+02
9.451827046541379787e+02
9.458712007719323083e+02
9.466517520462342645e+02
9.482933170755810579e+02
9.488331321791079063e+02
9.492687623022633261e+02
9.492839762104913461e+02
9.493344217660761615e+02
9.502655051484993010e+02
9.508689814065548944e+02
9.521067264428654653e+02
9.529377170465136260e+02
9.534750580806087328e+02
9.548730911410658564e+02
9.554794675137097784e+02
9.558508049344374058e+02
