2.385994120282663999e+00
2.378362121871428148e+00
2.338062478114594445e+00
2.335532697555040116e+00
2.335734265018767353e+00
2.337681819041399045e+00
2.349217228972702465e+00
2.369157549020627584e+00
2.373994013429815642e+00
2.404324568838579257e+00
2.409486420763656156e+00
2.418677494295580210e+00
2.429013008903438742e+00
2.462634772192139998e+00
2.482374052460323277e+00
2.490741645196078657e+00
2.520818860742234158e+00
2.541047232304058934e+00
2.555207776241515294e+00
2.573315725663087861e+00
2.592608116557694853e+00
2.608178139497336012e+00
2.629457395748848292e+00
2.632678865580860617e+00
2.641301261669101397e+00
2.653710325548630955e+00
2.663055366057273332e+00
2.670030326490822503e+00
2.671976647816855621e+00
2.697921662414953570e+00
2.701533017383001667e+00
2.737509038976012832e+00
2.778720061727698365e+00
2.922893293904140766e+00
2.973673420920491139e+00
2.973990925025308929e+00
2.975765913883034575e+00
2.976853697519031616e+00
2.977113785493922915e+00
3.001147840064390948e+00
3.023621937186750763e+00
3.024462543774588674e+00
3.033540913148033979e+00
