3.498215192983479938e+00
3.512286253513101641e+00
3.569943365027882454e+00
3.674797368028970723e+00
3.731879016867194032e+00
3.889194564304154778e+00
3.932925088569072081e+00
4.116867087644436651e+00
4.214863180297803602e+00
4.256500503779838240e+00
4.347856805545377235e+00
4.401616759665179401e+00
4.466633632240329277e+00
4.712773159030054337e+00
4.855722324421384073e+00
4.863371262674731632e+00
5.076746214361378406e+00
5.126607910309004090e+00
5.185994448572802895e+00
5.372451571170472562e+00
5.467988493897349755e+00
5.526724562928484907e+00
5.760438962417353537e+00
5.810587061210685356e+00
5.931158370083756459e+00
6.106493649998093964e+00
6.230308720649828658e+00
6.347483998486624479e+00
6.413935608037025560e+00
6.639406741960150349e+00
6.656867051532284307e+00
6.695322909963626223e+00
6.742292218633483714e+00
6.804268197014910591e+00
6.874540716699884868e+00
7.022370919808696321e+00
7.070997848591010992e+00
7.110245506239160740e+00
7.111616284776227204e+00
7.116161496839413125e+00
7.200067021023651037e+00
7.254464384374632147e+00
7.366073166139343265e+00
7.441037553005530825e+00
7.489529966676282235e+00
7.615810603811508983e+00
7.670674430143042066e+00
7.704318277745681343e+00
