2.260483037587255239e+01
2.266802410887867580e+01
2.327745406270621586e+01
2.364858313951769375e+01
2.366932098390136474e+01
2.380040007031766791e+01
2.420048943463765667e+01
2.467199975739458750e+01
2.477530294150776058e+01
2.539023355356193790e+01
2.549099337152133060e+01
2.566746907729410765e+01
2.586076938762916200e+01
2.644516158404103479e+01
2.675779762884074131e+01
2.688496409868076142e+01
2.732554326040792247e+01
2.761704222982407231e+01
2.782461134087617793e+01
2.810162883857458738e+01
2.842422591217060912e+01
2.872197485940500883e+01
2.923334568457831395e+01
2.932705052427928649e+01
2.960366411598847236e+01
3.003990287587030750e+01
3.034115853074015590e+01
3.053345212547882070e+01
3.058235673463601856e+01
3.109565543624439243e+01
3.115297072098739051e+01
3.162889896287918390e+01
3.206335088647490750e+01
3.351849461311300615e+01
3.503167845395578439e+01
3.505671952062437668e+01
3.517742508574470861e+01
3.523748427410735218e+01
3.525059163991167566e+01
3.580813895158581062e+01
3.604641454394770506e+01
3.605365277413206115e+01
3.612681746817648332e+01
