3.381042657347766767e+00
3.387722893419584658e+00
3.448776884448516267e+00
3.482702499586215250e+00
3.484527123173077889e+00
3.495897548536881061e+00
3.529067604987916607e+00
3.566095784382978806e+00
3.574056018211347663e+00
3.621602145500849801e+00
3.629537030847784784e+00
3.643592568320927594e+00
3.659236682066491664e+00
3.707926174535800090e+00
3.734356697471046260e+00
3.745040386612950911e+00
3.781043484827342205e+00
3.803392442624229819e+00
3.818301476709279108e+00
3.836672916824868551e+00
3.855718141083858796e+00
3.871135579084979739e+00
3.893942340736847196e+00
3.897829667841436585e+00
3.909263096161001094e+00
3.928701305417454215e+00
3.944490565268070181e+00
3.956046372906846020e+00
3.959195620673196192e+00
3.997922674849447855e+00
4.002906769191654668e+00
4.049017193107477652e+00
4.096723013413211767e+00
4.246562333609632311e+00
4.312197979573605622e+00
4.312886276387676965e+00
4.316390058630690696e+00
4.318286325060519459e+00
4.318716925147856323e+00
4.346333788104904450e+00
4.366674338033122105e+00
4.367400749064948684e+00
4.375140141505154290e+00
