1.363459557560809943e+00
1.367887285861414837e+00
1.411109077143141155e+00
1.437095139029048951e+00
1.438526856563721257e+00
1.447516400310021378e+00
1.474255930662261127e+00
1.504416165236610370e+00
1.510855077475323771e+00
1.548396188355489311e+00
1.554479177474908047e+00
1.565128761124909618e+00
1.576812652719121299e+00
1.612437345554811552e+00
1.631658315493754507e+00
1.639476203395330067e+00
1.666320899535089772e+00
1.683631187694917264e+00
1.695602619720418813e+00
1.710989363647492878e+00
1.727916658707028486e+00
1.742529929396349209e+00
1.765561840782254865e+00
1.769557849270799066e+00
1.781107526437138766e+00
1.799129815017192380e+00
1.811959583478925717e+00
1.820501140631198611e+00
1.822728451668564897e+00
1.847686444201465772e+00
1.850661237198535147e+00
1.876678675411606712e+00
1.901763101624683650e+00
1.974270579948444571e+00
2.001812949224453408e+00
2.002086789685467938e+00
2.003513986976737105e+00
2.004309752449540571e+00
2.004492646046432736e+00
2.017240830529879680e+00
2.027176982498198221e+00
2.027535411807104282e+00
2.031364954446666538e+00
