3.055069115944206715e+00
3.074487603410549497e+00
3.262141970158302762e+00
3.376460251147541669e+00
3.382848324887901104e+00
3.423229511550832882e+00
3.546560699388936477e+00
3.692135231651155980e+00
3.724062449173233702e+00
3.914261384618883621e+00
3.945436507333633713e+00
4.000036660699604951e+00
4.059836846439801583e+00
4.240592377832778759e+00
4.337290991618912628e+00
4.376627440892693066e+00
4.512930809632011098e+00
4.603118624653799174e+00
4.667332368057993008e+00
4.753009924324671509e+00
4.852738482466556036e+00
4.944728529506117631e+00
5.102577741563521840e+00
5.131486465626121429e+00
5.216817815288898430e+00
5.351543435157269712e+00
5.444979254518352185e+00
5.504976071594217757e+00
5.520297079878500490e+00
5.683393772417928425e+00
5.701940735319619868e+00
5.859474625997687092e+00
6.009423258315928607e+00
6.520055681768947231e+00
6.873309627902812302e+00
6.877316861960477645e+00
6.896530029391215066e+00
6.906133873580833971e+00
6.908243222228814595e+00
7.014683338613787456e+00
7.081131496732461450e+00
7.083461285799434570e+00
7.108207072025376050e+00
