2.263042482046743586e+01
2.262843877154402605e+01
2.261183658118699924e+01
2.255541811852497247e+01
2.251594832973159654e+01
2.239950242963521987e+01
2.236900338755895845e+01
2.226463861968958469e+01
2.222576091899343709e+01
2.221196782644718937e+01
2.218504904660107613e+01
2.216994452352260581e+01
2.215082310974799285e+01
2.204923167546132134e+01
2.196224460705118631e+01
2.195710896530422573e+01
2.180621594588791368e+01
2.177170536773302700e+01
2.173250408860094751e+01
2.162803300972432297e+01
2.158536217997058060e+01
2.156152715586169677e+01
2.146414230047065530e+01
2.143875202819128134e+01
2.136629084875094620e+01
2.123123747251193549e+01
2.112141994415718926e+01
2.101608831660383458e+01
2.095908478523972462e+01
2.079572040975911662e+01
2.078516888065461998e+01
2.076281431956254409e+01
2.073688262755420197e+01
2.070414731113955042e+01
2.066743027695973112e+01
2.058194347586608330e+01
2.054888749538717718e+01
2.051982956997361285e+01
2.051877410115035261e+01
2.051525443189805387e+01
2.044472347062387740e+01
2.039357987609464828e+01
2.027867583902140680e+01
2.019881396113980898e+01
2.014891119408342490e+01
2.004070697282369906e+01
2.001088424120184328e+01
1.999999919547255800e+01
