1.839565593083498243e+02
1.839969672644848231e+02
1.841696937770388161e+02
1.845047885463169735e+02
1.846939133309016654e+02
1.852231722076837741e+02
1.853703996781021317e+02
1.859852036937137996e+02
1.863104695228815615e+02
1.864486156289995620e+02
1.867524684676013464e+02
1.869322392842584293e+02
1.871511713937458410e+02
1.880050956633977535e+02
1.885272945117152688e+02
1.885558780474662228e+02
1.893787110476795874e+02
1.895771697083917502e+02
1.898157770929213939e+02
1.905744544523047068e+02
1.909652940529099396e+02
1.912056638087774729e+02
1.921651863559510218e+02
1.923728749672869469e+02
1.928768443955640635e+02
1.936223080006692783e+02
1.941552148375364766e+02
1.946607516051900859e+02
1.949467794801960565e+02
1.959095178727096140e+02
1.959835889478655417e+02
1.961465630672217060e+02
1.963453920566612396e+02
1.966075828975571369e+02
1.969050005006782555e+02
1.975326829214316149e+02
1.977400391515459432e+02
1.979077640318086253e+02
1.979136279780946666e+02
1.979330744422279906e+02
1.982928330067063882e+02
1.985268123378647829e+02
1.990084181912866086e+02
1.993327719141645673e+02
1.995427987439451840e+02
2.000895313750542925e+02
2.003263661871177419e+02
2.004711547694295177e+02
