1.120845448780532472e+01
1.121019168480693118e+01
1.121329553368887488e+01
1.120656974631896752e+01
1.119883360295719399e+01
1.117432481361542429e+01
1.116853741714168002e+01
1.115623738333872339e+01
1.115804144599705516e+01
1.116017785383181149e+01
1.116659345412332272e+01
1.117080143116396940e+01
1.117556391637416624e+01
1.118064339673850682e+01
1.117128684354695345e+01
1.117058636587621834e+01
1.114893582463939836e+01
1.114471133364643762e+01
1.114084193328073624e+01
1.113935638085095192e+01
1.114474027108082055e+01
1.114947047292338667e+01
1.116863151540426813e+01
1.117083494519357423e+01
1.117093231300705725e+01
1.115752785204717767e+01
1.114173458401577932e+01
1.112671345888838204e+01
1.111980748154596377e+01
1.111259608425042877e+01
1.111316176738385408e+01
1.111488891349444152e+01
1.111775907984591072e+01
1.112242071082210337e+01
1.112810823993847897e+01
1.113677649599232211e+01
1.113744731129926535e+01
1.113691841348452805e+01
1.113688165778535222e+01
1.113675079632207066e+01
1.113184229176436268e+01
1.112625987885307488e+01
1.111065198005287158e+01
1.109949407899247475e+01
1.109345162969223253e+01
1.108968873198725014e+01
1.109712896003161120e+01
1.110552945254829815e+01
