9.658715746755042186e-01
9.672309778720120654e-01
9.748552003248341924e-01
9.759621517820757930e-01
9.759741192931636888e-01
9.759639602417371496e-01
9.754005803058201085e-01
9.748942396689470602e-01
9.749417221388898547e-01
9.771301744027504066e-01
9.778310149529011452e-01
9.792848223534302843e-01
9.811806996922257662e-01
9.882643655619319789e-01
9.923468823331196287e-01
9.939529344637574315e-01
9.988617807475737020e-01
1.001275749323708997e+00
1.002494405120435639e+00
1.003447542267071002e+00
1.003668748471883365e+00
1.003238739415046377e+00
1.002095199206717080e+00
1.001971368934328810e+00
1.002040147776393830e+00
1.004253125281612924e+00
1.007931576930709561e+00
1.011404533878142331e+00
1.012438752017339683e+00
1.027192056609425919e+00
1.029286736976770200e+00
1.049980332606020861e+00
1.073328213029044020e+00
1.163897026192379558e+00
1.243303287038893368e+00
1.244468047621796414e+00
1.250078144818677517e+00
1.252874194834437960e+00
1.253485449667465002e+00
1.280571528674742332e+00
1.293392528974304012e+00
1.293799402475352744e+00
1.297977298855952144e+00
