6.452849711408998701e+01
6.453166308972245702e+01
6.454700666084134753e+01
6.458204203336568128e+01
6.460354554127508209e+01
6.466663618399982738e+01
6.468453975815285162e+01
6.475967123673450487e+01
6.479952952403780841e+01
6.481653022838938227e+01
6.485428694321701926e+01
6.487702498593884570e+01
6.490535210980260672e+01
6.502757946388926769e+01
6.511546856908971392e+01
6.512059966613905715e+01
6.528103589784383587e+01
6.532277662862134093e+01
6.537407278355439644e+01
6.554236853198243296e+01
6.563077899433586992e+01
6.568554928854055674e+01
6.590914606403741516e+01
6.595921431858121764e+01
6.608410210697874732e+01
6.627764244451400089e+01
6.642078153750743752e+01
6.655812092935296675e+01
6.663579803532553569e+01
6.689407832279421484e+01
6.691371559322348617e+01
6.695683601146460262e+01
6.700932914637272120e+01
6.707849116406860901e+01
6.715710828083571471e+01
6.732486810780466158e+01
6.738111956995908258e+01
6.742697582357800457e+01
6.742858492301465390e+01
6.743392399649593472e+01
6.753347923915119111e+01
6.759898383501742103e+01
6.773533497345404442e+01
6.782793165854960193e+01
6.788802628031912434e+01
6.804415016091009250e+01
6.811131253828766319e+01
6.815214708011669131e+01
