4.504277387255206122e+01
4.502010632861901485e+01
4.479834351478858423e+01
4.403715625106323017e+01
4.351585467066048807e+01
4.194443275463838461e+01
4.149629327644070287e+01
3.960182854594422253e+01
3.859462423294205280e+01
3.817062304915376814e+01
3.725563295938910358e+01
3.672933024235402399e+01
3.610420142268861809e+01
3.369412076955899238e+01
3.200724151481866642e+01
3.190608194671380815e+01
2.856700852379975331e+01
2.765620736887121822e+01
2.652731376194752144e+01
2.287253877180680561e+01
2.106095124628062010e+01
1.999614387821241479e+01
1.615110012244671722e+01
1.539273458040240961e+01
1.364363805819386677e+01
1.133648005929665636e+01
9.986425339948947766e+00
9.012657603314202959e+00
8.604695798193175094e+00
7.883485828756224834e+00
7.858277646650820181e+00
7.811709111683372342e+00
7.767350340490934535e+00
7.721196123738143235e+00
7.675320355667816230e+00
7.579640823595460652e+00
7.551145954903271118e+00
7.531764249344839790e+00
7.531164245961624815e+00
7.529215787958341011e+00
7.506778537737520907e+00
7.508425435503018441e+00
7.553484856553154714e+00
7.607888499230720747e+00
7.648101481391912593e+00
7.752234893277157646e+00
7.796089078819679052e+00
7.825241256305503157e+00
