2.210537500045984416e+01
2.210431665428261638e+01
2.209178889718325678e+01
2.204365085648230504e+01
2.200899990737917378e+01
2.190625004422754429e+01
2.187955091100446836e+01
2.179067740324395430e+01
2.175969310354233599e+01
2.174920089136560009e+01
2.172948495192977347e+01
2.171863742343311188e+01
2.170473321302206315e+01
2.162430448484177603e+01
2.155098011715054085e+01
2.154660411408157117e+01
2.141782448759477120e+01
2.138867110040641606e+01
2.135590610002022061e+01
2.127189116379716438e+01
2.123983460231748666e+01
2.122259632032974253e+01
2.115248475141210704e+01
2.113325657561347271e+01
2.107618186779335190e+01
2.096496778718440623e+01
2.087286105513009105e+01
2.078471494757402027e+01
2.073755631394624999e+01
2.060775319727469324e+01
2.059980839617457349e+01
2.058320500670582831e+01
2.056432478470846803e+01
2.054096473330764638e+01
2.051502592673963576e+01
2.045303229578275506e+01
2.042803133756396150e+01
2.040561583070996576e+01
2.040479474265644200e+01
2.040205340448111926e+01
2.034622328839120442e+01
2.030495454462899829e+01
2.021112699001352198e+01
2.014595367312282903e+01
2.010572191449642787e+01
2.002298986438234252e+01
2.000419124980889407e+01
1.999999921425374438e+01
