6.883905793085941696e+02
6.879725828970758812e+02
6.861751091709425054e+02
6.826778239902847645e+02
6.807138020327575987e+02
6.752865609350146769e+02
6.737954994896333574e+02
6.676397818952409580e+02
6.644192808895602411e+02
6.630580412987389991e+02
6.600781469543584308e+02
6.583247735833547267e+02
6.561994642784507050e+02
6.479983653917731772e+02
6.430132648217197584e+02
6.427402256099252327e+02
6.348578068030834629e+02
6.329513099585473128e+02
6.306587028061401270e+02
6.233864941165053324e+02
6.196584220734497421e+02
6.173706312694044982e+02
6.082130369679423438e+02
6.062104762036500460e+02
6.013005205001427385e+02
5.939053308386094159e+02
5.885526749394839499e+02
5.834611795974093411e+02
5.805852452109487558e+02
5.709593279991054260e+02
5.702212092079103058e+02
5.685971265233231406e+02
5.666143735445161838e+02
5.639941332792452613e+02
5.610083199350111727e+02
5.546307184769633523e+02
5.524944562798489187e+02
5.507542656453208565e+02
5.506932214161249703e+02
5.504906819955346009e+02
5.467155228123563120e+02
5.442311573075591014e+02
5.390467190481964508e+02
5.355051843141653762e+02
5.331932634257225345e+02
5.271231825791753636e+02
5.244801824617716193e+02
5.228637723220505222e+02
