6.512554374319734052e+02
6.514042583618120261e+02
6.520140393267924992e+02
6.531229325969422916e+02
6.537266024578365204e+02
6.553903179574908791e+02
6.558527997382768717e+02
6.577981183351716936e+02
6.588344989887759766e+02
6.592748457100479982e+02
6.602410126241680928e+02
6.608095698460189169e+02
6.614971798970466352e+02
6.641003213930130187e+02
6.656121374526088630e+02
6.656930321029528841e+02
6.679496832413012726e+02
6.684770224362703175e+02
6.691050972172224647e+02
6.710770795591957949e+02
6.720874891720037567e+02
6.727086918800715694e+02
6.751805222657141030e+02
6.757109073028137800e+02
6.769861189001381945e+02
6.788405522384791766e+02
6.801501003098890124e+02
6.813894370873980506e+02
6.820922863536949308e+02
6.844770839587489490e+02
6.846617623751052406e+02
6.850685126258451874e+02
6.855653123671789899e+02
6.862208432835792564e+02
6.869641335948123242e+02
6.885277871962241534e+02
6.890421359620814883e+02
6.894572777164260060e+02
6.894717771492336169e+02
6.895198542110144899e+02
6.904073715809962550e+02
6.909827692981117480e+02
6.921633252048690110e+02
6.929562116374386278e+02
6.934690306863689102e+02
6.948037326909959575e+02
6.953829432851052843e+02
6.957377957321921258e+02
