1.326613056317519401e+01
1.326918921035995602e+01
1.327701769689529776e+01
1.327677909207468332e+01
1.327189837549695461e+01
1.325484617644160679e+01
1.325134825503662128e+01
1.325093917535920696e+01
1.326062134660325142e+01
1.326635746737516897e+01
1.328099542823622237e+01
1.329013052408089912e+01
1.330080766056618735e+01
1.332620162104832495e+01
1.332672962924828575e+01
1.332653040792484411e+01
1.331887435963598243e+01
1.331818318009858082e+01
1.331878570947015206e+01
1.333360244053152499e+01
1.334860367689474892e+01
1.335953817099751539e+01
1.340357271214332435e+01
1.341077464803941943e+01
1.342194039735337796e+01
1.342216232799080977e+01
1.341485827464009262e+01
1.340789264310545192e+01
1.340586876182754139e+01
1.341828523521510164e+01
1.342058114672522606e+01
1.342620834526512574e+01
1.343398250435231844e+01
1.344527499067230814e+01
1.345855099640237462e+01
1.348255204642160621e+01
1.348785696612029206e+01
1.349086884653513430e+01
1.349095235866600717e+01
1.349121861145588852e+01
1.349317959561254554e+01
1.349160931941907471e+01
1.348348559340585062e+01
1.347725834123861688e+01
1.347464085928921662e+01
1.348210141331870915e+01
1.349614562638651449e+01
1.350932256612595239e+01
