1.549000285882822936e+03
1.548855478080608691e+03
1.548235805335518762e+03
1.547031824645083134e+03
1.546351396905018419e+03
1.544440721486535267e+03
1.543906544364443789e+03
1.541657390421990840e+03
1.540454117372904193e+03
1.539940405261597334e+03
1.538805614410558746e+03
1.538131493804212141e+03
1.537308204029267699e+03
1.534075863696822125e+03
1.532080641526503314e+03
1.531970945878282237e+03
1.528789887315547503e+03
1.528015999617377020e+03
1.527082352609402278e+03
1.524092573867298142e+03
1.522540703858987627e+03
1.521582333078917145e+03
1.517722379463429888e+03
1.516878706292966626e+03
1.514818344694041571e+03
1.511738105792730266e+03
1.509516059107998217e+03
1.507396381502759596e+03
1.506193059945025880e+03
1.502124938021218668e+03
1.501810789811188442e+03
1.501118937130203904e+03
1.500273583676278122e+03
1.499156462972794998e+03
1.497885627810401047e+03
1.495189269610486008e+03
1.494293906359497896e+03
1.493567939053460123e+03
1.493542529920698826e+03
1.493458252663304620e+03
1.491895394536725007e+03
1.490875220787074113e+03
1.488766705716227989e+03
1.487340689478680133e+03
1.486415057604475123e+03
1.483998598210730279e+03
1.482949365856797385e+03
1.482307368846302552e+03
