7.394403441693661705e+00
7.398092841315065726e+00
7.410335063056749938e+00
7.423606330542882326e+00
7.427766506737722096e+00
7.436172573558067711e+00
7.439025467043485662e+00
7.458795833755303306e+00
7.475000965891405613e+00
7.482868352301781378e+00
7.501475360490853284e+00
7.512853800325320464e+00
7.526544806237986052e+00
7.571069333849502314e+00
7.589331527544229239e+00
7.590179229908496694e+00
7.612231033802849822e+00
7.617830708314246024e+00
7.625196855007443375e+00
7.654851168559344998e+00
7.673838487955163323e+00
7.686385386114571894e+00
7.736302849463917219e+00
7.745742837914662893e+00
7.765018858203909247e+00
7.784091591597184667e+00
7.793273341597219073e+00
7.801740355557747364e+00
7.807510925312178607e+00
7.837281609639319413e+00
7.840303030137176776e+00
7.847268068521633388e+00
7.856269145252775310e+00
7.868724105292063342e+00
7.883138075986895643e+00
7.911509568885903398e+00
7.919501538911672078e+00
7.925288514365959713e+00
7.925479285092161597e+00
7.926106260645906509e+00
7.936132966130904798e+00
7.941146440322524924e+00
7.948894707100133239e+00
7.953756656193649910e+00
7.957690808352743339e+00
7.975724889819118424e+00
7.989418995611138996e+00
8.000285718262317047e+00
