1.111840707784678671e+03
1.112019853284804640e+03
1.112756916487128137e+03
1.114104366554500302e+03
1.114839231617512269e+03
1.116863275326791381e+03
1.117425270700809278e+03
1.119787034682184185e+03
1.121044549495073625e+03
1.121578760482756934e+03
1.122750707816034037e+03
1.123440302469996141e+03
1.124274367401817926e+03
1.127437399537970578e+03
1.129283253234644008e+03
1.129382264302109888e+03
1.132153075046862341e+03
1.132802329554774587e+03
1.133575988532090378e+03
1.136005168848816311e+03
1.137249116805066251e+03
1.138013738377775553e+03
1.141057726409061161e+03
1.141711538425716981e+03
1.143284390823672538e+03
1.145572280835072434e+03
1.147186977914183672e+03
1.148713899253255249e+03
1.149579340718218418e+03
1.152513376956791490e+03
1.152740417319972494e+03
1.153240365889743771e+03
1.153850792623515872e+03
1.154655890418397348e+03
1.155568264705665797e+03
1.157486177863517923e+03
1.158116807762429062e+03
1.158625783712751854e+03
1.158643560564083600e+03
1.158702505008074013e+03
1.159790723220148720e+03
1.160496370499221712e+03
1.161944435416704437e+03
1.162916922992802711e+03
1.163545697628777816e+03
1.165180738299266068e+03
1.165889516981788347e+03
1.166323572886679813e+03
