9.058206251178885893e+00
9.060681602889587793e+00
9.067632298502472210e+00
9.070454410999479578e+00
9.068771087372306638e+00
9.061706063950810019e+00
9.060588893301650515e+00
9.065598688591686383e+00
9.074975496405446762e+00
9.080055928362666506e+00
9.092583794036439571e+00
9.100301613024631919e+00
9.109376300931067760e+00
9.133496777427524194e+00
9.137890181564308989e+00
9.137972992285456897e+00
9.138991816908816901e+00
9.140018451454988480e+00
9.142231867151069835e+00
9.158100970554249542e+00
9.171324895766669982e+00
9.180627600274863909e+00
9.217980572005940232e+00
9.224450817761830734e+00
9.235788995343419572e+00
9.241300331234032939e+00
9.240079381103777578e+00
9.238881330402342940e+00
9.239515883993229650e+00
9.254822750303189238e+00
9.256917578558379489e+00
9.261919583723850380e+00
9.268641387203693682e+00
9.278211384118916882e+00
9.289375400844338770e+00
9.310142898697943536e+00
9.315194895485067406e+00
9.318401936375739325e+00
9.318499090820068886e+00
9.318813935196384790e+00
9.322603451676506836e+00
9.323116262093666506e+00
9.320822423340832330e+00
9.318765596891054770e+00
9.318407170684780638e+00
9.327273463309767365e+00
9.338532783328316711e+00
9.348565444131573088e+00
